    Object      Image   Exp_time               RA              DEC             time       filter
      3330   1658258p        287 21.2143128682339004 12.3099260721141999 56574.3930668   r.MP9601
     54286   1671904p        387 24.3718488009406009 12.7213354593861006 56625.2644976   r.MP9601
     54286   1672411p        287 23.8658206594945987 12.6452977121243997 56630.3982059   r.MP9601
     54286   1681670p        287 23.2067030134335006 12.8329356303030995 56655.2635904   r.MP9601
     54286   1681856p        387 23.2450923139500993 12.8632364149846001 56656.3691284   r.MP9601
     54286   1681949p        287 23.3711137340490005 12.9510209630632005 56659.2493737   r.MP9601
     54286   1681961p        287 23.3735246621740984 12.9525759790354993 56659.2964162   r.MP9601
     54286   1681962p        387 23.3738553376137013 12.9527892602134003 56659.3028684   r.MP9601
     54286   1682229p        287 23.4217403192246998 12.9833895551404996 56660.2193742   r.MP9601
     54286   1682239p        287 23.4240917004220002 12.9848510652581002 56660.2618051   r.MP9601
     54286   1682252p        387 23.4279106634973999 12.9872247565932000 56660.3307187   r.MP9601
     54286   1682253p        387 23.4282397095261992 12.9874292764305999 56660.3366564   r.MP9601
     54286   1682254p        387 23.4285783170853001 12.9876397392743996 56660.3427666   r.MP9601
     54286   1682255p        387 23.4289196750018007 12.9878519116135003 56660.3489265   r.MP9601
     65246   1698853p        287 217.2451157302189984 -13.7641554574609994 56752.5411908   r.MP9601
     92185   1631350p        287 213.0799035477809866 -12.4201574619933997 56455.3512972   r.MP9601
     92185   1631361p        287 213.0758903184699875 -12.4203177445772006 56455.3956831   r.MP9601
     92185   1635772p        287 212.1530117808559908 -12.8113841186985002 56477.3075455   r.MP9601
     92185   1636130p        287 212.1747072592069969 -12.8786237365118996 56479.3153185   r.MP9601
    115889   1729260p        287 21.7740431069239015 13.4627707271384001 56863.5324452   r.MP9601
    115889   1729270p        287 21.7824330352746003 13.4691729589651992 56863.5740481   r.MP9601
    115889   1729280p        287 21.7908251966002986 13.4755768947426997 56863.6156621   r.MP9601
    118441   1698082p        287 211.6254401390980036 -11.6572548755887002 56742.5108342   r.MP9601
    118441   1698183p        287 211.4857874656190120 -11.6710195433912993 56743.4167376   r.MP9601
    155536   1611937p        287 217.2198655094940136 -14.0285381560989002 56358.5668216   r.MP9601
    155536   1611949p        287 217.2166889973289869 -14.0289127108214000 56358.618683   r.MP9601
    155536   1615913p        287 213.8036713942659901 -13.7362769046356004 56386.4416994   r.MP9601
    155536   1615923p        287 213.7966359229060060 -13.7351971200621996 56386.4821913   r.MP9601
    155536   1615933p        287 213.7896090067860086 -13.7341186485235003 56386.522634   r.MP9601
    155536   1616201p        287 213.4202316250299987 -13.6767420554311006 56388.6149863   r.MP9601
    155536   1616499p        287 213.0959459956889930 -13.6242709609108008 56390.4039309   r.MP9601
    160132   1721592p        287 231.8845122638599889 -11.4173944743905995 56830.3098645   r.MP9601
    160132   1721603p        287 231.8793209129420063 -11.4182626728259997 56830.3526798   r.MP9601
    160132   1728592p        287 230.1366413039870054 -12.3702246416009007 56857.2782609   r.MP9601
    189921   1728797p        287 12.9574045830495006 3.3174452922551700 56861.5754007   r.MP9601
    189921   1729708p        287 13.4113904578010992 3.7259720470579998 56865.5560206   r.MP9601
    189921   1734918p        387 13.9808852251803994 5.6849755468404997 56891.6084468   r.MP9601
    189948   1645496p        287 245.9544864988629911 -12.2825016941638996 56508.3206572   r.MP9601
    189948   1729488p        287 27.8789372028522990 16.1470700595025001 56864.5454439   r.MP9601
    189948   1729488p        287 27.8789372028522990 16.1470700595025001 56864.5454439   r.MP9601
    189948   1729499p        287 27.8878343903680985 16.1496995926549012 56864.5886691   r.MP9601
    202404   1657654p        287 14.0961778040376995 3.9688007970243300 56570.3712279   r.MP9601
    202404   1657655p        287 14.0952901010077003 3.9682160739758601 56570.3763248   r.MP9601
    202404   1657922p        287 13.9200572803017000 3.8529987554155301 56571.379721   r.MP9601
    202404   1657938p        287 13.9087638821001001 3.8455950074258598 56571.4441014   r.MP9601
    202404   1658280p        287 13.3723971999512994 3.4945251724147699 56574.504149   r.MP9601
    202404   1658281p        287 13.3715819830238996 3.4939933127567002 56574.5087963   r.MP9601
    215133   1686683p        387 218.6799905221949984 -15.1234987362926994 56689.6327123   r.MP9601
    215133   1686792p        387 218.8044289272700098 -15.1393549346843006 56690.6305048   r.MP9601
    215133   1686859p        387 218.9187789172000009 -15.1529882598374996 56691.5751547   r.MP9601
    215133   1704647p        387 214.2458278839550019 -10.9192544962337994 56776.3403081   r.MP9601
    215133   1704648p        387 214.2449211730859986 -10.9187829506124991 56776.3453453   r.MP9601
    215133   1704655p        387 214.2385573651750121 -10.9154733776707999 56776.3806998   r.MP9601
    215133   1704656p        387 214.2376497130869950 -10.9150013425573000 56776.3857423   r.MP9601
    215133   1704663p        387 214.2312937046650063 -10.9116958258313996 56776.4210535   r.MP9601
    215133   1704664p        387 214.2301414779549873 -10.9110965968175009 56776.4274548   r.MP9601
    215133   1704665p        387 214.2292199762889879 -10.9106173590683007 56776.4325742   r.MP9601
    231017   1757796p        500 46.1967541026800035 16.6558976239968999 56984.3973795   r.MP9601
    242069   1645759p        287 11.0688441248654996 1.6267528689501201 56509.4970527   r.MP9601
    242069   1645772p        287 11.0709070782151002 1.6302133068268301 56509.5502902   r.MP9601
    242069   1646268p        287 11.1576337671131007 1.8128686158182801 56512.4759396   r.MP9601
    242069   1646278p        287 11.1584263085011006 1.8151869341642399 56512.514758   r.MP9601
    242832   1728791p        287 14.8887786036496994 4.7140405350753198 56861.5519312   r.MP9601
    242832   1729702p        287 15.1316594112855007 4.6667382272639601 56865.531114   r.MP9601
    246982   1723210p        287 241.5097892864289975 -14.2095023335561006 56838.4310524   r.MP9601
    246982   1723396p        287 241.3826452789170105 -14.2324172632277008 56839.3988753   r.MP9601
    249235   1691927p        387 240.1166084184380054 -14.4208854936227997 56713.6303013   r.MP9601
    249235   1692360p        387 240.3898518165279938 -14.4665068664250001 56716.6484944   r.MP9601
    254257   1698689p        287 216.7641118602979873 -13.6630594455929995 56751.4272303   r.MP9601
    254257   1698699p        287 216.7587460841220093 -13.6594604493774998 56751.4664921   r.MP9601
    258651   1691691p        387 238.3378912293619862 -12.2831391012427993 56712.6416609   r.MP9601
    258651   1692355p        387 239.0741760506440130 -12.1219849026576991 56716.6232761   r.MP9601
    258651   1692651p        387 240.0221646111180007 -11.8316907383967997 56722.5407904   r.MP9601
    287936   1751559p        287 21.0248280574833011 13.6099563628461002 56952.4410317   r.MP9601
    287936   1751569p        287 21.0182657658994003 13.6040503004205995 56952.4804054   r.MP9601
    287936   1751579p        287 21.0117796956334999 13.5982128371811992 56952.5193218   r.MP9601
    287936   1751805p        387 20.8592547926931005 13.4598254532096995 56953.4410876   r.MP9601
    287936   1752105p        387 20.5336100727040005 13.1587813356474008 56955.446187   r.MP9601
    304757   1691929p        387 241.4253436137290123 -13.9068060707755006 56713.6403834   r.MP9601
    304757   1692663p        387 242.2654285925700037 -14.0161780835040002 56722.6012844   r.MP9601
    304757   1692837p        387 242.3350752667190022 -14.0242016931529001 56723.575932   r.MP9601
    304757   1704851p        287 238.9940693127479960 -13.6398422577908995 56777.4364421   r.MP9601
    304757   1704864p        287 238.9848986901089916 -13.6390726950518992 56777.4877463   r.MP9601
    304757   1704877p        287 238.9756494693060063 -13.6382965366628994 56777.5394901   r.MP9601
    304757   1705715p        287 238.0591401133810052 -13.5647098631865006 56782.4914055   r.MP9601
    304757   1705893p        287 237.8811336204890097 -13.5512777508686995 56783.4196097   r.MP9601
    304757   1705894p        287 237.8803817437170096 -13.5512225374555992 56783.4235072   r.MP9601
    304757   1705895p        287 237.8780983672340028 -13.5510548597008995 56783.4353432   r.MP9601
    304757   1705896p        287 237.8773177363279956 -13.5509975347530993 56783.4393897   r.MP9601
    304757   1705908p        287 237.8682739168150135 -13.5503334097780996 56783.4862691   r.MP9601
    304757   1705909p        287 237.8675088649719953 -13.5502772288652000 56783.4902348   r.MP9601
    304757   1705923p        287 237.8535827324720060 -13.5492545755066995 56783.5624221   r.MP9601
    304757   1705924p        287 237.8528337575889964 -13.5491995751913006 56783.5663045   r.MP9601
    304757   1716713p        287 233.1008565583250061 -13.3213569450034992 56807.3893747   r.MP9601
    304757   1716959p        287 232.9082937438280112 -13.3193233739290005 56808.4059756   r.MP9601
    318255   1645495p        287 246.0719253008720102 -12.9305070136334006 56508.316761   r.MP9601
    318255   1646368p        287 246.2122249173519890 -13.0646096196239991 56513.2818536   r.MP9601
    329647   1734908p        287 16.6197546190833982 3.6322312960971601 56891.5603804   r.MP9601
    329647   1736286p        287 16.3133724427821001 3.9118375222387498 56897.4223208   r.MP9601
    333502   1645758p        287 12.9074259237450999 4.8829260593664401 56509.4931443   r.MP9601
    333502   1645770p        287 12.9064769935179005 4.8838413395855902 56509.5416003   r.MP9601
    333502   1645771p        287 12.9063843852133999 4.8839306639076696 56509.5463293   r.MP9601
    361515   1631353p        287 213.7774254862499959 -12.0364205678472000 56455.3635298   r.MP9601
    361515   1631364p        287 213.7769013864439955 -12.0337127188505004 56455.4084526   r.MP9601
    361515   1635780p        287 214.9131435711969971 -11.3609133531065005 56477.3389911   r.MP9601
    363057   1631617p        287 212.2969560223579890 -12.8043425312918995 56456.2861755   r.MP9601
    363057   1631627p        287 212.2962312046450108 -12.8023647341225999 56456.3266304   r.MP9601
    363057   1635773p        287 213.0502684090139951 -12.2738389028148003 56477.3114214   r.MP9601
    363057   1636134p        287 213.2375408237149941 -12.2728656848381004 56479.3309236   r.MP9601
    363057   1645482p        287 217.7834929103420052 -13.0173595698810995 56508.2636027   r.MP9601
    363057   1646182p        287 218.6488510482130039 -13.2075723833397003 56512.2696122   r.MP9601
    363444   1645168p        287 216.1322100988149941 -14.1559810422957000 56506.2784819   r.MP9601
    363444   1645823p        287 217.0094326108990117 -14.3031514698619002 56510.2593423   r.MP9601
    363444   1645955p        287 217.2396541311169926 -14.3434350929429009 56511.259232   r.MP9601
    365459   1616499p        287 212.6141765400109875 -13.6006385725856003 56390.4039309   r.MP9601
    368147   1645495p        287 245.6071702930520075 -13.4590250081950007 56508.316761   r.MP9601
    368147   1646368p        287 246.2254746295070049 -13.5705362593106997 56513.2818536   r.MP9601
    372278   1651056p        287 12.6031963795518998 2.5003002414170701 56535.5491304   r.MP9601
    372278   1651067p        287 12.5974984390577998 2.5005680933206502 56535.5929607   r.MP9601
    372278   1651068p        287 12.5968789485491008 2.5005972146693400 56535.597726   r.MP9601
    372278   1651069p        287 12.5962121438519006 2.5006285601893001 56535.6028553   r.MP9601
    372278   1651070p        287 12.5955925723414008 2.5006576853457800 56535.6076212   r.MP9601
    372278   1651071p        287 12.5949498915496996 2.5006878968359798 56535.6125649   r.MP9601
    372278   1651166p        287 12.4853261265831996 2.5049885123506699 56536.4349153   r.MP9601
    372278   1651176p        287 12.4800170274360003 2.5051616939742298 56536.4738811   r.MP9601
    372278   1651843p        287 11.9014669812637006 2.5100275184833500 56540.4144191   r.MP9601
    372278   1651853p        287 11.8953226690034999 2.5099520620170002 56540.4532252   r.MP9601
    376328   1667733p        287 15.2975829097973008 5.3799977201048703 56596.254458   r.MP9601
    376328   1667744p        287 15.2903471966225002 5.3786365463393198 56596.2974424   r.MP9601
    376328   1667755p        287 15.2831555528461003 5.3772836628566303 56596.340165   r.MP9601
    376328   1667864p        287 15.1255691295740995 5.3477187350395701 56597.2811942   r.MP9601
    376328   1667893p        387 15.1045004403953005 5.3437915738324397 56597.4085616   r.MP9601
    376328   1668257p        287 14.4613886180463993 5.2290034453157004 56601.4471785   r.MP9601
    376623   1723123p        287 31.0453696132200996 18.5992595968298993 56837.5931655   r.MP9601
    376623   1723271p        287 31.2622073929445001 18.7087804623222986 56838.6103877   r.MP9601
