10
100
108
538
758
1107
1109
1209
1561
1599
1611
2436
2615
3319
3626
4530
4687
4848
5116
5155
5265
5295
5715
5794
6080
6150
6385
6415
6575
6644
6654
6688
7115
7279
7366
7847
7856
8128
8150
8203
8330
8354
8473
8489
8601
8621
8622
8623
8629
8678
8680
8696
8746
8758
8814
8834
8839
9164
9411
9441
9478
9544
9918
10316
10540
10623
10628
10695
10806
10809
10817
11071
11115
11132
11381
11389
11588
11753
11758
11766
11972
11995
12046
12133
12287
12292
12493
12542
12554
12566
12759
13227
13267
13313
13322
13456
13753
13986
14077
14170
14176
14265
14325
14479
14541
14867
14889
14976
15005
15050
15052
15058
15134
15191
15487
15731
15753
15755
15770
15945
16001
16093
16153
16181
16200
16314
16339
16379
16390
16450
16454
16509
16569
16607
16622
16623
16922
17087
17195
17316
17337
17349
17434
17470
17571
17616
17673
17691
17692
17822
17853
18257
18452
18558
18565
18727
18894
18941
19074
19110
19713
19867
19870
20063
20399
20402
20410
20414
20509
20546
20547
20622
20660
20695
20740
20823
20960
20997
21019
21223
21583
21811
21835
22062
22206
22344
22652
22662
22664
22703
22943
22965
23001
23012
23070
23072
23095
23115
23132
23442
23703
23877
23916
24194
24199
24338
24358
24595
24818
24956
24962
25245
25651
25777
25803
25804
25826
25829
26185
26570
26609
26625
26719
26877
27157
27195
27370
27433
27624
27728
27915
28002
28040
28875
29019
29046
29119
29254
29410
29414
29848
29965
30441
30682
30756
30900
30908
30983
31079
31207
31211
31255
31274
31321
31328
31579
31583
31659
31707
31712
31726
32086
32337
32364
32391
32403
32432
32454
32808
32839
32905
33175
33196
33200
33252
33267
33286
33315
33734
33771
33932
34075
34254
34260
34300
34320
34352
34396
34420
34430
34635
34749
34818
34828
34940
34987
35047
35093
35340
35349
35350
35557
35651
35655
36067
36083
36109
36212
36217
36219
36221
36222
36226
36228
36232
36241
36451
36483
36785
36878
37135
37157
37255
37421
37770
38041
38262
38364
38541
38567
38571
38583
38605
39034
39147
39159
39400
39786
40119
40190
40195
40209
40220
40242
40426
40718
40788
40917
41012
41023
41058
41092
41149
41166
41182
41356
41480
41585
41613
41904
42150
42175
42240
42380
42772
43111
43119
43214
43267
43544
43657
43733
43770
43801
44009
44017
44500
44508
44568
45306
45381
45556
45605
45644
45717
45734
46250
46427
46431
46519
46733
46736
46742
46743
47102
47123
47534
47554
47556
47600
47601
47811
47892
47949
48317
48339
48482
48500
48515
48715
48817
49538
49604
49605
50414
50422
50582
50716
50996
50999
51107
51128
51158
51210
51214
51241
51320
51322
51612
51859
51889
51894
51906
51953
52180
52356
52537
52545
52548
52674
52707
52719
52735
53117
53260
53398
54268
54325
54534
55007
55211
55239
55256
55306
55307
55334
55354
55402
55421
55533
55682
55696
55698
55963
56871
56889
57028
57029
57471
57641
57716
57842
57956
58123
58135
58226
58327
58403
58543
58616
58744
58796
58808
58853
58895
58988
59150
59452
59779
59810
59854
59895
59905
59911
60021
60026
60029
60036
60109
60123
60153
60163
60208
60253
60258
60359
60725
60822
60902
61418
61438
61567
61576
61582
61595
61616
61642
61924
61935
62008
62038
62053
62054
62165
62297
62330
62412
62588
62807
62829
62846
62859
62862
62934
62985
63022
63045
63183
63251
63266
63305
63350
63542
63888
63977
64004
64094
64421
64532
64540
64700
64723
64759
64990
65015
65029
65061
65110
65129
65195
65269
65315
65387
65508
65582
66004
66028
66060
66080
66085
66125
66138
66161
67176
67190
67191
67210
67817
67916
68283
68432
68945
69876
69904
69919
69981
71116
71321
71386
71497
71505
71529
71568
71582
71588
71595
71600
71608
71609
71620
71628
71629
71634
71649
71684
71686
71695
71705
72319
72558
72602
72616
72622
72632
72666
72682
72725
72763
72830
72842
72884
72889
73281
73413
73496
73500
73721
73757
73847
73943
73947
73967
74419
74445
74470
74507
75980
76017
76059
76194
76331
76390
76519
76521
76622
76678
77089
77202
77777
77847
77888
78142
78251
78278
78301
78346
78349
78350
78364
78453
78528
78607
78619
78656
78706
78741
78743
78744
78811
78823
78959
79159
79161
79180
79488
79509
80039
80080
81821
81891
81910
81995
81997
82000
82010
82026
82028
82036
82046
82463
82608
82949
83004
83007
83021
83031
83066
83101
83108
83204
83364
83484
83505
83563
83677
83825
83858
83860
83879
83942
83948
83952
84232
84297
84324
84420
84424
84606
84743
84765
84788
84976
85026
85081
85147
85208
85282
85287
85323
85458
85607
85610
85620
85969
86064
86070
86088
86100
86139
86146
86188
86221
86235
86240
86242
86247
86251
86262
86290
86305
86323
86398
87242
87409
87439
87532
87759
87813
87816
87879
88041
88109
88202
88204
88255
88802
89310
89645
89745
89796
89803
89902
89999
90275
90443
90534
90641
90762
90763
90814
90858
91169
91178
91190
91611
91695
91705
91720
91883
91884
91900
91913
91957
91977
91981
92024
92029
92144
92165
92188
92191
92195
92208
92213
92237
94320
94321
94327
94328
95503
95526
95538
96128
96509
96555
96557
96566
96570
96575
96595
96604
97237
97345
97360
97434
97443
97464
97551
97557
97585
97588
97595
97640
97650
97662
97675
97678
97691
97694
97698
97714
97717
99239
99386
99785
99829
99889
100122
100406
100617
100623
100663
100862
100896
101770
101783
101903
101979
102018
102084
102094
102642
104034
104169
104312
104331
104372
104377
104547
104663
104752
105346
105520
105663
105707
105714
105765
105818
105835
105861
105913
105960
105995
106167
106168
106223
106234
106276
106278
106282
106320
106328
106371
106415
106416
106427
106443
106486
106571
106575
106595
106738
106944
106969
107011
108036
108861
109026
109103
109444
109610
109732
109733
109759
109960
109978
109989
110001
110108
110115
110251
110350
110505
110740
110797
110845
111184
111406
111565
111674
111742
111775
111778
112051
112573
112672
112681
112726
112795
112819
112990
113059
113060
113178
113279
113449
113466
113498
113555
113617
113655
113714
113848
114043
114044
114063
114072
114162
114177
114225
114576
114624
114663
114727
114825
114865
114969
115217
115230
115231
115281
115385
115471
115622
115676
115701
115831
115849
115939
116062
116096
116228
116333
116346
116553
116934
116994
117007
117028
117049
117063
117066
117097
117239
117338
117579
117593
117598
117941
117956
118020
118138
118236
118402
118419
118426
118433
118464
118927
118934
118939
118954
118999
119025
119038
119759
119785
119801
119869
119931
120172
120524
120892
121354
121419
121485
121602
121619
121654
121666
121696
121704
121715
121723
121724
121763
121773
121775
121844
121923
121933
123612
123740
123774
123840
123865
123875
123945
123961
123974
124010
124037
124087
124123
124129
125539
126649
126741
126744
127300
127305
127418
127437
127438
127450
127497
128038
128097
128100
128146
128169
128186
128202
128218
128226
128470
128546
128627
128683
128949
129291
129370
129412
129700
130240
130263
130313
130376
131352
132663
132755
132832
132858
132866
132889
132935
132941
132976
132983
133327
133505
133574
133629
133657
133700
133754
133805
134022
134075
134091
134133
134172
134186
134872
135253
135297
135359
135411
135430
135507
136068
136113
136372
136514
136622
136624
136630
136633
136746
136747
136753
138693
138710
138714
138718
138749
138821
138904
138908
139385
139720
139868
140259
140396
140509
140621
140712
140759
140791
140802
140881
140930
140966
141035
141061
141126
141128
141144
141167
141184
141195
141228
141238
141267
141293
141302
141308
141317
141321
141329
141342
141351
141365
141368
141374
141404
141440
141465
141504
141544
142243
143472
143474
143522
143556
143584
143601
143603
144275
144573
144683
144847
144880
145401
145448
145499
145644
145652
145696
145884
146202
146216
146219
146229
146264
146271
146879
146890
147415
147971
148132
148418
148446
149061
149094
149111
149140
149153
149169
149172
149179
149689
149934
149972
150289
150294
150321
150542
151329
151390
151399
151434
151472
151485
151489
151498
151503
152102
152131
152166
152208
152226
152260
152376
152491
152615
152707
152709
152729
152804
153218
153245
153247
153283
153295
153298
154147
154227
154239
154250
154622
154818
154869
154919
154955
154965
155242
155312
155573
156704
156712
157009
157036
157038
157046
157055
157077
157274
157368
157742
157744
157866
158128
158130
158134
158149
158407
158590
158765
158788
158823
158982
159288
159519
159526
159827
159837
159838
159840
159851
160007
160153
160364
160882
160884
161162
161173
161216
161723
161830
162952
162985
162989
163002
163440
163490
163515
163530
163617
163648
163653
163695
164109
164175
164365
164575
164659
165114
165120
165698
165703
165704
165725
165813
165818
165828
165849
165851
165854
165868
165871
165873
165903
165905
165910
165952
165960
166671
166756
166765
166771
166801
166802
166815
166827
166890
166903
167576
167833
167842
168015
168063
168324
168325
168327
168352
169151
169174
169199
169250
169252
169283
169315
169346
169369
169371
169976
170168
170767
170777
170829
170864
171237
171372
171906
171924
171947
171984
171986
171998
172005
172070
172413
172924
172949
172968
173015
173023
173044
173932
173997
174008
174045
174057
174473
174558
175105
175358
175367
175419
175451
176037
176371
176491
176492
176510
176515
176564
176583
177038
177087
177111
177624
177641
177811
177826
177861
177894
177905
178103
178197
178351
178371
178472
178490
178519
178748
178755
178764
179411
179421
179479
179480
179499
179504
179577
180746
180754
180768
180786
180790
181019
181065
181071
181212
181251
181264
181749
181794
181921
181941
181953
181982
181993
182184
182201
182224
182497
182852
182862
182870
182873
182874
182889
182896
182939
183562
184182
184208
184235
184236
184243
184639
184659
184804
184811
184842
184876
184886
184924
184965
185482
185767
185789
185812
185816
185947
186366
186369
186373
186924
187181
187321
187400
187403
187644
187660
187790
187825
188129
188166
188347
189070
189203
189504
189511
189893
189909
189917
190251
190307
191195
191196
191197
191415
191489
191503
191516
191538
191564
191999
192205
192334
192426
192454
192581
192971
193065
193132
193145
193826
195693
195708
195769
195774
195853
195879
195931
195954
195978
196100
196106
196186
197055
197095
197152
197174
197221
197404
197405
197409
197416
197425
197437
197447
197465
197517
198645
198707
198721
198731
198751
198796
198801
198816
198823
198824
199425
199555
199611
199636
199666
199939
200340
200611
201246
201329
201361
201365
201724
201828
201840
201906
201907
201917
202328
202368
202567
202770
203239
203243
203266
203270
203790
203845
203859
204191
204217
204223
204530
204533
204553
205455
205509
205557
205580
206119
206198
206249
206830
206836
206846
207349
207617
207619
207624
207778
207789
207997
208443
208475
208483
208511
208989
209480
209885
209896
209899
210190
210506
210666
210955
210982
210994
211447
211889
212301
212314
212325
212477
212536
212630
212768
212903
212930
212999
213023
213416
213772
213791
214102
214427
214487
214500
214638
214732
214748
214829
214846
214852
215361
215573
215812
215971
216431
217342
217367
217393
217477
217632
217641
217663
218075
218086
218524
218574
218807
218808
219119
219289
219294
219316
219503
219944
220183
220408
220683
220789
220800
220840
220867
220880
221434
221450
221709
221755
222037
222173
222192
222199
222910
223052
223326
223340
223406
223409
223428
223445
223446
223874
223898
223942
223945
223991
224604
224748
224960
224977
225005
226409
226448
226468
226471
226484
226486
226491
226500
226522
226538
226828
226988
227021
227033
227063
227733
227982
227992
228411
228719
228912
228936
228965
228966
228974
228975
229017
229263
229277
229802
229872
230022
230467
230679
230710
230720
230770
230777
230938
231035
231036
231046
231386
231472
231586
231655
231736
232067
232315
232317
232326
232340
232662
232680
232714
232937
232989
233020
233439
233476
233481
233624
233802
234135
234232
234426
234462
234561
234969
235515
235531
235535
235554
235916
236018
236028
236062
236072
236078
236092
236693
236756
236803
236844
236855
236889
236943
236957
237170
237229
237296
237326
237693
237750
238418
238660
238739
239232
239233
239237
239241
239245
239377
239723
239987
240016
240064
240515
240714
240723
240747
240764
240771
241063
241494
242119
242136
242195
242393
242587
242727
242801
242854
242977
243004
243016
243385
243390
243463
243502
243510
243669
244156
245027
245055
245125
245434
245454
246345
246346
246716
246774
246821
247182
247424
247533
248146
248258
248283
248393
248404
248405
248439
248442
248443
248546
248570
248832
248961
249163
249227
249272
249309
249328
249442
249449
249467
249504
249640
249656
250798
250805
250809
250814
250816
250840
250842
250843
250852
250871
250896
251455
251540
251932
252147
252169
252195
252777
252839
253398
254136
254138
254181
254189
254195
254239
254265
254306
254318
254335
254551
255027
255123
255171
255292
255310
255377
255407
255465
255510
255512
255513
256139
256382
256482
256507
256519
256931
257074
257091
257377
257475
257699
258523
258622
258783
258785
259402
259475
259577
259583
260285
260291
260347
260392
260395
260409
260425
260444
261125
261154
261164
261242
261493
261626
261666
261705
261737
261761
261817
262726
262764
263013
263031
263040
263063
263775
263867
264001
264006
264054
264063
264106
264183
264265
264389
264863
264872
265074
265115
265136
265137
265922
265967
265994
266027
266441
266442
266636
266641
266722
266754
266811
266834
266902
267529
267549
267780
267814
267860
267873
267888
268219
268238
268684
268691
269568
270559
270791
270818
270881
270904
271207
271251
271324
271355
271360
271768
272006
272009
272013
272016
272089
272091
273191
273244
274015
274016
274033
274249
274425
274609
274687
274688
274723
274746
274767
274781
274958
275015
275167
275172
275285
275895
276262
276399
276557
277060
277138
277394
277524
278244
278456
278878
279198
279374
279379
279414
279456
279572
279693
279941
280007
280166
280423
280626
280678
280733
280738
280786
281338
281343
281785
282512
282835
282866
283516
283517
284373
284632
284979
285324
285402
285584
285945
286206
286230
286244
286307
286537
286728
287836
287859
288011
288019
288601
288774
288825
288900
288917
288981
289077
289095
290029
290294
290450
290699
290735
290756
290913
290998
291045
291203
291222
291240
291291
291381
292143
292150
292210
292272
292276
292314
292387
292435
292573
292624
292632
292726
292750
292955
293042
293350
293514
293556
293571
294632
294845
295183
295192
295206
295216
295330
295375
295519
295524
295903
295918
295964
296260
296300
296502
296554
296998
297148
297506
297889
297890
299325
299826
299860
299934
300020
300021
300076
300090
300157
300190
300203
300232
300875
300952
300953
300984
301424
301505
301543
301560
301573
302329
302430
302449
302464
302467
302509
303707
303751
303780
303781
303797
303800
303835
303870
303876
303897
303936
304494
304495
304677
304754
305388
305415
305420
305423
305477
305494
308347
308355
308388
308418
308451
308485
308511
308530
308537
308542
308547
308579
309131
309161
309170
309624
309667
309720
310043
310100
310294
311119
311181
311401
311402
311420
311437
311487
311528
311544
311970
311976
311984
312720
312769
312892
312929
312989
314524
314530
314546
314590
315147
315157
316097
316103
316208
316335
316371
316470
317433
317917
318336
318363
319138
319139
319318
319348
319354
319612
319675
319952
320164
320204
320214
321004
321030
321099
321107
321324
321499
321524
321571
321713
321989
322003
322150
322261
322265
322984
323255
323347
323594
323620
323627
324178
324214
324254
324267
324270
325373
325457
325486
325560
325628
325689
325729
325990
326189
326546
326561
326868
327613
328751
328850
329070
329354
329468
329477
329487
329488
329505
329715
330117
330195
330204
330741
330772
330773
330790
331012
331189
331276
331308
331372
331586
331720
331861
332629
332660
332927
333227
333239
333374
333752
333829
334199
334234
334276
335853
335953
335993
336004
336021
336023
336032
336702
336714
336733
336888
336911
336980
336992
337871
337908
337916
339035
340595
340672
340741
340807
340812
340842
341301
341427
341472
341751
341760
341821
342101
342357
343083
343094
343096
343110
343149
343676
344351
344569
345121
345569
345660
345668
345670
345681
345966
345998
346116
346226
346806
346874
347066
347310
347327
347475
348458
348866
348903
348924
349220
349238
349421
350022
350232
350250
350990
351473
351493
351989
352002
352011
352058
352086
352087
352111
352558
352580
352626
353533
353658
353872
353881
354147
354172
354189
354754
355217
355245
355650
355693
355695
355698
355709
356357
356715
356763
356769
356777
356860
356968
357796
357820
357847
358387
358457
358893
358923
358947
359341
359955
359978
359992
360519
360741
361467
361481
361917
362273
362510
362805
362907
363342
363425
363461
364046
364490
364520
364554
364556
364559
365326
365692
366029
366040
366534
366546
366683
367244
367245
367425
367432
367435
367870
368025
368390
368987
369189
369222
369223
370294
370342
370413
370423
370618
371289
371321
371806
372095
372101
372174
372175
372234
372320
372961
373070
373308
373745
373780
373804
374635
374639
375067
375562
375609
375646
376274
376597
376624
376671
376868
377503
377534
378397
378425
378428
378463
378465
378483
378506
378509
378519
378940
378966
379113
379717
379982
380252
381211
381254
381265
381636
381673
382063
382215
382451
382513
383380
384127
384195
384239
384553
384660
384845
384868
384950
385081
385125
385152
385908
386416
386500
386842
386955
387123
387161
387253
387467
388127
388398
388405
388690
389774
389799
389923
390258
390440
390730
390972
391091
391276
391334
391675
391694
391721
391742
391763
392144
392980
392994
393032
