1128
2169
2852
7817
8008
8818
10533
11879
12382
13741
14008
15045
18274
21710
21897
22237
24162
24783
29249
30680
32598
33699
34017
34646
41150
43124
47622
48284
48698
52106
53227
55197
55281
57429
59884
60782
61838
62255
64845
65888
66698
66884
72402
72601
73790
74375
75974
81368
81508
82840
83109
84813
85074
85266
86725
88867
89154
89849
93734
95304
99131
99143
99903
100420
103494
103740
104460
104724
105903
106112
110258
110625
111374
113504
115504
115729
115983
116138
116446
117619
117702
119355
120105
120605
120663
121123
121519
125794
128647
129318
130221
131220
133258
133710
136171
136198
136772
136774
139922
140590
145203
145581
146656
146678
146731
146732
147743
147800
147809
148887
151325
152350
152379
152475
154066
154106
155144
157378
157428
157441
158533
158940
158986
159042
159220
159429
159891
161391
161808
164080
164584
164993
166492
166496
166530
166750
171644
172258
172875
173760
176336
178239
178355
179107
181614
182671
183405
184587
184767
185078
185209
185405
185500
185533
187345
188702
188732
188768
190304
191793
191812
191846
192074
192321
192822
196711
196771
196832
198301
198472
199550
199738
199768
201646
201672
201948
202586
203712
203735
203736
204853
205141
206117
207814
207934
208151
209728
209808
209867
210253
210261
210280
210365
211209
211382
212191
212523
212961
213312
213693
213736
214621
214622
214630
214640
214671
216123
216364
217440
218769
219040
219833
221383
223707
223729
223801
224623
224949
226911
227457
227563
227564
227956
227957
227989
229166
229817
231305
231770
232147
232524
232912
233361
233454
233807
233850
233869
234020
234865
236564
237039
237340
238638
238669
239058
239152
241156
241450
241835
243007
243059
243155
245934
246435
246644
246669
246852
246931
247367
248441
248798
248806
249960
250672
251471
252566
252570
254852
254867
255006
255045
256236
257040
257068
260980
261002
261043
261228
265400
265778
268080
268156
269570
272892
272936
272983
273031
273074
273081
274971
275013
275033
275378
276138
277536
277549
277552
277656
277690
277736
277761
277804
278850
278906
279212
280155
280398
281693
281878
281986
282390
285138
288172
288467
288598
289932
289970
290482
290516
290634
290645
290771
291682
291697
292022
293889
294332
294768
294770
295103
295639
295892
296761
296840
298262
299218
300063
300653
301464
304230
305862
308902
308908
308923
308924
309020
310302
311685
311711
311864
312933
315826
315827
316231
316418
317205
318302
318488
318745
318756
318830
318873
318923
318941
318948
318957
320028
320161
320287
320394
321753
322441
322491
322916
323951
330679
330930
331021
331349
331994
334848
335177
336283
338675
338684
341187
342909
343372
343478
345914
345972
346691
346752
346792
346797
347084
347442
348105
349350
351877
353476
353674
353679
354323
356669
359447
360043
361290
361293
361384
369379
371239
372707
374614
375012
376172
376249
376278
377880
378771
380912
380915
382221
382359
382815
385019
387054
387158
387333
387640
388630
389538
390050
390209
391637
392969
