1303
11911
16794
17840
33292
34984
41188
42076
44492
48296
50976
51058
51119
56297
63891
65871
69083
69133
69155
77720
79347
80095
82807
84680
84881
86403
88032
89939
90480
91778
91996
92259
95518
96289
97293
97748
104287
107448
108986
111276
111798
112842
113406
113862
117224
121831
124097
128027
128898
129146
133199
133780
135370
136084
138809
138826
138865
141252
143461
143486
143605
149680
151504
152512
154245
159455
160263
160496
164596
165899
165918
167662
167665
168022
169410
174038
179524
182930
182942
186389
188729
195625
195765
196066
196151
197256
197276
201852
204144
209029
213465
215141
215479
220382
223475
224747
226506
226546
226547
226572
233037
234453
234897
235306
236966
236986
238008
238318
240739
241076
241759
241859
243241
244183
244270
244334
244846
247234
247466
247568
247883
247896
248226
248427
248529
249219
250084
250567
255400
257373
258782
259394
261691
266924
267571
272081
273147
278475
279585
281926
286194
287044
288585
288808
290165
290303
291494
291511
294596
295307
296337
296727
297509
297907
303942
304720
309665
310006
310097
311496
312673
313753
317467
317752
318431
321449
321506
322005
325386
325491
328879
331747
331978
332432
332827
332922
337247
340624
340805
347753
348821
350201
352091
352611
353635
355220
355241
356198
356364
359451
359936
360706
362293
362402
365027
372935
375121
378518
382001
386250
389802
390412
391734
393169
393223
