135
142
650
878
1183
1768
1896
1932
2007
2026
2081
2139
2210
2279
2313
2462
2487
2509
2561
2565
2607
2680
2710
2751
2775
2809
2818
2990
2998
3005
3006
3048
3064
3069
3091
3114
3130
3228
3293
3379
3384
3408
3463
3467
3485
3486
3530
3583
3612
3818
3857
3881
3891
3952
3963
3997
4026
4027
4042
4090
4219
4227
4251
4273
4425
4429
4465
4476
4480
4515
4549
4589
4637
4646
4659
4697
4797
4817
4913
4971
4988
5063
5075
5158
5165
5181
5210
5217
5291
5305
5323
5387
5394
5412
5522
5539
5581
5686
5717
5859
5860
5862
5912
5934
5961
5991
6040
6070
6074
6138
6145
6154
6209
6219
6278
6320
6395
6426
6440
6441
6471
6480
6578
6612
6638
6660
6674
6698
6706
6736
6754
6768
6811
6815
6840
6846
6852
6854
6856
6897
6918
6948
7020
7078
7105
7125
7147
7150
7161
7172
7221
7281
7362
7376
7380
7401
7406
7407
7409
7425
7426
7492
7497
7538
7553
7570
7591
7608
7615
7620
7629
7654
7658
7668
7670
7673
7691
7698
7705
7706
7708
7713
7737
7802
7806
7820
7830
7861
7866
7921
7931
7932
7939
7966
7988
7997
8053
8072
8096
8097
8122
8142
8153
8166
8211
8212
8245
8276
8304
8320
8326
8358
8428
8491
8547
8549
8576
8594
8600
8611
8635
8652
8670
8672
8724
8728
8730
8764
8772
8782
8816
8857
8858
8876
8920
8923
8927
8931
8948
8975
9028
9052
9091
9130
9131
9157
9200
9281
9346
9347
9350
9353
9375
9390
9436
9462
9498
9523
9563
9577
9578
9579
9603
9624
9626
9640
9642
9651
9667
9684
9685
9693
9716
9724
9725
9751
9754
9778
9800
9822
9831
9847
9848
9849
9886
9919
9922
9931
9937
9948
9966
9974
9995
10012
10028
10059
10089
10106
10140
10167
10209
10211
10224
10242
10279
10280
10283
10290
10322
10324
10326
10358
10360
10375
10405
10421
10434
10437
10445
10457
10458
10472
10488
10494
10675
10706
10712
10726
10749
10775
10857
10871
10899
10971
11011
11013
11019
11032
11073
11085
11122
11128
11148
11168
11197
11236
11244
11245
11246
11276
11282
11316
11344
11345
11354
11360
11433
11435
11472
11476
11490
11491
11492
11493
11543
11598
11599
11632
11660
11676
11682
11736
11743
11755
11777
11832
11855
11896
11900
12014
12037
12070
12075
12079
12123
12127
12151
12155
12159
12161
12240
12295
12296
12306
12341
12429
12454
12455
12458
12471
12476
12477
12478
12485
12496
12502
12521
12548
12601
12603
12632
12638
12645
12653
12659
12674
12692
12751
12784
12792
12797
12798
12802
12803
12806
12825
12866
12899
12903
12932
12967
12980
12985
13099
13100
13103
13104
13159
13161
13169
13170
13173
13197
13204
13242
13278
13346
13397
13408
13415
13422
13434
13448
13483
13570
13572
13576
13577
13598
13603
13630
13657
13663
13667
13761
13791
13821
13840
13846
13885
13946
13951
13971
13991
13996
13997
13998
14026
14062
14102
14110
14112
14135
14138
14150
14151
14217
14225
14247
14285
14287
14294
14296
14344
14351
14359
14468
14485
14490
14505
14585
14678
14679
14714
14718
14762
14782
14799
14823
14828
14864
14869
14872
14878
14886
14891
14908
14955
15010
15021
15023
15028
15038
15039
15046
15065
15075
15151
15204
15259
15263
15264
15268
15299
15307
15313
15319
15326
15328
15349
15354
15388
15389
15424
15429
15437
15470
15492
15563
15596
15620
15646
15672
15769
15780
15791
15794
15813
15816
15842
15886
15911
15912
15914
15924
15962
15990
16000
16006
16022
16084
16102
16103
16111
16114
16123
16124
16132
16163
16202
16251
16252
16268
16359
16388
16398
16455
16456
16459
16480
16524
16525
16570
16581
16584
16596
16642
16670
16696
16702
16743
16836
16849
16880
16976
17002
17023
17090
17167
17186
17401
17441
17471
17474
17547
17550
17557
17585
17634
17638
17639
17718
17728
17795
17835
17851
17878
17905
17925
17960
17983
18087
18107
18165
18171
18183
18207
18237
18242
18313
18319
18320
18342
18343
18396
18420
18425
18427
18459
18496
18502
18512
18517
18525
18546
18583
18596
18601
18602
18608
18611
18612
18658
18757
18771
18774
18781
18784
18817
18823
18824
18904
18908
18932
18947
18961
18964
18982
18983
19029
19037
19040
19061
19065
19068
19146
19206
19208
19259
19304
19306
19309
19343
19397
19429
19478
19496
19497
19529
19541
19544
19552
19566
19571
19578
19675
19765
19769
19796
19864
19872
19903
19914
19970
20036
20039
20155
20165
20167
20172
20263
20270
20278
20280
20287
20291
20293
20340
20418
20439
20449
20472
20482
20527
20531
20580
20768
20795
20833
20843
20871
20876
20877
20950
21009
21039
21061
21076
21110
21118
21169
21174
21176
21177
21230
21240
21244
21249
21303
21332
21339
21393
21396
21401
21415
21447
21466
21469
21482
21491
21494
21635
21695
21751
21795
21823
21877
21882
21908
22152
22202
22213
22221
22224
22236
22324
22343
22347
22355
22382
22455
22463
22466
22507
22565
22568
22582
22609
22616
22628
22630
22633
22645
22656
22734
22749
22767
22777
22795
22797
22809
22812
22814
22816
22829
22848
22928
22940
22947
22961
23003
23018
23034
23037
23059
23079
23162
23163
23197
23226
23266
23270
23284
23353
23360
23365
23377
23392
23406
23494
23554
23597
23635
23652
23659
23665
23668
23676
23680
23731
23747
23834
23837
23851
23893
23907
23924
23994
23995
24007
24034
24056
24070
24116
24128
24131
24141
24187
24206
24249
24300
24318
24332
24509
24567
24568
24608
24650
24656
24714
24767
24768
24773
24775
24843
24847
24905
24915
24921
24924
24927
24933
24966
25002
25007
25016
25024
25077
25078
25109
25126
25150
25160
25162
25178
25195
25207
25244
25256
25265
25269
25360
25363
25366
25376
25388
25405
25418
25448
25490
25509
25516
25593
25659
25711
25751
25780
25809
25810
25899
25924
25939
25944
25949
25965
26004
26010
26025
26033
26100
26119
26130
26132
26155
26157
26191
26232
26246
26269
26277
26281
26291
26294
26309
26318
26326
26337
26366
26402
26447
26575
26681
26682
26686
26798
26828
26923
26947
26958
27007
27163
27170
27173
27244
27245
27279
27284
27316
27319
27350
27354
27455
27459
27515
27635
27640
27641
27644
27652
27659
27662
27666
27731
27734
27737
27778
27811
27812
27840
27845
27846
27848
27853
27873
27882
27945
27948
27950
27953
27958
28038
28058
28065
28072
28098
28112
28115
28123
28171
28173
28182
28202
28204
28216
28224
28276
28329
28438
28442
28451
28465
28471
28503
28511
28513
28533
28551
28584
28680
28746
28783
28788
28816
28874
28919
28952
28963
28993
29018
29031
29144
29183
29188
29223
29238
29276
29287
29326
29371
29375
29387
29457
29458
29461
29626
29644
29647
29657
29671
29672
29709
29781
29783
29804
29886
29950
29978
30004
30008
30016
30022
30023
30030
30036
30039
30045
30055
30057
30060
30088
30092
30096
30098
30103
30152
30157
30168
30200
30203
30269
30270
30337
30343
30363
30364
30530
30533
30566
30623
30624
30665
30725
30727
30760
30863
30873
30910
30973
30977
31019
31031
31041
31042
31101
31134
31137
31141
31146
31149
31156
31160
31164
31167
31179
31363
31371
31378
31389
31408
31416
31430
31433
31442
31457
31465
31466
31468
31476
31483
31505
31563
31587
31641
31652
31825
31839
31842
31873
31909
31911
31924
31934
31964
31971
31978
31981
31984
31985
31987
32024
32037
32048
32120
32148
32151
32519
32559
32632
32639
32649
32655
32658
32661
32674
32685
32775
32793
32810
32815
32878
32882
32883
32885
32886
32887
32888
32915
32918
32920
32956
32964
32968
33021
33031
33033
33043
33052
33056
33059
33061
33064
33065
33081
33083
33085
33093
33347
33372
33374
33394
33395
33411
33437
33451
33460
33502
33504
33534
33580
33587
33618
33623
33696
33700
33804
33824
33883
33890
33891
33900
33929
33934
33961
33990
34004
34008
34011
34015
34024
34026
34031
34074
34109
34149
34154
34181
34200
34235
34306
34326
34331
34337
34402
34484
34675
34695
34703
34722
34733
34741
34762
34769
34771
34787
34844
34913
34916
34948
35029
35051
35053
35095
35096
35099
35137
35138
35174
35179
35186
35226
35275
35297
35352
35373
35377
35384
35387
35395
35400
35416
35423
35427
35475
35661
35665
35692
35715
35731
35745
35752
35759
35765
35776
35798
35817
35836
35861
35865
35868
35946
35949
35993
35995
36003
36007
36025
36114
36258
36296
36301
36323
36331
36335
36340
36370
36408
36409
36420
36422
36457
36465
36473
36490
36491
36496
36531
36585
36615
36732
36764
36784
36868
36909
36916
36978
36980
37057
37067
37137
37358
37399
37423
37460
37511
37531
37557
37571
37573
37622
37624
37629
37641
37644
37681
37719
37720
37724
37809
37812
37815
37823
37843
37844
37851
37856
37913
38120
38131
38139
38158
38175
38183
38198
38237
38328
38330
38360
38641
38648
38654
38666
38671
38677
38688
38695
38702
38704
38731
38734
38740
38757
38771
38803
38808
38846
38854
38862
38898
38918
38983
39081
39125
39144
39150
39230
39330
39338
39366
39368
39373
39386
39390
39393
39394
39426
39428
39451
39511
39512
39538
39559
39615
39617
39697
39699
39704
39709
39710
39712
39719
39721
39722
39727
39729
39730
39734
39742
39744
39800
39841
39853
39876
39877
39888
39900
39901
39903
39918
39919
39929
39958
39987
40016
40288
40334
40337
40338
40341
40349
40362
40377
40379
40409
40422
40472
40473
40481
40511
40540
40553
40579
40582
40611
40622
40643
40653
40750
40800
40806
40818
40830
40874
40910
41139
41445
41450
41473
41525
41530
41533
41595
41618
41630
41641
41662
41697
41764
41772
41775
41829
41831
41864
42006
42031
42061
42072
42109
42254
42258
42305
42307
42309
42319
42330
42420
42465
42482
42522
42534
42558
42563
42578
42610
42611
42616
42628
42639
42640
42650
42674
42684
42693
42815
42819
42845
42850
42929
42935
42941
42942
42944
42962
42977
43007
43013
43029
43054
43058
43067
43158
43274
43307
43315
43317
43348
43366
43386
43448
43495
43501
43557
43588
43633
43660
43675
43707
43755
43778
43810
43811
43895
43897
43898
43900
43901
43905
43906
43951
43956
43975
44080
44111
44177
44189
44238
44567
44584
44585
44616
44648
44709
44719
44721
44726
44733
44743
44791
44795
44797
44806
44832
44852
44866
44867
44891
44901
44952
44967
44971
44980
44982
45046
45053
45070
45092
45104
45107
45115
45142
45183
45262
45278
45302
45309
45315
45337
45353
45369
45472
45526
45783
45789
45841
45846
45847
45855
45858
45918
45925
45957
46006
46030
46031
46048
46066
46119
46186
46360
46381
46460
46484
46490
46499
46500
46509
46535
46562
46599
46619
46650
46651
46657
46658
46687
46688
46697
46704
46711
46817
46820
46847
46848
46884
47002
47093
47159
47227
47240
47241
47244
47255
47266
47280
47293
47295
47305
47311
47328
47333
47344
47361
47362
47366
47370
47393
47448
47468
47473
47526
47553
47603
47695
47809
47952
47965
47992
47998
48002
48004
48009
48028
48035
48066
48083
48101
48256
48271
48278
48325
48340
48362
48403
48452
48473
48476
48509
48517
48526
48581
48592
48646
48648
48651
48666
48672
48676
48677
48684
48741
48743
48749
48756
48765
48853
48884
48910
48922
48923
48925
48933
48934
48945
48955
48959
48960
48971
48972
48974
48984
48988
49022
49037
49042
49045
49046
49055
49073
49081
49084
49089
49090
49094
49100
49102
49103
49105
49114
49120
49149
49157
49158
49159
49162
49164
49188
49202
49203
49208
49209
49222
49231
49236
49255
49262
49309
49320
49355
49358
49477
49583
49621
49708
49739
49744
49753
49783
49789
49800
49811
49823
49830
49831
49833
49836
49886
49887
49914
49921
49954
50013
50058
50075
50170
50223
50257
50262
50337
50348
50362
50368
50375
50415
50417
50425
50447
50449
50466
50469
50492
50526
50547
50570
50585
50591
50631
50644
50697
50700
50729
50870
50872
50888
51010
51021
51404
51408
51451
51461
51463
51563
51586
51590
51610
51631
51671
51709
51739
52014
52049
52089
52129
52137
52143
52156
52159
52191
52227
52287
52289
52294
52327
52329
52333
52334
52348
52350
52355
52386
52428
52431
52433
52434
52446
52449
52492
52496
52507
52508
52516
52521
52522
52568
52578
52581
52590
52782
52798
52816
52827
52850
52854
52877
52896
52928
52936
52948
52949
52958
52959
52962
53002
53006
53018
53038
53044
53064
53087
53095
53119
53170
53485
53534
53543
53544
53558
53615
53623
53636
53647
53653
53673
53677
53685
53699
53718
53725
53755
53807
53841
53842
53863
53868
53909
53918
53931
53946
53973
54022
54033
54045
54073
54074
54103
54157
54159
54164
54165
54178
54230
54231
54264
54275
54300
54332
54376
54532
54710
54711
54722
54724
54761
54783
54823
54827
54849
54902
55022
55031
55034
55145
55160
55201
55238
55244
55373
55384
55410
55412
55463
55490
55518
55628
55657
55658
55675
55679
55728
55755
55765
55813
55836
55863
55864
56029
56040
56044
56051
56068
56074
56082
56083
56087
56089
56102
56130
56147
56157
56322
56333
56430
56432
56435
56451
56462
56468
56511
56545
56586
56601
56632
56638
56676
56683
56712
56755
57057
57068
57097
57122
57140
57156
57175
57265
57320
57389
57430
57434
57464
57490
57493
57497
57684
57692
57721
57730
57742
57822
57850
57936
57992
58038
58133
58159
58161
58251
58257
58269
58270
58276
58332
58348
58352
58406
58449
58464
58466
58578
58588
58594
58605
58618
58621
58648
58684
58700
58713
58735
58743
58935
58960
58986
58994
59014
59026
59041
59051
59057
59083
59089
59097
59120
59139
59164
59186
59188
59194
59197
59214
59222
59229
59240
59242
59253
59258
59304
59312
59317
59322
59324
59365
59367
59372
59373
59381
59383
59392
59397
59412
59415
59420
59426
59440
59442
59446
59455
59692
59769
59814
59841
59906
59949
59970
60014
60070
60121
60138
60154
60188
60210
60281
60282
60343
60344
60351
60354
60369
60427
60466
60471
60495
60519
60523
60537
60571
60596
60645
60651
60665
60677
60720
60762
60778
60814
60829
60908
60910
60922
60923
60939
60963
60980
61001
61014
61066
61091
61092
61096
61121
61124
61125
61129
61132
61147
61159
61163
61179
61181
61236
61240
61260
61304
61311
61312
61330
61345
61365
61372
61384
61386
61397
61414
61433
61445
61455
61500
61501
61506
61529
61552
61559
61560
61573
61586
61609
61617
61658
61685
61696
61703
61724
61826
61837
61847
61849
61858
61911
61917
61919
61920
61931
62007
62021
62048
62049
62085
62091
62099
62102
62104
62205
62216
62225
62242
62279
62288
62289
62301
62319
62334
62361
62378
62433
62443
62553
62654
62700
62799
62818
62919
62933
62937
62970
63244
63296
63303
63309
63325
63327
63365
63370
63427
63493
63501
63502
63571
63578
63580
63581
63590
63608
63618
63621
63624
63665
63669
63728
63748
63753
63764
63837
63870
63914
63944
63946
63981
64012
64020
64041
64057
64068
64078
64082
64114
64123
64133
64168
64178
64188
64190
64288
64364
64383
64394
64405
64437
64448
64476
64512
64550
64648
64659
64669
64696
64718
64751
64768
64775
64780
64828
64829
64865
64889
64897
64931
64994
65004
65050
65214
65222
65231
65268
65293
65301
65305
65306
65316
65355
65363
65463
65467
65486
65497
65501
65515
65516
65535
65550
65556
65605
65652
65708
65763
65765
65779
65787
65798
65806
65818
65832
65834
65839
65890
65895
65906
65920
65927
66020
66175
66181
66255
66259
66262
66278
66314
66321
66331
66333
66343
66353
66370
66371
66384
66385
66394
66399
66404
66435
66589
66689
66701
66962
67188
67221
67374
67431
67525
67618
67632
67638
67658
67689
67693
67716
67803
67906
67938
67957
68021
68048
68053
68054
68056
68058
68066
68075
68089
68092
68215
68275
68279
68438
68465
68483
68494
68506
68524
68550
68598
68599
68612
68616
68628
68633
68634
68646
68653
68657
68658
68659
68667
68673
68676
68688
68701
68702
68716
68727
68740
68749
68756
68758
68846
68898
68938
69022
69079
69084
69095
69109
69121
69160
69177
69178
69191
69198
69200
69218
69233
69264
69334
69351
69353
69448
69450
69463
69465
69471
69472
69481
69482
69486
69500
69502
69511
69594
69607
69610
69615
69626
69634
69669
69670
69683
69686
69692
69700
69708
69734
70129
70130
70142
70143
70147
70148
70154
70170
70173
70176
70177
70183
70191
70192
70194
70195
70203
70204
70212
70221
70230
70236
70237
70249
70256
70258
70268
70272
70297
70298
70307
70315
70325
70327
70329
70334
70335
70351
70352
70356
70387
70418
70428
70449
70483
70486
70499
70529
70542
70547
70658
70661
70676
70699
70711
70728
70733
70890
70971
71337
71919
71927
71934
71962
71993
71995
72058
72060
72081
72101
72102
72105
72125
72135
72137
72139
72146
72148
72157
72180
72182
72183
72231
72273
72293
72296
72302
72326
72332
72345
72349
72363
72377
72456
72503
72505
72506
72508
72575
72863
72914
72918
72923
72930
72935
72936
72954
72958
72959
72963
72969
72981
72993
73024
73027
73034
73036
73063
73111
73117
73135
73154
73204
73249
73312
73515
73584
73588
73592
73593
73604
73643
73695
73706
73710
73712
73723
73728
73729
73776
73805
73810
73815
73816
73869
73877
73880
73881
73882
73890
73894
73905
73911
73915
74000
74005
74031
74046
74059
74096
74102
74196
74586
74605
74613
74629
74636
74643
74645
74653
74655
74658
74667
74703
74727
74730
74733
74741
74765
74786
74787
74791
74816
74824
74827
74830
74837
74851
74853
74856
74909
74922
74935
74944
74974
75021
75022
75023
75024
75025
75066
75082
75083
75108
75123
75131
75148
75164
75182
75184
75186
75191
75192
75216
75223
75226
75248
75257
75258
75306
75317
75326
75329
75333
75358
75392
75393
75397
75420
75457
75458
75463
75465
75533
75580
75581
75583
75595
75624
75657
75669
75683
75750
75752
75800
75840
75885
75892
76901
76909
76914
76957
76987
77021
77051
77058
77082
77100
77103
77104
77106
77116
77138
77145
77152
77153
77175
77180
77226
77231
77237
77239
77251
77257
77295
77297
77323
77422
77423
77424
77452
77476
77486
77525
77540
77544
77552
77574
77605
77633
77650
77654
77942
77965
77988
78003
78025
78030
78032
78135
78140
78141
78298
78324
78426
78441
78507
78523
78812
79009
79014
79020
79024
79030
79034
79040
79048
79077
79122
79124
79126
79129
79136
79138
79153
79154
79172
79177
79178
79183
79224
79228
79229
79233
79239
79240
79243
79252
79276
79283
79297
79298
79310
79366
79383
79391
79407
79408
79412
79414
79415
79416
79537
79546
79573
79589
79597
79609
79614
79615
79624
79647
79682
79685
79687
79691
79708
79728
79744
79754
79759
79766
79773
79798
79809
79815
79834
80147
80148
80178
80209
80232
80275
80297
80305
80308
80322
80336
80354
80373
80378
80391
80402
80431
80447
80449
80460
80467
80470
80478
80482
80492
80493
80508
80514
80519
80523
80528
80538
80539
80553
80588
80606
80609
80614
80644
80651
80653
80701
80705
80713
80718
80725
80729
80738
80742
80761
80766
80778
80782
80789
80817
80823
80844
80849
80852
80873
80881
80885
80901
80909
80915
80935
80937
80966
80988
80999
81012
81015
81048
81071
81092
81116
81117
81119
81208
81229
81428
81513
82092
82182
82196
82212
82231
82234
82255
82280
82292
82306
82368
82389
82390
82461
82465
82476
82511
82538
82546
82597
82606
82610
82637
82681
82728
82740
82756
82762
82788
82791
82800
82838
82948
83245
83301
83389
83995
84000
84007
84009
84019
84023
84037
84051
84084
84106
84227
84283
84504
84537
84657
84854
84935
85056
85059
85064
85082
85090
85101
85134
85155
85172
85179
85201
85223
85232
85242
85247
85249
85262
85264
85294
85328
85367
85379
85485
85486
85487
85495
85513
85514
85521
85530
85535
85536
85541
85551
85699
85739
85748
85752
85778
85783
85789
85790
85797
85832
85834
85899
85900
85907
85933
86470
86473
86481
86483
86488
86499
86521
86524
86557
86568
86571
86573
86574
86576
86586
86588
86603
86604
86606
86616
86618
86631
86638
86645
86657
86678
86683
86697
86704
86707
86710
86711
86719
86721
86729
86736
86737
86746
86747
86753
86759
86781
86801
86806
86807
86848
86850
86871
86879
86898
86902
86918
86930
86935
86942
86980
86995
86997
87027
87030
87040
87043
87047
87050
87096
87126
87185
87189
87192
87199
88282
88284
88288
88299
88304
88308
88337
88353
88371
88386
88392
88395
88404
88406
88408
88420
88422
88442
88464
88518
88591
88614
88664
88693
88704
88713
88728
88735
88738
88837
88868
88919
88984
89006
89153
89177
89201
89232
89249
89322
89324
89325
89400
89417
89418
89484
89513
89517
89519
89533
89539
89584
89585
89592
89596
89599
89606
89607
89616
89618
89627
89677
89695
89697
89732
89761
89767
89768
89780
89787
89810
89832
89969
90002
90123
90161
90165
90171
90248
90266
90268
90289
90297
90313
90382
90472
90489
90503
90552
90586
90595
90612
90618
90715
90748
90756
90760
90773
90807
90812
90857
90923
90930
90933
90948
90954
90955
90964
90972
90975
90977
90988
90992
90993
90995
91002
91018
91019
91215
91225
91239
91241
91243
91255
91264
91275
91306
91320
91340
91385
92370
92419
92451
92493
92504
92505
92512
92523
92530
92534
92536
92538
92583
92585
92601
92617
92625
92629
92633
92645
92650
92654
92655
92660
92675
92691
92693
92694
92697
92723
92742
92747
92750
92754
92787
92838
92848
92850
92855
92862
92880
92883
92893
92970
92986
93002
93009
93023
93042
93092
93118
93129
93194
93237
93238
93340
93349
94412
94414
94456
94466
94514
94530
94542
94562
94565
94581
94598
94624
94637
94661
94715
94716
94721
94725
94738
94739
94740
94757
94768
94787
94817
94823
94836
94841
94863
94867
94880
94898
94913
94931
94939
94945
94960
94977
94985
94986
94990
95007
95012
95017
95028
95029
95031
95040
95052
95063
95075
95097
95110
95145
95186
95191
95259
95307
95319
95435
95460
95730
95731
95739
95743
95746
95761
95804
95813
95833
95855
95887
95965
95996
96007
96013
96014
96016
96027
96035
96057
96074
96146
96157
96159
96169
96238
96245
96256
96261
96300
96302
96312
96368
96397
96398
96400
96410
96417
96420
96421
96422
96431
96435
96446
96455
96459
96467
96497
96645
96646
96654
96670
96673
96675
96682
96705
96708
96713
96717
96718
96780
96821
96900
96998
97166
97593
97790
97812
97849
97867
97882
97897
97899
97905
97910
97918
97950
97964
97995
98006
98007
98010
98068
98070
98079
98093
98095
98131
98140
98142
98151
98161
98179
98180
98191
98196
98207
98223
98230
98250
98274
98288
98294
98307
98312
98318
98329
98351
98366
98389
98399
98400
98409
98417
98429
98435
98437
98460
98461
98464
98493
98494
98498
98504
98507
98511
98525
98526
98530
98540
98544
98549
98565
98595
98620
98681
98685
98727
98736
98741
98743
98771
98783
98797
98799
99402
99419
99422
99429
99433
99441
99482
99517
99568
99590
99712
99726
99729
99737
99741
99805
99911
99946
99958
99965
99985
99999
100018
100027
100036
100039
100047
100049
100103
100104
100108
100158
100173
100186
100191
100205
100209
100228
100241
100242
100243
100332
100334
100343
100353
100356
100363
100364
100372
100382
100385
100391
100398
100440
100442
100473
100489
100500
100503
100507
100514
100571
100574
100584
100586
100594
100760
100767
100816
100854
100855
100870
100873
100878
100898
100899
100923
100924
100934
100937
100941
100944
100946
100948
100950
100969
100972
100975
100981
100986
101000
101043
101044
101047
101085
101093
101118
101145
101161
101170
101174
101177
101224
101235
101246
101297
101298
101299
101303
101309
101310
101316
101327
101349
101355
101371
101373
101380
101397
101401
101408
101410
101436
101440
101441
101450
101454
101475
101481
101490
101502
101524
101530
101531
101532
101536
101542
101658
101825
101839
101855
101884
101887
101905
101906
101913
101923
101963
102065
102069
102070
102091
102096
102098
102104
102116
102135
102138
102222
102224
102234
102240
102241
102246
102252
102253
102254
102256
102257
102258
102266
102274
102282
102293
102294
102332
102344
102363
102364
102377
102400
102443
102503
102506
102508
102511
102521
102531
102553
102560
102564
102601
102612
102615
102616
102629
102633
102635
102655
102665
102677
102678
102692
102693
102695
102696
102725
102741
102755
102769
102786
102790
102791
102864
102871
102887
102891
102906
102911
102927
102931
102932
102938
102966
102994
103023
103036
103045
103084
103087
103273
103284
103472
103473
103556
103563
103569
103579
103597
103690
103714
103730
103731
103758
103780
103783
103786
103787
103799
103809
103824
103836
103883
103891
103901
103934
103949
103969
103971
104027
104032
104114
104136
104177
104189
104243
104274
104332
104362
104488
104528
104538
104563
104571
104613
104614
104641
104706
104747
104749
104803
104817
104821
104886
104934
105223
105325
105349
105384
105386
105456
105503
105648
105731
105778
105902
105972
106203
106218
106221
106237
106287
106300
106355
106396
106403
106410
106603
106626
106660
106663
106670
106733
106833
106835
106844
106865
106877
106884
106889
106897
106898
106907
106923
106924
106926
106941
106949
106956
106965
106966
106972
106975
106982
106983
106995
107001
107009
107012
107017
107018
107021
107031
107044
107047
107073
107093
107097
107118
107122
107146
107161
107177
107179
107182
107190
107191
107230
107233
107246
107248
107264
107276
107281
107287
107290
107295
107303
107313
107319
107344
107348
107398
107401
107407
107410
107425
107433
107453
107456
107458
107471
107472
107495
107521
107527
107528
107530
107581
107610
107612
107614
107619
107620
107621
107646
107656
107685
107689
107702
107705
107731
107732
107751
107809
107827
107845
107868
107877
107881
107924
107939
107960
108020
108022
108079
108092
108145
108156
108175
108183
108220
108233
108279
108285
108293
108336
108345
108363
108383
108392
108422
108525
108528
108581
108609
108665
108726
108756
108761
108769
108795
108826
108831
108890
108897
108919
108944
108945
108992
109003
109009
109030
109034
109038
109051
109054
109085
109115
109144
109159
109165
109251
109252
109290
109292
109471
109484
109488
109501
109671
109786
109810
109815
109817
110288
110375
110929
111298
111487
111545
111594
111624
111668
111746
111763
111799
111843
111854
111869
111888
111908
111909
112014
112032
112079
112099
112122
112223
112225
112259
112265
112267
112269
112310
112321
112335
112337
112348
112353
112354
112372
112396
112431
112457
112474
112499
112523
112533
112551
112581
112604
112639
112640
112641
112646
112648
112654
112657
112658
112662
112680
112746
112754
112790
112848
112882
112885
112921
112927
112935
112962
113004
113019
113020
113027
113034
113042
113050
113105
113110
113116
113136
113137
113153
113158
113359
113364
113416
113446
113478
113489
113508
113511
113553
113616
113811
113975
113983
114040
114101
114154
114303
114329
114341
114342
114376
114399
114415
114443
114479
114483
114489
114517
114523
114532
114543
114546
114550
114591
114765
114803
114806
114818
114826
114856
114913
114927
114940
114942
114943
114948
114957
114983
115162
115215
115319
115357
115384
115409
115424
115437
115447
115522
115585
115612
115855
115914
115925
116122
116161
116203
116409
116412
116457
116459
116505
116532
116574
116575
116576
116591
116646
116687
116688
116732
116753
116811
116968
117124
117130
117138
117182
117187
117276
117358
117388
117397
117413
117422
117448
117459
117478
117483
117492
117493
117495
117513
117517
117524
117525
117560
117563
117585
117599
117631
117654
117662
117670
117674
117680
117685
117687
117712
117713
117743
117769
117776
117792
117839
117872
117876
117888
117896
117929
117942
117943
117947
117967
117968
117988
117995
117999
118003
118011
118066
118128
118183
118184
118189
118190
118199
118217
118220
118242
118245
118247
118306
118316
118318
118342
118350
118364
118388
118489
118496
118518
118529
118534
118552
118558
118564
118579
118582
118586
118589
118599
118602
118607
118620
118621
118633
118641
118653
119063
119082
119083
119086
119107
119111
119130
119143
119149
119150
119152
119154
119160
119162
119164
119175
119179
119185
119189
119206
119207
119219
119230
119255
119264
119277
119278
119286
119290
119297
119302
119307
119327
119328
119337
119346
119349
119351
119353
119364
119403
119418
119478
119509
119549
119563
119669
119697
119747
119796
120005
120010
120050
120053
120066
120107
120190
120206
120209
120211
120226
120247
120252
120256
120265
120284
120292
120358
120369
120371
120380
120384
120387
120396
120404
120440
120457
120474
120481
120515
120526
120530
120547
120556
120559
120564
120646
120649
120698
120705
120724
120726
120729
120730
120731
120742
120746
120748
120757
120949
120970
120997
121015
121021
121022
121026
121030
121033
121052
121053
121061
121072
121075
121082
121088
121090
121091
121093
121095
121106
121112
121124
121125
121127
121137
121138
121140
121144
121149
121165
121166
121171
121185
121879
121912
121940
121952
121958
121976
121985
121995
122007
122008
122011
122017
122024
122038
122039
122050
122061
122062
122068
122071
122072
122076
122094
122095
122096
122097
122108
122123
122129
122136
122148
122168
122190
122239
122314
122315
122317
122326
122333
122334
122345
122347
122355
122362
122364
122365
122388
122389
122394
122416
122417
122458
122513
122526
122595
122600
122648
122681
122691
122727
122762
122764
122774
122814
122824
122829
122834
122881
122946
122983
122987
122999
123124
123126
123127
123160
123182
123210
123226
123380
123616
124169
124229
124232
124252
124257
124262
124270
124273
124288
124296
124302
124313
124367
124372
124390
124393
124407
124409
124421
124435
124441
124447
124448
124452
124461
124472
124475
124479
124495
124505
124529
124538
124546
124556
124557
124568
124569
124589
124600
124604
124606
124611
124612
124613
124667
124692
124698
124713
124720
124745
124747
124756
124757
124793
124800
124806
124807
124844
124856
124904
124911
124916
124918
124935
124966
125024
125044
125054
125074
125083
125129
125135
125137
125140
125161
125210
125263
125271
125292
125297
125309
125314
125329
125331
125387
125404
125405
125419
125440
125453
125460
125482
125483
125493
125504
125505
125507
125534
125609
125618
125642
125647
125679
125694
125709
125722
125797
125813
125819
125820
125834
125838
125843
125851
125859
125867
125872
125908
125918
125924
125928
125932
125936
125972
125993
125995
126004
126005
126014
126017
126020
126026
126029
126032
126034
126046
126053
126057
126067
126076
126086
126091
126098
126175
126197
126203
126208
126217
126226
126235
126249
126284
126292
126311
126321
126335
126341
126356
126399
126413
126433
126434
126436
126439
126441
126443
126486
126489
126493
126510
126527
126536
126543
126555
126586
126622
126642
126643
126684
126699
126781
126868
126934
126965
127304
127490
127513
127593
127613
127617
127653
127658
127659
127669
127699
127709
127763
127765
127784
127786
127788
127835
127851
127852
127854
127868
127881
127959
127971
127973
127976
127977
128007
128021
128063
128066
128330
128402
128446
128486
128528
128638
128641
128658
128678
128761
128805
128828
128893
128897
128916
128957
128967
129067
129154
129175
129224
129225
129231
129240
129274
129286
129306
129317
129324
129331
129365
129383
129414
129495
129577
129584
129599
129603
129607
129611
129623
129635
129791
129792
129794
129797
129804
129807
129812
129814
129819
129832
129852
129999
130079
130105
130436
130437
130439
130464
130470
130488
130500
130505
130522
130536
130543
130585
130611
130621
130647
130649
130667
130668
130670
130676
130692
130694
130702
130711
130714
130732
130759
130774
130826
130828
130829
130840
130843
130851
130888
130893
130899
130912
130959
130960
130970
130971
131040
131050
131078
131085
131105
131534
131548
131643
131692
131704
131720
131726
131728
131761
131789
131790
131791
131793
131796
131799
131807
131821
131829
131834
131836
131840
131845
131859
131861
131867
131875
131876
131878
131900
131907
131909
131911
131912
131923
131931
131935
131953
131954
131970
131973
131974
131984
131990
131995
131996
131999
132015
132017
132018
132021
132023
132024
132027
132033
132034
132039
132063
132071
132081
132088
132091
132099
132114
132120
132126
132128
132131
132132
132144
132149
132150
132151
132156
132157
132163
132166
132169
132179
132183
132212
132213
132223
132226
132227
132233
132239
132243
132244
132251
132258
132260
132264
132267
132280
132283
132309
132319
132332
132348
132362
132377
132398
132401
132413
132468
132614
133092
133111
133124
133127
133140
133147
133149
133164
133167
133169
133182
133187
133188
133189
133198
133209
133312
133370
133440
133456
133470
133483
133485
133511
133547
133881
133901
133951
133997
133999
134031
134067
134304
134322
134334
134336
134392
134413
134525
134547
134561
134564
134579
134586
134589
134618
134628
134633
134644
134645
134646
134650
134657
134658
134668
134670
134673
134683
134689
134691
134699
134704
134713
134887
134962
134973
134984
135194
135215
135232
135304
135329
135368
135520
135612
135615
135616
135619
135643
135649
135665
135674
135676
135732
136105
136124
136296
136307
136353
136378
136393
136395
136402
136407
136421
136440
136461
136478
136589
136599
136629
136631
136697
136710
136713
136717
136723
136727
136730
136741
136754
136801
136808
136813
136872
136880
136939
136946
136947
136962
136966
137027
137040
137045
137073
137077
137316
137336
137365
137371
137393
137466
137472
137483
137484
137490
137505
137515
137518
137525
137529
137538
137555
137557
137562
137567
137577
137582
137595
137598
137600
137620
137628
137633
137643
137654
137656
137668
137675
137676
137677
137679
137680
137685
137696
137703
137706
137707
137716
137719
137720
137729
137737
137748
137755
137783
137793
137813
137815
137823
137827
137831
137832
137839
137845
137857
137869
137870
137895
137907
137930
137931
137932
137944
137947
137952
137965
137978
137996
137997
138000
138020
138021
138045
138062
138070
138075
138077
138090
138100
138118
138148
138169
138206
138207
138253
138309
138321
138369
138474
138713
139013
139015
139060
139080
139081
139082
139083
139096
139106
139113
139118
139120
139121
139126
139162
139171
139179
139196
139238
139240
139243
139275
139276
139280
140009
140203
140272
140361
141428
141469
141502
141521
141560
141648
141717
141746
141762
141766
141770
141771
141778
141779
141782
141783
141811
141816
141820
141835
141839
141840
141844
141858
141859
141864
141867
141869
141872
141877
141885
141890
141897
141913
141919
141922
141923
141924
141926
141932
141936
141938
141942
141975
141980
141985
141992
141998
142005
142013
142032
142034
142042
142050
142053
142066
142068
142093
142113
142120
142126
142131
142140
142147
142154
142166
142175
142179
142181
142185
142189
142222
142264
142269
142278
142313
142316
142319
142328
142336
142343
142357
142383
142409
142428
142429
142432
142458
142489
142490
142495
142593
142637
142676
142794
142905
143025
143029
143043
143226
143245
143249
143253
143297
143370
143374
143406
143644
143756
143833
143881
143891
143899
143913
143915
143955
143956
144011
144026
144039
144047
144050
144052
144055
144056
144057
144063
144064
144066
144081
144084
144107
144157
144163
144178
144206
144225
144231
144269
144278
144306
144312
144314
144324
144327
144348
144461
144487
144540
144544
144555
144838
144932
144936
144949
144954
144959
144962
144965
144975
144986
144988
145025
145028
145060
145081
145088
145109
145149
145189
145207
145249
145308
145309
145314
145394
145430
145466
145495
145504
145517
145525
145570
145577
145584
145585
145586
145594
145605
145629
145668
145693
145716
145753
145762
145787
145795
145798
145808
145810
145820
145837
145928
145942
145954
145969
145970
145985
145986
145992
145995
145997
146003
146008
146016
146022
146023
146028
146031
146039
146041
146044
146046
146047
146055
146056
146078
146083
146084
146087
146279
146286
146296
146317
146319
146442
146449
146982
146986
146998
147017
147024
147025
147026
147028
147043
147044
147052
147054
147072
147073
147085
147088
147095
147096
147100
147101
147104
147116
147138
147153
147178
147182
147188
147190
147197
147201
147218
147228
147240
147298
147302
147336
147460
147465
147478
147479
147482
147496
147497
147498
147526
147530
147532
147535
147545
147557
147559
147567
147573
147576
147578
147587
147607
147616
147618
147701
147722
147729
147753
147761
147873
147893
147896
147939
147970
147991
148037
148047
148061
148066
148071
148075
148150
148173
148189
148204
148207
148210
148220
148231
148232
148249
148255
148266
148269
148273
148275
148282
148285
148287
148300
148475
148476
148477
148490
148535
148546
148556
148600
148611
148612
148648
148650
148661
148670
148756
148851
149208
149266
149325
149344
149351
149355
149356
149365
149400
149402
149413
149460
149578
149582
149583
149595
149610
149612
149652
149654
149656
149665
149673
149697
149739
149802
149810
149828
149832
149834
149857
149868
149907
149931
150054
150063
150091
150097
150116
150123
150161
150206
150208
150210
150232
150233
150391
150398
150411
150418
150421
150431
150439
150440
150441
150449
150453
150456
150464
150710
150713
150723
150732
150737
150768
150772
150793
150873
150884
150899
151004
151038
151509
151516
151544
151559
151651
151652
151662
151665
151669
151673
151681
151683
151684
151690
151697
151698
151708
151710
151720
151722
151733
151735
151774
151897
151905
151910
151986
151987
151991
152004
152178
152179
152187
152205
152247
152357
152541
152573
152613
152638
152645
152720
152723
152730
152737
152749
152932
152939
152960
152969
152971
152976
152997
153007
153018
153032
153333
153339
153347
153352
153389
153410
153423
153439
153458
153468
153499
153508
153518
153519
153554
153557
153568
153573
153575
153576
153598
153633
153642
153654
153683
153729
153736
153741
153748
153752
153774
153804
153816
153832
153881
153927
154050
154261
154308
154360
154364
154377
154392
154396
154402
154403
154414
154418
154420
154425
154427
154432
154433
154436
154437
154447
154457
154458
154460
154477
154494
154496
154499
154512
154657
154682
154695
154705
154722
154727
154728
154733
154749
154759
154771
154777
154786
154849
154998
155010
155013
155019
155021
155033
155045
155047
155093
155128
155225
155256
155344
155349
155353
155371
155384
155393
155429
155493
155652
155663
155670
155671
155677
155683
155688
155724
155918
155926
155929
155934
155937
155944
155969
155981
155993
156001
156002
156025
156039
156086
156087
156088
156103
156121
156130
156144
156145
156200
156202
156208
156226
156238
156239
156251
156260
156280
156285
156288
156313
156450
156743
156765
156766
156767
156780
156793
156801
156810
156811
156815
156818
156820
156822
156838
156846
156855
156866
156867
156869
156871
156875
156892
156893
156896
156899
156920
156921
156927
156928
156943
157122
157125
157126
157136
157143
157149
157151
157156
157167
157171
157173
157174
157175
157181
157189
157201
157204
157213
157226
157251
157259
157305
157372
157496
157504
157506
157509
157517
157530
157545
157578
157581
157629
157770
157969
158005
158018
158029
158030
158169
158172
158176
158185
158197
158210
158228
158233
158248
158253
158273
158275
158279
158285
158294
158295
158306
158309
158310
158315
158334
158344
158350
158359
158388
158422
158450
158629
158645
158649
158650
158651
158652
158657
158659
158666
158667
158676
158681
158687
158691
158694
158706
158708
158709
158857
158883
158884
158895
158916
158926
158927
158931
158932
158937
158948
158964
158994
159001
159194
159195
159199
159207
159209
159217
159231
159464
159479
159480
159588
159617
159637
159733
159735
159737
159742
159743
159744
159757
159761
159769
159778
159974
159983
160035
160036
160093
160102
160109
160134
160145
160307
160310
160314
160389
160421
160429
160449
160459
160461
160500
160507
160520
160576
160729
160740
160741
160744
160780
160785
160789
160800
160805
160806
160840
160905
160938
160957
160976
160992
161000
161006
161008
161015
161084
161135
161155
161241
161247
161251
161299
161302
161307
161319
161472
161475
161530
161541
161557
161558
161579
161612
161632
161641
161644
161663
161667
161669
161747
161810
161912
161914
161937
161945
161980
162052
162054
162081
162083
162170
162179
162206
162509
162529
162546
162548
162584
162588
162614
162616
162624
162626
162631
162652
162660
162663
162668
162682
162689
162712
162724
162726
162727
162729
162734
162735
162738
162744
162751
162763
162766
162791
162792
162799
162800
162830
163073
163087
163095
163107
163142
163167
163180
163186
163192
163210
163217
163219
163220
163230
163255
163266
163285
163297
163686
163736
163737
163741
163744
163746
163747
163749
163751
163753
163765
163771
163772
163791
163792
163844
163881
164094
164148
164240
164298
164303
164313
164330
164332
164339
164345
164351
164412
164415
164419
164422
164435
164450
164452
164462
164620
164640
164660
164791
164800
164806
164807
164812
165167
165239
165244
165248
165272
165282
165295
165303
165304
165305
165314
165318
165322
165338
165347
165352
165374
165378
165409
165410
165412
165416
165424
165428
165440
165446
165447
165450
165455
165457
165468
165476
165477
165492
165496
165498
165503
165507
165511
165521
165533
165542
165553
165556
165564
165579
166040
166057
166061
166069
166080
166086
166087
166091
166096
166097
166137
166144
166156
166166
166179
166196
166202
166231
166243
166244
166246
166247
166249
166251
166277
166302
166308
166313
166332
166333
166338
166936
166966
166984
166989
166992
167005
167022
167024
167026
167035
167037
167047
167059
167063
167075
167087
167088
167090
167094
167107
167117
167122
167164
167172
167206
167219
167240
167346
167733
167746
167751
167757
167763
167780
167786
167795
167835
167840
168054
168058
168069
168077
168101
168104
168111
168114
168125
168153
168174
168203
168228
168229
168274
168275
168279
168289
168294
168333
168379
168398
168412
168468
168479
168493
168494
168496
168513
168538
168795
168822
168844
168848
168863
168893
168904
168917
168918
168919
168935
168938
168940
168952
168962
168963
168969
168971
168976
168978
168982
168985
168998
168999
169001
169006
169011
169014
169017
169018
169028
169039
169047
169055
169510
169525
169531
169535
169538
169540
169541
169556
169559
169568
169572
169579
169580
169589
169597
169605
169629
169639
169640
169657
169681
169716
170191
170218
170221
170226
170228
170235
170238
170246
170247
170255
170256
170263
170265
170272
170285
170293
170294
170298
170301
170302
170307
170318
170327
170332
170342
170344
170347
170351
170369
170376
170383
170429
170434
170456
170462
170487
170489
170505
170564
170694
170700
170740
170752
170929
170933
170950
170961
170969
170970
170971
170975
170981
170983
170985
170997
171000
171011
171017
171018
171022
171029
171067
171072
171294
171303
171316
171318
171425
171428
171434
171439
171445
171458
171468
171497
171503
171548
171552
171561
171580
171583
171588
171753
171759
171760
171763
171785
171812
171814
172087
172092
172136
172138
172432
172440
172444
172448
172449
172459
172463
172465
172471
172480
172488
172514
172519
172522
172570
172582
172585
172591
172595
172606
172648
172839
172848
172857
172880
172941
173010
173021
173105
173106
173142
173149
173164
173172
173175
173185
173249
173253
173254
173257
173259
173263
173264
173266
173269
173276
173280
173300
173301
173305
173317
173324
173325
173327
173329
173344
173346
173350
173577
173579
173602
173605
173620
173625
173626
173628
173637
173641
173655
173662
173665
173666
173667
174070
174133
174167
174207
174263
174277
174568
174585
174587
174640
174642
174644
174645
174649
174651
174662
174671
174690
174720
174722
174725
174767
174807
174857
174864
174867
174870
174877
175150
175154
175155
175223
175270
175286
175288
175382
175384
175399
175412
175413
175415
175421
175423
175443
175489
175508
175640
175643
175652
175657
175695
175696
175718
175758
175759
175789
175819
175825
175831
175846
175877
175878
175881
175890
175901
176130
176131
176135
176143
176144
176145
176147
176155
176157
176169
176176
176218
176649
176660
176666
176668
176674
176675
176683
176684
176724
176770
176817
176819
177152
177182
177197
177198
177205
177206
177215
177225
177282
177291
177303
177311
177360
177361
177373
177376
177382
177392
177423
177435
177657
177661
177662
177663
177672
177690
177702
177733
177753
177762
177764
177778
177780
177781
177782
177790
177840
177948
178048
178069
178084
178118
178190
178226
178265
178289
178298
178306
178309
178314
178327
178341
178349
178366
178378
178407
178414
178418
178486
178495
178498
178508
178509
178525
178544
178574
178576
178577
178580
178590
178603
178604
178801
178819
178829
178838
178852
178945
179619
179644
179652
179661
179665
179688
179691
179703
179709
179717
179726
179727
179779
179797
179820
179897
180245
180248
180298
180313
180325
180329
180334
180337
180342
180368
180379
180381
180392
180397
180407
180426
180429
180458
180459
180476
180486
180488
180490
180507
180508
180519
180544
180572
180582
180594
180879
180891
180947
180951
180957
180958
180985
181004
181029
181030
181033
181052
181101
181104
181293
181307
181324
181338
181340
181341
181386
181519
181556
181613
181678
181735
181737
181801
181824
181841
181852
181912
181914
181936
181944
181971
181972
181975
181976
181980
181988
181991
182020
182022
182023
182213
182247
182262
182283
182286
182351
182363
182372
182377
182389
182443
182462
182937
183001
183009
183032
183042
183051
183054
183060
183079
183081
183091
183093
183129
183133
183149
183169
183176
183192
183199
183205
183207
183208
183211
183245
183271
183273
183310
183328
183346
183350
183356
183380
183413
183433
183570
183578
183586
183588
183616
183620
183633
183635
183648
183684
183702
183706
183707
183711
183713
183716
183719
183728
183741
183749
183760
183768
183786
183791
183794
183795
183801
183816
183820
183829
183859
183862
183866
183867
183879
183895
183912
183927
183938
183948
183950
183952
183957
183986
183996
184015
184029
184045
184269
184278
184290
184298
184309
184389
184392
184413
184428
184432
184437
184450
184460
184464
184495
184497
184499
184511
184648
184736
184991
184999
185030
185051
185092
185127
185145
185167
185193
185212
185238
185247
185283
185358
185368
185497
185555
185571
185586
185596
185617
185638
185644
185647
185651
185655
185658
185691
185712
185720
185723
185725
185813
185823
185833
185834
185843
185844
185848
185855
185952
185960
185966
185977
186000
186002
186006
186018
186022
186038
186424
186430
186432
186449
186452
186494
186500
186511
186512
186514
186515
186539
186540
186662
186670
186700
186703
186710
186732
186734
186736
186749
186761
186767
186778
186785
186800
186806
186812
186825
186828
186832
186843
187052
187066
187075
187078
187103
187115
187116
187126
187155
187191
187218
187242
187487
187497
187498
187527
187548
187555
187629
187667
187708
187712
187717
187726
187748
187772
187773
187784
187957
187966
187977
187989
187992
187996
188023
188375
188379
188386
188404
188412
188415
188424
188461
188600
188614
188621
188637
188660
188677
188854
188864
188879
189084
189090
189093
189101
189102
189104
189108
189128
189217
189271
189316
189346
189380
189411
189412
189517
189652
189671
189677
189696
189697
189698
189701
189703
189717
189718
189725
189737
189739
189750
189841
189843
189844
189998
190004
190007
190174
190175
190186
190196
190205
190502
190504
190507
190510
190511
190514
190525
190784
190823
190833
190844
190846
190847
190849
190855
190869
190871
190900
190903
190919
190924
190930
190935
190936
190942
190952
190960
190966
190975
190984
190992
190994
191000
191261
191264
191276
191619
191627
191782
191908
192008
192019
192022
192163
192273
192292
192296
192313
192330
192382
192430
192432
192439
192449
192451
192461
192601
192611
193056
193072
193143
193150
193160
193179
193182
193183
193184
193189
193210
193253
193266
193275
193325
193361
193424
193841
193866
193875
193892
193909
193938
194026
194043
194108
194116
194162
194164
194177
194182
194190
194209
194232
194260
194289
194307
194309
194312
194316
194319
194320
194324
194327
194341
194350
194357
194359
194361
194364
194378
194382
194403
194405
194418
194426
194434
194437
194438
194441
194446
194449
194451
194452
194472
194494
194503
194514
194538
194544
194552
194557
194558
194565
194566
194569
194571
194574
194577
194583
194601
194610
194616
194617
194624
194627
194629
194630
194632
194636
194637
194638
194639
194641
194648
194649
194650
194671
194684
194700
194701
194705
194710
194711
194713
194723
194730
194731
194739
194747
194750
194759
194764
194765
194767
194768
194769
194770
194771
194776
194779
194783
194787
194791
194794
194795
194811
194813
194814
194816
194818
194819
194843
194850
194858
194863
194868
194872
194873
194877
194884
194885
194893
194903
194911
194913
194915
194916
194936
194940
194960
194962
194963
194964
194985
194986
194991
195013
195037
195039
195045
195070
195080
195097
195107
195118
195122
195125
195128
195139
195140
195185
195511
196232
196249
196258
196288
196305
196319
196322
196339
196360
196361
196362
196381
196382
196383
196384
196388
196398
196406
196415
196428
196432
196436
196449
196464
196466
196468
196475
196486
197587
197652
197660
197662
197663
197674
197675
197683
197690
197691
197694
197702
197708
197718
197721
197722
197736
197739
197761
197773
197796
197805
197821
197828
197831
197835
197836
197840
197857
197875
197881
197882
197891
197893
197899
197908
197909
197913
197915
197929
197940
197948
197950
197971
197993
198033
198053
198086
198090
198092
198124
198140
198141
198156
198206
198223
198229
198272
198364
198392
198413
198465
198621
198839
198904
198907
198946
198970
199020
199065
199097
199109
199112
199113
199123
199158
199168
199172
199181
199215
199250
199273
199286
199355
199376
199431
199476
199478
199489
199516
199526
199616
199808
199819
199832
199840
199841
199850
199879
199902
199909
199913
200009
200049
200060
200062
200087
200147
200177
200195
200366
200369
200387
200397
200403
200404
200431
200440
200443
200456
200628
200692
200713
200741
200748
200782
200783
200784
200797
200801
200809
200819
200843
200855
200860
200870
200873
200886
200887
200888
200889
200892
200903
200906
200917
200921
200929
200931
200933
200941
200967
200971
200974
200976
200983
200984
200986
200987
200991
200992
200996
201002
201010
201022
201056
201057
201058
201061
201067
201075
201098
201107
201156
201436
201469
201471
201472
201473
201477
201481
201486
201492
201493
201494
201496
201977
201979
201983
201985
201992
201994
202000
202007
202010
202017
202018
202020
202027
202037
202042
202058
202078
202098
202109
202111
202123
202125
202127
202132
202203
202235
202403
202458
202467
202468
202480
202489
202499
202512
202514
202518
202519
202540
202585
202735
202799
202897
202948
203071
203078
203079
203091
203098
203100
203101
203108
203121
203126
203136
203143
203147
203149
203342
203346
203424
203427
203433
203447
203464
203473
203481
203482
203507
203529
203535
203538
203556
203558
203574
203575
203576
203581
203601
203605
203614
203625
203644
203648
203651
203889
203896
203900
203901
203925
203930
203939
204071
204295
204298
204304
204305
204308
204310
204311
204312
204316
204319
204346
204359
204373
204383
204388
204392
204399
204411
204412
204424
204428
204438
204448
204452
204669
204671
204682
204685
204695
204712
204713
204721
204726
204745
204759
204841
204942
204994
204997
205021
205027
205072
205111
205230
205235
205246
205247
205269
205272
205277
205283
205285
205308
205312
205318
205345
205350
205371
205696
205726
205793
205831
205838
205842
205848
205854
205860
205863
205864
205869
205882
205889
205895
205896
205903
205920
205928
205939
205949
205951
205959
205962
205963
206027
206068
206325
206341
206352
206356
206373
206457
206470
206957
206972
206976
207006
207007
207024
207029
207034
207047
207077
207087
207088
207089
207103
207111
207117
207120
207122
207158
207404
207412
207414
207420
207426
207438
207440
207470
207478
207492
207506
207510
207511
207521
207533
207546
207549
207550
207657
207662
207676
207699
207702
207865
207908
207923
208047
208049
208167
208192
208193
208213
208230
208233
208234
208239
208260
208269
208277
208597
208615
208632
208638
208649
208667
208677
208688
208692
208693
208694
208707
208714
208715
208716
208725
209039
209040
209056
209059
209061
209067
209077
209113
209136
209140
209170
209511
209525
209546
209560
209561
209590
209602
209603
209604
209608
209611
209613
209615
209616
209637
209652
209655
209667
209684
209723
209755
209932
209935
209972
209997
210037
210079
210193
210196
210199
210208
210233
210245
210248
210262
210264
210282
210287
210310
210440
210452
210459
210477
210499
210500
210501
210503
210552
210556
210676
210699
210700
210732
210739
210740
210749
210761
210778
211031
211051
211081
211087
211131
211135
211157
211173
211176
211201
211220
211230
211237
211255
211318
211513
211525
211551
211563
211565
211567
211581
211590
211594
211595
211628
211761
211942
211944
211947
211957
211964
211973
211976
211986
211995
211999
212005
212011
212012
212014
212015
212023
212024
212025
212030
212032
212035
212037
212038
212040
212041
212045
212060
212067
212118
212129
212349
212361
212426
212431
212432
212440
212461
212470
212588
212696
212775
212826
212968
212986
212996
213060
213080
213085
213098
213202
213221
213239
213243
213257
213430
213516
213517
213535
213569
213582
213586
213587
213596
213635
213656
213813
213814
213836
213866
213871
213890
213893
213898
213922
213945
214143
214152
214158
214168
214169
214172
214176
214199
214212
214217
214225
214228
214229
214236
214238
214242
214245
214302
214512
214537
214539
214543
214572
214613
214657
214890
214927
214946
215057
215065
215096
215137
215145
215150
215225
215231
215335
215368
215466
215470
215472
215477
215484
215670
215697
215790
215809
215834
215837
215841
215849
215850
215853
215863
215874
215887
215903
215905
215965
216033
216072
216103
216109
216330
216342
216435
216445
216469
216498
216598
216604
216617
216711
216720
216728
216740
216784
216796
216914
216929
216957
217018
217020
217115
217181
217192
217203
217206
217218
217220
217226
217232
217250
217285
217304
217365
217405
217406
217413
217479
217483
217484
217524
217530
217551
217579
217640
217656
217825
217833
217834
218148
218156
218172
218176
218180
218181
218206
218209
218223
218226
218245
218335
218589
218590
218591
218598
218606
218876
218894
218907
218944
218946
218968
218971
218975
219014
219043
219097
219101
219114
219135
219137
219270
219276
219299
219300
219301
219320
219321
219328
219331
219584
219992
220087
220096
220097
220109
220179
220192
220198
220199
220202
220216
220228
220230
220232
220235
220238
220245
220249
220254
220256
220258
220262
220266
220269
220271
220275
220465
220475
220486
220517
220521
220529
220531
220540
220545
220553
220565
220954
220959
220962
220963
220974
220979
220995
220997
220998
221000
221031
221043
221066
221540
221577
221599
221612
221625
221627
221629
221631
221632
221641
221646
221663
221782
221789
221793
221799
221818
221834
221840
221932
221942
222014
222028
222029
222031
222045
222046
222047
222050
222191
222206
222207
222211
222227
222430
222433
222435
222976
223062
223072
223095
223106
223118
223120
223134
223149
223155
223167
223177
223180
223182
223185
223193
223200
223204
223205
223206
223208
223209
223222
223530
223540
223541
223542
223543
223550
223555
223573
223591
223605
223625
224031
224058
224064
224066
224079
224095
224107
224110
224117
224120
224129
224131
224132
224133
224136
224142
224145
224146
224148
224153
224158
224171
224175
224200
224234
224236
224240
224242
224337
224361
224834
224835
224857
224866
224875
224876
224884
224887
224899
224927
224944
224982
224999
225007
225092
225119
225124
225125
225174
225186
225244
225255
225308
225345
225468
225476
225485
225492
225674
225682
225693
225708
225709
225714
225715
225719
225720
225722
225725
225729
225730
225735
225742
225756
225757
225760
225766
225770
225782
225788
225830
226143
226155
226202
226232
226239
226245
226256
226267
226277
226283
226286
226299
226300
226304
226310
226311
226314
226319
226322
226324
226342
226607
226620
226665
226679
226685
226688
226692
227071
227090
227092
227093
227097
227110
227115
227136
227137
227142
227146
227148
227154
227156
227162
227164
227168
227179
227181
227183
227186
227187
227189
227193
227200
227205
227214
227219
227220
227227
227232
227233
227234
227240
227242
227250
227255
227270
227279
227285
227296
227300
227309
227311
227312
227320
227337
227338
227341
227347
227356
227395
227401
227417
227487
227795
227805
227807
227817
227825
227837
227845
227863
227878
227898
227910
227916
227918
228014
228128
228133
228146
228182
228241
228253
228299
228308
228414
228424
228432
228440
228441
228450
228452
228461
228467
228468
228473
228487
228489
228503
228508
228510
228524
228526
228528
228531
228543
228554
228724
228769
228791
228796
228818
228821
228827
228830
228832
228836
228844
228854
228855
228856
228861
228864
229063
229338
229346
229371
229383
229396
229411
229418
229421
229424
229428
229430
229441
229449
229456
229461
229463
229474
229480
229687
229688
229689
229703
229704
229712
229715
229844
229890
229916
229917
229926
229933
229947
230012
230013
230147
230149
230155
230159
230165
230182
230186
230187
230189
230200
230201
230210
230219
230226
230240
230244
230257
230260
230262
230273
230276
230283
230590
230591
230610
230615
230618
230619
230628
230845
230846
230851
231071
231072
231115
231137
231139
231151
231161
231162
231164
231174
231180
231215
231218
231224
231227
231239
231240
231431
231444
231474
231592
231603
231725
231733
231832
231851
231971
231982
231990
232033
232047
232049
232064
232071
232077
232083
232095
232114
232390
232415
232423
232424
232433
232434
232441
232446
232450
232451
232453
232461
232770
232779
232784
232811
232830
232852
233089
233110
233130
233146
233149
233155
233167
233177
233179
233184
233187
233201
233219
233220
233232
233233
233240
233245
233254
233255
233259
233276
233297
233325
233333
233500
233534
233537
233555
233562
233583
233647
233654
233678
233680
233928
233929
234041
234050
234067
234181
234187
234190
234220
234362
234447
234464
234465
234503
234506
234508
234522
234530
234550
234567
234573
234576
234579
234580
234582
234583
234590
234592
234606
234608
234609
234611
234613
234619
234621
234639
234655
234982
235047
235049
235070
235076
235594
235605
235649
235664
235674
235677
235678
235679
235680
235695
235697
235723
235775
236188
236191
236212
236218
236223
236243
236249
236250
236257
236263
236271
236272
236273
236274
236277
236288
236299
236300
236307
236312
236315
236328
236330
236333
236341
236358
236365
236367
236376
236414
236742
236783
236788
236815
236871
236988
237019
237355
237438
237524
237534
237545
237549
237660
237663
237702
237737
237743
237747
237748
237753
237770
237784
238075
238084
238122
238127
238866
238869
238873
238876
238877
238880
238883
238897
238899
238905
238908
238916
238923
238931
238946
238949
238951
238952
238955
238958
238968
238970
238973
238978
238981
238990
239005
239013
239030
239039
239042
239066
239292
239293
239295
239298
239308
239327
239348
239467
239527
239574
239586
239600
239639
239745
239748
239785
239898
239912
240042
240065
240076
240078
240087
240117
240338
240343
240347
240351
240353
240358
240368
240563
240574
240575
240588
240601
240605
240617
240790
240795
240806
240822
240824
240835
240849
240851
240852
240875
240877
240898
240905
240911
240912
240915
241130
241135
241145
241161
241168
241175
241277
241289
241391
241631
241852
241910
241947
242205
242224
242246
242394
242491
242773
242783
242789
242816
242827
242842
243105
243135
243145
243146
243156
243170
243188
243305
243306
243372
243563
243572
243603
243623
243739
243759
243803
243888
243986
244034
244138
244152
244172
244175
244208
244212
244217
244231
244238
244248
244259
244266
244267
244279
244288
244291
244293
244384
244696
244700
244707
244727
244778
244864
245029
245141
245156
245183
245188
245223
245224
245271
245295
245306
245489
245542
245645
245649
245655
245685
245697
245711
245721
245722
245726
245732
245754
245758
245760
245773
245782
245787
245789
245791
245805
245813
245837
245840
246153
246199
246216
246245
246258
246283
246306
246310
246316
246460
246864
246867
246940
246963
246970
246973
247000
247023
247131
247416
247448
247700
247768
247791
247831
247844
247847
247871
247875
247904
247918
247929
248191
248573
248631
248655
248663
248664
248678
248995
249109
249133
249134
249147
249168
249460
249661
249673
249674
249818
249822
250089
250091
250092
250100
250104
250320
250323
250330
250342
250350
250374
250381
250394
250403
250434
250442
250447
250456
250467
250469
250600
250604
250605
250998
251005
251014
251016
251017
251018
251023
251025
251031
251355
251393
251400
251402
251427
251474
251545
251646
251659
251681
251695
251778
251813
251814
251817
251861
251874
251879
251882
251916
251924
251940
251942
251951
251982
252158
252177
252194
252198
252208
252211
252213
252820
252923
252926
252932
252962
252971
252973
252986
253003
253039
253045
253050
253051
253194
253470
253494
253580
253592
253631
253653
253665
253673
253685
253690
253703
253704
253742
253747
253755
253756
253771
253774
253781
253792
253794
253810
253821
253824
253830
253832
253839
253858
253861
253864
253881
253888
253903
253904
253915
253960
253983
253992
254480
254484
254494
254502
254509
254528
254534
254541
254557
254571
254575
254578
254593
254612
254631
254647
254672
255549
255552
255590
255592
255593
255626
255636
255642
255648
255651
255652
255654
255657
255658
255667
255672
255674
255681
255684
255686
255689
255699
255700
255706
255707
255710
255716
255723
255729
255748
255752
255758
255760
255769
255777
255809
255817
255834
255838
255849
255858
255862
255883
255911
256036
256117
256590
256591
256676
256687
256709
256711
256715
256718
256749
256805
256806
256824
256840
256892
256893
256958
256991
257218
257295
257308
257312
257443
257446
257447
257472
257481
257493
257502
257547
257555
257564
257613
257616
257622
257623
257625
257630
257635
257661
257663
257672
257677
257704
257705
257710
257717
257729
257750
257790
257794
257826
257962
257965
258014
258015
258042
258580
258636
258702
258725
258809
258814
258822
258842
258860
258867
258879
258885
258889
258892
258917
258924
258933
258952
258956
258970
258972
258981
259031
259033
259079
259080
259115
259193
259399
259440
259453
259455
259498
259499
259554
259559
259569
259584
259587
259597
259599
259622
259634
259636
259643
259648
259670
259682
259684
259707
259710
259725
259728
259754
259765
259773
259789
259793
259795
259800
259821
259829
259835
259849
259853
259858
259870
259883
259886
259905
259913
259927
259933
259948
259950
259986
260003
260008
260055
260076
260474
260481
260482
260492
260506
260530
260544
260551
260557
260568
260575
260583
260584
260604
260620
260625
260650
260656
260668
260671
260704
261913
261935
261944
261949
261958
261968
261973
261974
261985
261995
261998
262000
262004
262020
262049
262062
262065
262071
262100
262136
262144
262148
262165
262174
262188
262205
262212
262229
262259
262263
262273
262321
262330
262353
262365
262368
262378
262379
262387
262405
262416
262453
262496
262542
262566
262567
262593
262607
262705
263126
263187
263191
263209
263226
263274
263297
263307
263308
263310
263338
263349
263371
263372
263383
263415
263417
263419
263422
263436
263462
263544
263546
263555
263670
263673
263851
263859
263922
263927
264176
264222
264260
264262
264293
264311
264318
264332
264339
264342
264355
264366
264383
264410
264476
264852
264869
264881
264883
264892
264901
264933
264954
264959
264961
265224
265228
265241
265243
265245
265246
265250
265252
265253
265260
265269
265273
265276
265278
265279
265288
265290
265295
265297
265298
265303
265311
265514
265526
265530
265557
265578
265614
265621
265628
265650
265793
265933
266070
266080
266092
266118
266125
266137
266150
266183
266186
266212
266232
266238
266240
266274
266276
266282
266294
266499
266541
266549
266556
266562
266574
266579
266583
266687
266692
266765
266872
266956
266970
267008
267054
267057
267116
267125
267129
267135
267142
267151
267153
267156
267168
267173
267256
267261
267288
267298
267301
267303
267304
267324
267329
267332
267604
267636
267642
267680
267689
267692
267959
267963
267968
267976
267983
267987
268005
268012
268017
268024
268309
268313
268320
268327
268336
268346
268350
268352
268354
268364
268367
268372
268380
268406
268460
268815
268843
268846
268851
268860
268862
268866
268870
268873
268876
268884
268888
268890
268899
268900
268901
268911
268916
268917
268921
268926
268929
268946
268958
269009
269011
269161
269172
269176
269185
269188
269225
269269
269394
269402
269418
269459
269616
269682
269732
269736
269741
269834
269835
269838
269849
269858
269914
270059
270078
270082
270087
270094
270112
270114
270132
270159
270170
270171
270173
270174
270187
270200
270204
270237
270256
270264
270266
270275
270307
270311
270833
270841
270843
270958
270962
270968
270979
271007
271030
271035
271438
271485
271551
271554
271606
271648
272062
272139
272149
272152
272198
272201
272212
272220
272238
272247
272252
272274
272293
272318
272343
272344
272356
272362
272364
272368
272385
272403
272414
272428
272486
272504
272552
272558
272559
272572
272624
272654
272730
273296
273316
273354
273355
273395
273401
273441
273453
273457
273470
273487
273493
273494
273499
273503
273504
273508
273513
273525
273532
273533
273539
273542
273543
273556
273558
273562
273564
273565
273574
273580
273585
273590
273593
273602
273604
273607
273610
273619
273623
273629
273648
273653
273659
273684
273685
273691
273706
273707
273723
273724
273728
273735
273739
273751
273764
273765
273777
273807
273808
274097
274098
274117
274122
274135
274136
274191
274220
274256
274261
274283
274456
274571
274606
274826
274841
274848
274924
274929
274934
274992
275004
275020
275085
275119
275328
275456
275513
275521
275523
275586
275593
275635
275648
275649
275650
275653
275657
275786
275799
275806
275821
275836
275885
275897
275907
275911
276281
276286
276381
276387
276410
276414
276427
276429
276682
276762
276778
276793
276798
276808
276933
277133
277178
277206
277234
277275
277283
277305
277322
277335
277357
277379
277420
277427
277435
277438
277522
277585
277694
277843
278021
278022
278037
278068
278070
278073
278077
278105
278107
278133
278138
278144
278152
278159
278160
278167
278168
278169
278177
278189
278190
278202
278204
278208
278227
278238
278251
278252
278255
278256
278264
278265
278464
278554
278623
278663
278702
278722
279170
279173
279177
279451
279462
279493
279541
279589
279627
279661
279711
279822
279923
279952
279995
280002
280003
280005
280010
280289
280430
280492
280494
280495
280501
280502
280506
280508
280522
280524
280535
280540
280562
280568
280811
280854
280908
280945
281115
281118
281150
281155
281160
281166
281173
281177
281194
281196
281199
281202
281216
281218
281221
281400
281402
281421
281428
281454
281476
281640
281777
281943
281947
281958
281959
282055
282085
282190
282258
282342
282491
282500
282505
282516
282525
282535
282548
282658
282703
282878
282879
282884
282894
282916
282961
283186
283294
283337
283386
283388
283406
283410
283412
283757
283768
283905
283930
283954
283964
283970
283994
283995
283996
284003
284012
284025
284111
284113
284177
284208
284239
284426
284460
284473
284478
284482
284715
284777
284794
285011
285049
285066
285104
285108
285130
285140
285146
285359
285366
285376
285381
285400
285413
285415
285464
285478
285579
285592
285653
285659
285665
285668
285701
285709
285714
285728
285740
285763
285767
285773
285815
285820
285971
286203
286207
286229
286274
286304
286365
286372
286393
286397
286403
286437
286456
286531
286542
286557
286560
286581
286633
286651
286669
286702
286703
286748
286903
286955
286975
286993
287080
287086
287110
287189
287198
287219
287229
287315
287354
287357
287436
287474
287569
287580
287586
287629
287693
287699
287742
287767
287796
287849
287850
287932
287964
287996
288025
288039
288086
288114
288139
288212
288230
288242
288243
288253
288357
288431
288563
288589
288591
288650
288717
288749
288811
288945
288950
288953
288975
288983
288984
288990
288992
289006
289066
289067
289096
289104
289128
289135
289151
289164
289167
289171
289192
289201
289202
289239
289247
289249
289260
289263
289295
289343
289345
289387
289401
289414
289534
289575
289586
289602
289628
289644
289655
289663
289690
289692
289703
289823
289840
289870
289895
289902
289927
289951
289963
290033
290040
290055
290075
290138
290176
290216
290263
290281
290360
290402
290408
290411
290422
290438
290440
290457
290581
290594
290622
290654
290754
290766
290791
290797
290823
290883
290900
290909
290950
290992
290997
291027
291048
291058
291079
291119
291137
291141
291154
291194
291205
291243
291257
291278
291280
291294
291318
291323
291332
291333
291340
291367
291392
291411
291428
291452
291458
291462
291512
291548
291561
291582
291600
291644
291663
291683
291688
291733
291739
291767
291821
291835
291855
291866
291878
291886
291887
291909
291915
291923
291994
292047
292110
292146
292180
292191
292194
292200
292218
292219
292315
292377
292381
292402
292419
292431
292562
292595
292630
292633
292808
292820
292835
292893
292930
292984
293033
293130
293174
293521
293550
293593
293632
293636
293650
293664
293677
293688
293712
293718
293738
293770
293772
293786
293787
293793
293822
293825
293855
293931
293972
294141
294158
294164
294179
294250
294361
294440
294545
294650
294688
294712
294759
294769
294794
294800
294822
294828
294851
294979
294987
295000
295010
295038
295063
295064
295074
295082
295094
295128
295135
295147
295369
295416
295492
295508
295551
295774
295794
295798
295804
295852
295873
295939
295955
295969
296000
296061
296090
296096
296116
296133
296145
296149
296158
296164
296188
296338
296360
296405
296429
296466
296482
296521
296579
296607
296625
296678
296697
296734
296828
296898
296927
296940
296989
297000
297007
297034
297037
297041
297100
297116
297166
297225
297234
297252
297385
297387
297394
297402
297411
297422
297424
297445
297449
297453
297499
297507
297809
297811
297815
297862
297867
297877
297897
297930
297953
297963
298336
298344
298346
298372
298809
298860
298896
298901
298903
298905
298912
298918
298927
298942
298943
298944
298947
298951
298960
298965
298966
298968
298969
298980
298988
298989
298999
299016
299037
299038
299055
299067
299416
299424
299430
299442
299459
299460
299467
299470
299482
299493
299508
299525
299542
299553
299556
299559
299561
299640
300291
300296
300302
300327
300328
300341
300366
300367
300383
300390
300417
300440
300515
301030
301091
301139
301163
301171
301185
301195
301232
301247
301314
301347
301357
301590
301595
301599
301605
301629
301635
301662
301681
301695
301705
301711
301748
301759
301826
301847
301878
301882
301916
301993
301997
302044
302053
302068
302072
302087
302345
302346
302395
302406
302410
302446
302450
302451
302477
302493
302506
302518
302867
302884
302913
302914
302928
302946
303006
303301
303372
303382
303383
303389
303424
303426
303430
303435
303439
303445
303448
303460
303462
303468
303471
303511
303973
303985
303994
304021
304029
304047
304056
304062
304065
304071
304083
304097
304099
304794
304801
304803
304806
304810
304821
304827
304830
304831
304843
304844
304869
304871
304882
304889
304895
304901
304911
304916
304920
304964
304983
305045
305046
305569
305571
305585
305586
305587
305621
305629
305635
305638
305642
305643
305650
305654
305655
305656
305657
305659
305668
305679
305681
305701
305707
305730
305755
305757
305759
305782
305808
305832
305845
305848
305875
305877
305887
306062
306072
306138
306195
306214
306232
306256
306286
306287
306294
306320
306332
306335
306349
306352
306356
306366
306374
306378
306384
306403
306404
306409
306487
306616
306621
306626
306706
306707
306750
306804
306903
307048
307094
307172
307186
307219
307230
307337
307345
307602
307625
307665
307678
307750
307778
307862
308109
308141
308153
308169
308173
308176
308188
308196
308197
308202
308203
308205
308208
308221
308330
308687
308697
308715
308723
308741
308795
308951
309228
309232
309237
309243
309247
309257
309261
309262
309263
309265
309269
309277
309283
309292
309296
309301
309311
309322
309323
309334
309336
309337
309342
309348
309349
309365
309367
309376
309403
309407
309425
309435
309436
309446
309621
309682
309783
309788
309791
309823
309828
309854
309861
309875
309882
310052
310056
310081
310092
310167
310182
310273
310290
310376
310384
310407
310411
310418
310419
310425
310453
310469
310488
310496
310542
310545
310696
310746
310749
310884
310887
310938
310941
310946
310949
310955
310958
310962
310969
310971
310972
310973
310984
311206
311215
311223
311240
311243
311245
311246
311248
311251
311257
311259
311263
311265
311269
311272
311274
311277
311278
311279
311288
311293
311308
311604
312011
312027
312049
312051
312053
312056
312058
312069
312075
312076
312079
312083
312084
312088
312118
312123
312129
312137
312157
312158
312166
312177
312220
312223
312226
312228
312505
312508
312520
312562
312732
312754
312909
312964
312991
312997
313017
313020
313089
313103
313153
313384
313387
313394
313449
313488
313611
313612
313617
313637
313655
313660
313678
313680
313706
313713
313721
313725
313727
313731
313734
313736
313741
313744
313745
313751
313765
313768
313771
314056
314063
314089
314090
314094
314097
314100
314114
314121
314122
314126
314130
314132
314135
314138
314140
314141
314142
314149
314151
314153
314167
314177
314188
314194
314198
314660
314676
314689
314752
314820
315217
315241
315286
315307
315318
315326
315332
315349
315355
315362
315365
315379
315387
315388
315391
315394
315403
315416
315442
315468
315479
315525
315997
316040
316062
316079
316083
316194
316576
316620
316662
316664
316706
316710
316770
316773
316779
316791
316805
316847
316865
316891
316956
317015
317064
317067
317103
317129
317160
317182
317183
317188
317196
317266
317307
317338
317352
317353
317367
317396
317423
317475
317480
317646
317669
317786
317811
317851
317863
317877
317881
317890
317899
317903
317910
317950
317952
317965
317973
317981
318007
318142
318156
318459
318481
318487
318502
318510
318516
318527
318532
318543
318545
318556
318559
318563
318569
318581
318586
318591
318598
318615
318620
318623
318642
318644
318646
318657
318659
318681
318784
318903
319102
319109
319141
319162
319228
319281
319456
319459
319546
319550
319559
319624
319626
319627
319681
319772
319773
319790
319794
319868
319872
320084
320188
320308
320316
320328
320396
320437
320445
320461
320467
320503
320513
320522
320528
320544
320569
320595
320600
320601
320621
320623
320641
320642
320648
320679
320773
320786
320820
320830
321053
321151
321162
321289
321341
321358
321434
321679
321727
321813
321819
321866
321868
321876
321898
321900
321920
322020
322240
322310
322355
322433
322478
322487
322512
322548
322576
322597
322598
322608
322661
322769
322990
323000
323017
323031
323042
323055
323056
323061
323074
323332
323344
323375
323384
323390
323394
323415
323677
323678
323715
323721
323727
323734
323736
323737
324338
324353
324375
324388
324390
324417
324435
324509
324540
324904
324924
324932
324936
324942
324943
324967
324968
324972
324977
324993
324995
324997
325000
325043
325052
325076
325077
325084
325088
325093
325108
325112
325131
325158
325227
325420
325425
325461
325465
325466
325468
325587
325794
325806
325834
325845
326124
326134
326146
326196
326221
326296
326297
326305
326330
326573
326574
326583
326584
326633
326639
326642
326649
326798
326877
326936
326943
326950
327167
327176
327177
327179
327184
327186
327187
327201
327222
327233
327669
327735
327851
328087
328101
328104
328107
328140
328150
328153
328156
328157
328162
328176
328180
328187
328191
328195
328212
328222
328224
328272
328487
328488
328495
328499
328512
328554
328561
328565
328641
328646
328919
328921
328966
329197
329198
329206
329260
329442
329443
329573
329578
329719
329733
329755
329762
329925
329930
329932
329936
329944
329946
329954
329959
330266
330270
330277
330529
330545
330565
330575
330577
330603
330613
330615
330619
330629
330632
330651
330676
330683
330684
330689
330849
330850
330873
330931
330952
330983
331334
331366
331381
331416
331569
331580
331581
331601
331705
331864
331874
332016
332042
332045
332051
332057
332213
332452
332457
332472
332473
332476
332494
332509
332512
332671
332693
332703
332783
333018
333023
333033
333039
333042
333049
333061
333065
333081
333106
333129
333137
333192
333195
333207
333220
333283
333322
333325
333342
333347
333352
333361
333531
333533
333546
333549
333550
333627
333632
333739
333782
333895
333989
334013
334064
334080
334092
334093
334103
334123
334141
334143
334146
334147
334173
334175
334176
334200
334208
334210
334213
334232
334250
334265
334271
334282
334293
334295
334318
334321
334356
334789
334967
334986
334998
335003
335009
335324
335342
335345
335347
335356
335358
335359
335363
335374
335389
335396
335397
335398
335402
335422
335425
335426
335428
335431
335433
335436
335497
335687
335720
335725
335742
336093
336096
336100
336122
336124
336155
336581
336649
336653
336654
336767
336813
336852
337016
337044
337063
337355
337374
337392
337399
337403
337419
337429
337430
337432
337504
337515
337529
337531
337534
337551
337554
337583
337591
337601
337635
337639
337661
337670
337733
337745
337749
337768
337772
337791
337796
337810
337811
337812
337823
337828
337857
337892
337906
337911
337915
337918
337924
337934
337936
337950
337954
338459
338461
338479
338485
338968
338997
339025
339040
339063
339078
339113
339624
339628
339633
339668
339686
339734
339738
339744
339817
339819
339822
339846
339857
339880
339892
339896
339910
339918
339922
339937
339992
339998
340001
340031
340038
340042
340044
340049
340051
340055
340057
340063
340078
340080
340097
340120
340127
340128
340131
340133
340139
340140
340141
340146
340161
340166
340168
340169
340170
340175
340186
340188
340196
340209
340211
340212
340243
340279
340683
340873
340908
340915
340921
340979
340981
341009
341037
341046
341053
341081
341942
341945
341953
341969
341976
341981
341991
342002
342015
342017
342021
342054
342057
342061
342064
342065
342068
342081
342090
342161
342164
342166
342198
342203
342286
342320
342405
343272
343281
343285
343288
343340
343368
343382
343407
343419
343684
343701
343718
343724
343774
343777
343803
343811
343833
344015
344019
344144
344200
344221
344239
344253
344291
344292
344296
344300
344337
344345
344347
344370
344371
344375
344407
344417
344617
344881
344884
344886
344891
344918
344932
345164
345210
345218
345223
345243
345262
345271
345277
345305
345309
345320
345322
345324
345329
345331
345334
345362
345363
345364
345378
345390
345397
345402
345406
345410
345411
345416
345420
345439
345440
345740
345752
345794
345796
345810
345827
345828
346277
346291
346306
346308
346313
346326
346333
346352
346362
346363
346364
346370
346373
346376
346382
346385
346396
346414
346429
346444
346463
346524
346633
346917
347013
347028
347037
347102
347159
347173
347185
347262
347286
347367
347369
347370
347381
347483
347486
347628
347657
347659
347685
347687
347689
347800
347990
348193
348208
348252
348255
348279
348636
348651
348658
348659
348676
348677
348679
348680
348684
348688
348694
348737
348820
349089
349110
349112
349509
349523
349550
349555
349561
349574
349576
349579
349595
349606
349617
349643
349657
349712
349753
349964
349984
349994
350075
350245
350281
350350
350360
350373
350375
350540
350553
350638
350666
350667
350677
350678
350688
350694
350707
350720
350724
350733
350760
350786
350788
350791
350799
350806
350816
350823
350830
350847
351226
351231
351279
351280
351283
351288
351290
351303
351312
351319
351634
351645
351668
351683
351685
351696
351701
351717
351726
351727
351729
351744
351746
351752
351764
351771
351773
351775
351797
352660
352669
352749
352760
352770
352785
352794
352814
352816
352821
352825
352850
352851
352859
352863
353241
353254
353258
353271
353277
353289
353523
353652
353766
353772
353792
353807
353868
353923
353996
354004
354093
354143
354153
354166
354174
354220
354224
354392
354507
354520
354538
354547
354551
354555
354556
354562
354563
354576
354581
354589
354603
354877
354918
354923
354931
354933
354939
354943
354956
354962
354972
354976
354986
355288
355297
355355
355398
355427
355440
355876
355887
355896
355922
355925
355927
355928
355940
355942
355943
355951
355962
355963
355965
355976
355981
355995
355999
356001
356049
356327
356329
356455
356731
357134
357175
357187
357548
357597
357600
357935
358010
358016
358029
358034
358041
358053
358054
358061
358062
358079
358099
358103
358485
358491
358502
358596
359044
359055
359063
359073
359077
359084
359087
359093
359107
359113
359124
359129
359147
359150
359151
359154
359157
359159
359171
359181
359184
359197
359233
359644
359985
360119
360142
360150
360214
360395
360516
360517
360532
360544
360553
360565
360579
360761
361152
361167
361173
361181
361581
361610
361690
361715
362014
362029
362048
362056
362069
362075
362095
362105
362118
362119
362135
362137
362143
362154
362168
362169
362361
362424
362433
362437
362443
362636
362643
362655
362673
362723
362948
362950
362968
363048
363311
363334
363340
363345
363414
363415
363429
363470
363533
363534
363749
363754
363761
363775
363780
363795
364178
364183
364186
364191
364193
364197
364201
364227
364229
364351
364649
364652
364765
364794
365080
365092
365095
365101
365106
365117
365119
365122
365143
365145
365150
365152
365155
365162
365166
365168
365170
365173
365175
365176
365178
365190
365193
365214
365487
365491
365513
365544
365549
365569
365828
365852
365864
366099
366271
366292
366323
366358
366488
366536
366541
366543
366556
366565
366566
366572
366574
366594
366701
366715
366829
367071
367076
367099
367102
367111
367121
367129
367143
367145
367150
367153
367159
367322
367472
367486
367504
367526
367721
367725
367730
367892
368088
368174
368285
368354
368360
368393
368394
368398
368424
368431
368648
368667
368668
368877
368899
368903
368907
368913
368917
368927
368947
369019
369031
369555
369675
369696
369697
369765
369815
370005
370014
370238
370246
370256
370268
370302
370312
370314
370323
370325
370358
370369
370371
370421
370422
370427
370449
370457
370656
370673
370674
370681
370857
370906
370913
370920
370925
371377
371389
371401
371407
371413
371443
371451
371452
371455
371456
371458
371460
371469
371473
371479
371480
371492
371500
371501
371518
371534
371535
371538
371539
371547
371552
371554
371561
371568
371570
371580
371584
371597
371603
371615
371626
371629
371632
371634
371652
371863
371873
371875
371894
371914
371934
371938
371974
372374
372397
372541
372976
373151
373156
373160
373164
373227
373253
373264
373440
373449
373454
373533
373658
373687
373689
373692
373699
373700
373721
373727
373728
373733
373740
373773
373790
373800
373829
373926
374011
374014
374264
374265
374299
374712
374782
374805
374817
374823
374860
374865
374874
374882
374883
374886
374889
374897
374903
374904
374908
374915
374916
374917
374918
374919
374927
374932
374934
374939
374950
374951
374954
374959
375153
375217
375242
375695
375707
375708
375715
375717
375724
375728
375731
375853
376124
376140
376178
376179
376203
376219
376230
376244
376416
376423
376432
376451
376454
376509
376579
376591
376621
376630
376665
376702
376773
377023
377026
377043
377083
377088
377102
377143
377253
377267
377269
377283
377284
377295
377309
377312
377318
377537
377555
377577
377579
377588
377592
377595
377623
378089
378132
378139
378171
378177
378179
378181
378184
378190
378192
378202
378223
378226
378229
378233
378241
378242
378246
378295
378565
378567
378571
378576
378590
378626
378659
379150
379153
379159
379160
379163
379164
379167
379181
379203
379215
379267
379332
379543
379566
379591
379596
379609
379615
379619
379640
379646
379854
379885
379886
379893
380018
380019
380042
380100
380238
380246
380358
380387
380406
380515
380519
380526
380717
380725
380735
380737
380745
380747
380753
380754
380763
380771
381081
381085
381089
381095
381110
381111
381116
381120
381121
381122
381126
381128
381129
381137
381145
381154
381188
381713
381715
381725
381737
381755
381757
381767
381773
381776
381778
381786
381800
381808
381821
381825
382019
382028
382041
382048
382076
382119
382386
382417
382423
382429
382493
382498
382517
382522
382524
382537
382542
382555
382556
382561
382687
382690
382692
382754
383008
383017
383030
383040
383043
383045
383050
383057
383060
383062
383066
383075
383090
383109
383122
383124
383141
383153
383155
383157
383158
383170
383175
383185
383447
383509
383521
383526
383534
383557
383561
383566
383593
383600
383604
383609
383838
383845
384281
384303
384307
384324
384338
384342
384349
384352
384354
384355
384360
384361
384391
384396
384397
384403
384404
384405
384406
384432
384434
384633
384650
384675
384682
384704
384732
384923
385044
385224
385259
385269
385275
385281
385299
385307
385403
385430
385438
385631
385640
385662
385673
385691
385699
385705
385708
385713
385716
385721
385730
385735
385759
385767
385993
385996
386026
386030
386033
386039
386046
386056
386057
386058
386063
386066
386074
386077
386081
386292
386320
386359
386647
386656
386668
386670
386679
386680
386684
386686
386695
386704
386709
386718
386721
386735
386901
386938
386980
387004
387100
387106
387156
387326
387347
387408
387531
387585
387716
387736
387737
387847
387849
387862
387868
387872
387877
387892
387993
388007
388019
388049
388075
388090
388095
388103
388113
388118
388123
388129
388132
388137
388139
388161
388162
388435
388453
388494
388525
388530
388549
388550
388927
388930
389075
389104
389348
389359
389401
389408
389412
389431
389435
389662
389667
389674
389829
389855
389921
389931
390019
390061
390139
390462
390615
390621
390706
390717
390843
391095
391114
391130
391141
391155
391169
391170
391187
391418
391428
391459
391485
391486
391851
391864
391999
392250
392262
392287
392295
392299
392324
392331
392499
392504
392515
392516
392558
392707
392758
392786
392792
392805
393072
393234
393298
393328
393332
