145
166
997
1238
1384
1783
1936
1994
2333
3096
3205
3238
3407
3445
3604
3725
4157
4522
4523
4582
4629
4808
5274
5625
5825
5831
6105
6349
6465
6552
6758
7156
7764
7796
7868
8199
8350
8494
8628
10299
11025
11526
11602
12146
12234
12894
13493
13856
13980
14101
14220
14475
15139
15163
15445
16057
16151
16362
16371
16415
16771
16878
17284
17425
17653
18078
18285
18833
18889
18892
19006
19187
19449
19635
19785
19940
20121
20671
21005
21045
21345
21471
21740
21944
21971
22053
22078
22115
22164
22209
22394
22473
22978
23104
23348
23670
23807
23820
24762
24813
25467
25480
25558
25707
25728
25845
25873
25915
26047
26260
26418
26443
26562
26616
26709
27281
27376
27550
27617
27891
27972
28105
28252
28328
28502
28859
28977
29088
29202
29344
29757
29769
29811
29864
30047
30263
30376
30418
30733
31187
31229
31585
31765
32445
32446
33223
33303
33640
33668
33729
33790
33893
33937
34093
34596
34742
34757
34867
35145
35286
35552
35620
36190
36729
37210
37349
37541
37750
37904
37925
38650
38678
38991
39001
39030
39271
39387
39555
39945
40137
40539
40584
40689
40803
40823
40927
41229
41786
42370
42467
42661
42833
42986
43115
43347
43566
43716
43873
44016
44294
44333
44414
44504
44790
44804
44904
45232
45352
45374
45437
45440
45594
45688
45920
46062
46301
46346
46505
46639
46989
47599
48132
48243
48354
48541
48602
48773
49382
49401
49425
49484
49930
49938
49947
50334
50442
50680
50769
50785
50791
51000
51053
51123
51186
51684
51730
51732
51774
51909
51915
52272
52577
53069
53082
53121
53156
53304
53315
53812
54167
54385
54593
54941
54997
55094
55416
55451
55840
56132
56259
56261
56684
57335
57649
57729
58120
58274
59669
59731
59743
59776
60613
60751
60777
60896
61994
62081
62159
62458
62623
62626
62667
62754
62761
63104
63329
63411
63437
64067
64086
64624
64704
65454
65670
65961
66031
66444
66480
66520
66642
66646
66747
66898
66953
66954
67029
67069
67220
67709
67994
68936
69299
69729
69754
69758
69764
70444
70600
70712
71000
71016
71025
71189
71369
71406
71414
71432
72217
72425
72815
73057
73163
73180
73283
73292
73619
74097
74318
74323
74332
75057
75520
75523
75816
75957
76175
76236
76320
76397
76415
76460
76568
76744
77184
77304
77615
77875
78235
78694
79260
79659
79884
79888
79891
79912
79961
80828
80956
81041
81101
81156
81206
81272
81341
81380
81429
81475
81537
81751
81880
81904
82348
82447
82701
82977
83642
83674
83799
84140
84346
84442
84621
84630
84632
84759
84900
84959
85891
87104
87387
87487
87514
87579
87644
87670
87696
87951
88539
88712
88933
88942
89063
89301
89663
89719
89932
90111
90415
90513
90574
90687
90829
91076
91080
91387
91417
91422
92888
92915
93077
93225
93268
93509
93525
93737
93793
93858
93910
93963
94001
94018
94067
94234
95114
95183
95398
95856
95884
95929
96340
96491
96530
96737
96756
96792
96837
96845
96846
96854
96919
96981
97055
97082
97101
97174
97346
98648
99072
100121
100255
100302
100740
100812
100964
101212
101503
101527
101765
101850
103000
103054
103086
103286
104319
104404
104505
104595
104704
104899
104955
105049
105100
106477
107007
107079
107777
107848
107946
108114
108125
108134
108412
108458
108653
109285
109622
109626
109752
109855
109954
110354
110369
110446
110552
110590
110606
110634
110640
110665
110789
110791
110873
110909
110923
111068
111089
111115
111136
112602
112915
113058
113104
113503
113804
113938
114082
114179
114361
114805
114809
115036
115098
115197
115689
115903
115917
115937
116089
116131
116171
116387
116706
116737
116897
116928
116942
116961
117001
117160
117813
118205
118644
118814
119559
119568
120267
120325
120788
121219
122238
122641
122670
122732
123195
123329
123560
123606
123742
124709
125543
125570
125708
125889
126097
126313
126392
126393
126478
127133
127193
127232
128532
128847
129033
129361
129491
129948
130041
130131
130779
130921
130963
131018
131021
131229
131234
131239
131342
132609
132955
133219
133557
134040
134310
134493
135733
135809
135820
135909
135918
135955
135982
136002
136334
136460
136538
137985
138299
138350
138487
139263
139354
139373
139589
139598
139946
140261
140448
140638
142425
142515
142529
142607
142647
143195
143266
143349
143392
143435
143555
143784
143873
144496
144677
144834
145212
145277
145280
145527
145566
145775
146344
146346
146353
146385
146586
146649
147254
147263
147330
147348
148280
148365
148511
148608
148633
148651
148704
148785
148801
148818
149662
149891
150545
150845
150972
150978
151072
151327
151737
151819
151827
152152
152272
152305
153038
153134
153185
153798
153836
153932
153956
154012
154754
155017
155088
155357
156307
156330
156385
156386
156468
156531
157366
157472
157592
158085
158396
158495
159375
159408
159418
159425
159682
159784
159964
160451
160497
160966
161198
161280
161438
162123
162248
162357
162820
163271
164016
164072
164635
165505
165645
166336
166370
166397
166399
166418
166461
167134
167271
167348
167384
167395
167426
168169
168301
168417
168423
168435
168578
169739
169743
169766
170480
170485
170622
170642
170665
170672
171514
171952
172161
172170
172199
172218
172232
172636
172687
172708
172935
173330
173424
173706
174145
174156
174163
174171
174248
174254
174339
174362
174378
174397
174850
175061
175661
176054
176825
176879
176940
176967
176976
177386
177394
177760
178921
178935
178955
179037
179927
180026
180579
180652
180674
180685
181203
181335
181779
181869
182111
182345
182453
182459
182702
183398
183452
183468
184119
185099
185915
186067
186196
186202
186278
186867
186891
188269
189067
189069
189253
189255
189605
190074
190097
190367
190598
190643
190645
190660
191063
191145
191707
191715
192367
192668
192680
192821
193563
193590
193622
193678
193680
195367
196497
198295
198343
198445
199362
200222
200223
200507
200536
200541
201613
202094
202221
204072
204489
205029
205031
205386
205405
205421
206039
206375
206427
206437
206461
206465
206486
206553
207080
207529
207545
208096
208105
208136
208273
208287
208303
209873
210520
210605
210616
210633
210637
211258
211303
211374
211617
211697
211892
212203
212225
212245
212260
212264
212288
213130
213136
213276
213607
213647
214664
214709
215168
215285
215713
215719
215820
216175
216348
216505
217009
217075
217077
217089
217103
217111
217293
217307
218372
218635
218651
218703
218741
219772
219829
220590
220628
221127
221217
221231
221334
222077
222283
222599
222732
223622
223639
223650
224330
224451
224537
224951
225206
225372
225513
225538
225562
225829
225990
225992
226070
226362
226727
226760
227376
228023
228382
228569
228607
228641
228866
229132
230110
231301
231338
231458
231498
231696
231893
231901
231911
232205
232212
232488
232595
233400
233631
233641
233742
233933
234003
234070
234193
234238
234276
234311
234667
235153
235375
235384
235866
236550
236552
236554
236640
236825
236941
236997
237516
237581
237582
237592
237798
237843
237949
238134
238179
238257
238458
238479
239123
239147
239851
239859
240354
240640
240663
240925
240982
241455
241603
241607
241679
242007
242080
242108
242274
242280
242586
242861
243152
243905
243949
243952
244386
244453
244584
245099
245100
245198
245203
245241
245264
245344
245808
245834
245852
245958
245978
246079
246167
246500
246879
246899
247216
247295
247450
248156
248160
248187
248759
248816
248884
248886
248924
249130
249190
249249
249487
249488
249515
249522
249876
249933
250213
250230
250250
250471
250652
251125
252027
252248
252338
252366
252452
252470
252479
252483
253183
254096
254674
255861
256766
257821
258060
258115
258326
258395
259139
259245
259292
259880
260052
260058
260065
260070
260801
261131
261345
262296
262302
262687
263875
263910
264430
265722
266301
266312
266373
266414
267345
267359
268036
268359
268415
268969
269398
269646
269712
270417
270489
270513
271079
271616
271701
271712
271743
272461
272498
272614
272675
272901
273274
273682
273917
273921
273932
273963
274360
274812
275100
275325
275432
275565
275664
275925
276092
276483
276499
276500
276966
277615
277654
277718
278014
278047
278374
278466
278516
278593
278634
278915
279406
280121
280126
280307
280637
281095
281419
281966
282191
282263
282408
283333
283830
283878
284843
285086
285353
285449
286908
287163
287187
287228
287259
287585
288029
288214
288393
288636
289089
289482
289754
291420
292490
292720
293073
293209
295379
296885
296924
296962
297992
298075
298145
298582
299154
300473
300782
300836
301362
301476
301585
302576
302579
302601
302602
302604
302633
302634
303053
303522
304140
304243
304468
305249
305864
305930
305935
306032
306305
306923
307271
307338
307448
307472
307497
307504
307913
307925
308307
309092
309501
309523
310018
310450
310789
310807
311089
311299
311641
311746
311760
312772
313198
313202
313854
314702
315761
316210
316283
317616
317641
318238
318711
318713
318848
319166
319585
319702
319754
320765
320836
320841
320905
320932
321366
321915
322050
322612
322725
323120
323767
323886
324012
324018
324041
324568
325795
326336
326701
326980
327447
327830
328184
328706
329394
329604
329608
329780
329805
330428
330492
331124
331236
331404
331493
331899
332067
332363
332366
332682
332722
333021
333031
333243
333482
333638
334936
335180
335502
335517
335534
335541
335825
335835
336171
336299
336322
336475
336618
336693
336833
337141
337142
337182
337192
338014
338506
338638
338763
339361
340516
340533
340545
342227
342332
342344
342531
342550
342660
342677
343300
343409
343761
343804
344455
344649
344680
344681
344742
345076
345435
345497
345846
346405
346563
346591
347008
347077
347599
347644
347825
347831
347925
347951
347972
348011
348059
348371
348389
349788
349831
350169
350507
351042
351152
351814
352177
352310
352822
352926
353064
353305
353330
353880
353961
354308
354592
354992
355002
355429
355444
356025
356035
356055
356882
357033
357673
357675
358740
359075
359299
359463
359466
359665
360481
361333
361749
362250
362355
362678
364254
364300
364384
364442
364805
364897
365636
366229
366407
366951
367246
367336
367361
368066
368131
368218
368717
368733
369269
369382
370051
370147
370196
370726
371082
371727
371739
372017
372595
372627
373266
373407
373845
374090
374304
374469
374479
375926
375948
376226
376463
376634
376945
377362
377377
377825
378301
378357
378683
379289
379420
379624
380010
380291
380326
380605
380625
380643
380828
381446
381522
382617
382974
383309
383323
383608
384475
384594
384753
385243
385575
385803
386309
386368
386787
386849
386937
387791
387939
388216
388251
388571
388573
388951
389478
389880
390252
390639
390750
391528
391643
392278
