163
933
4279
4812
8612
9074
9152
9355
9566
10082
10992
12650
14340
16091
19876
20072
25030
27850
31103
32196
32689
33986
35424
36857
37728
41458
41667
41707
42552
44044
50068
50741
50907
51690
52044
52870
52922
53781
55440
56349
57153
58179
58324
59018
59141
59181
59734
60305
61471
61815
64771
65096
65889
66309
66325
66423
67297
68957
70427
70441
71932
72047
72143
72941
74261
75391
77092
79151
79409
79586
80585
80591
82171
84877
85220
85516
86757
86932
88551
90496
90776
90953
91283
95122
95369
95756
96405
97680
97947
98170
98313
98376
100250
100784
101070
101133
101413
102885
106794
107143
107222
107418
107839
112977
114048
114348
114349
114933
115845
117906
118296
119121
120445
121096
124542
124636
125169
125399
125459
127758
129448
129473
129764
129818
131603
131986
132056
132383
133503
134555
134614
134672
134725
135582
136862
137554
137966
138184
139174
139303
141479
141480
141733
143909
144301
145102
146007
147176
147738
147840
147884
148205
148233
148254
149237
150106
150395
150463
153006
153364
153538
154259
154721
156150
156757
157138
158625
159722
160107
162549
162722
162733
164592
165275
165344
165401
166128
167742
169037
170184
170259
171010
171752
172450
172466
172830
173248
173286
173633
174581
174633
175799
177685
177784
178348
178832
178850
179696
182245
182266
182284
183106
183625
184582
184612
186404
186462
186489
186708
186722
186755
186829
187483
188392
188709
188867
190860
192287
193055
193840
194157
194436
194625
195176
197678
197755
197982
199886
200927
201068
201455
203543
203619
203919
204303
205790
205940
205944
208175
208255
208699
209534
209557
210707
213557
213825
214159
214262
215131
215436
216600
217176
217187
217824
220051
220154
220483
220934
222230
224076
225330
225479
226251
226652
227129
227299
228024
228813
229074
230381
230582
230597
233128
233244
233609
234231
234246
234381
234435
238051
238054
238487
239262
240328
241165
241716
242202
242439
242551
242794
243898
244180
244333
244728
244794
245169
245651
245705
247348
247728
247968
248452
249177
249380
249649
250113
250334
250437
251796
255766
255792
256708
256792
257311
259701
259703
259797
262102
264199
264813
266170
267251
267591
267610
267918
267936
267947
268338
270760
272128
272168
272562
273399
275634
275764
275805
277221
277288
277668
278644
279889
280660
280775
280906
281116
282469
282517
284695
285597
288318
289116
292269
293657
293660
294057
294741
294774
295965
296081
297183
297390
298962
299404
303425
309226
309384
311229
313640
313679
316042
317526
317581
317702
317802
317940
318542
318679
324457
324954
328096
328105
328130
330394
330587
331707
332048
335391
335440
339898
340089
340094
341014
344252
344378
347938
348176
348670
348700
350696
350723
350746
351731
354934
357177
357192
358006
360401
362024
363272
365437
365444
366585
367152
367306
368882
370011
370249
372365
372788
373148
377245
379647
379918
380761
381709
384343
388478
388995
391104
