170
472
575
616
660
695
714
727
787
875
879
897
1158
1160
1215
1368
1677
1996
2151
2221
2429
2638
2865
2903
2962
3055
3094
3158
3159
3537
3594
3786
3970
4099
4104
4167
4355
4504
4569
4673
4851
4856
4962
4992
5137
5183
5208
5292
5326
5542
5655
5778
5812
5842
5855
5856
5917
5975
6307
6403
6458
6882
6974
7022
7136
7601
7644
7715
7887
8067
8082
8180
8369
8492
8653
8887
9083
9171
9175
9262
9986
10094
10179
10429
10741
10744
10784
11129
11334
11454
11601
11689
11931
12209
12308
12707
12728
12740
12848
12975
13041
13043
13081
13135
13168
13174
13216
13388
13487
13581
13778
14233
14295
14377
14618
14780
14915
14936
15137
15157
15274
15288
15356
15416
15625
15777
15898
16024
16056
16190
16233
16394
16468
16555
16769
16818
16855
16881
16890
16901
17003
17055
17058
17105
17141
17157
17194
17223
17372
17565
18144
18461
18542
18718
18745
18841
18872
18881
19081
19150
19269
19288
19407
19435
19495
19557
19605
19607
19621
19630
19653
19722
19750
19974
20015
20021
20053
20201
20378
20398
20677
20700
20765
21129
21323
21346
21348
21536
21671
21674
21731
21762
21816
21894
21996
21998
22172
22228
22423
22585
22651
22687
22694
23051
23077
23084
23263
23311
23443
23675
23679
23796
23909
24004
24109
24254
24359
24503
24535
24544
24700
24851
24936
24969
25060
25061
25063
25548
25568
25643
25675
25703
25849
26012
26154
26172
26205
26299
26348
26353
26390
26427
26463
26564
26792
27153
27482
27489
27587
27895
27954
28187
28253
28357
28464
28510
28717
28803
28838
28864
28886
28898
28947
29149
29150
29162
29163
29198
29393
29479
29744
29789
29908
29921
30134
30239
30515
30583
30606
30925
31051
31056
31057
31074
31148
31190
31204
31392
31407
31446
31540
31548
31554
31601
31610
31664
32012
32186
32218
32221
32252
32256
32285
32304
32309
32376
32503
32505
32621
32687
32984
32986
32987
33090
33115
33132
33140
33154
33229
33235
33238
33265
33489
33548
33563
33611
33638
33644
33646
33648
33651
33706
34019
34035
34037
34274
34502
34529
34563
34572
34640
34664
34744
35105
35159
35309
35418
35458
35490
35530
35544
35565
35569
35647
35947
35963
36235
36247
36411
36572
36719
36792
36890
36897
36960
36964
36984
37165
37225
37226
37273
37309
37369
37551
37687
37883
37889
37892
37924
37937
37964
38007
38339
38357
38368
38380
38403
38448
38954
38971
39148
39180
39203
39488
39659
39733
39910
39974
40000
40005
40015
40076
40081
40451
40664
40667
40676
40731
40740
40996
41028
41030
41033
41110
41115
41366
41412
41436
41510
41589
41842
41907
41925
41935
41962
41966
41987
42252
42260
42264
42704
42725
42790
42797
42835
42906
42972
43140
43341
43367
43411
43477
43491
43504
44021
44055
44194
44217
44249
44260
44269
44283
44293
44298
44396
44488
44526
44685
44753
45079
45281
45305
45365
45450
45470
45492
45495
45499
45504
45949
46085
46113
46150
46162
46198
46205
46216
46357
46607
46909
47003
47106
47120
47334
47529
47549
47583
47587
47670
47829
48119
48257
48275
48346
48595
48982
49019
49083
49227
49337
49357
49579
49653
49923
50056
50189
50253
50276
50307
50325
50507
50560
50690
50719
50734
50754
50777
51044
51092
51131
51197
51358
51373
51488
51654
51749
51762
51765
51781
51791
52045
52198
52459
52625
52970
53091
53158
53167
53204
53222
53286
53302
53874
54085
54139
54140
54141
54202
54310
54317
54365
54377
54387
54437
54447
54489
54878
55056
55172
55362
55396
55461
55472
55520
55625
55630
55845
56079
56099
56164
56188
56202
56203
56618
56686
56800
56955
57392
57451
57514
57528
57538
57562
57616
57682
57796
57881
58219
58371
58622
58762
59362
59405
59461
59507
59535
59548
59599
59629
59640
59674
59702
59739
59748
60415
60556
60598
60636
61172
61284
61307
61348
61498
61520
61549
62067
62077
62116
62121
62124
62387
62390
62394
62395
62404
62596
62600
62617
62710
62728
62732
62978
63314
63422
63712
63961
64304
64520
64809
64835
65046
65090
65635
66201
66202
66223
66248
66409
66439
66450
66469
66475
66485
66488
66584
66609
66627
66729
66734
66776
66783
66792
66917
67164
67329
67992
68003
68016
68045
68108
68152
68192
68250
68362
68584
68890
68925
69030
69038
69049
69088
69282
69413
69536
70220
70396
70412
70525
70564
70603
70673
70675
70705
70768
70819
70830
70832
70891
70966
71001
71022
71066
71123
71145
71219
71240
71305
71398
71407
71415
71454
71488
71920
72033
72066
72208
72264
72303
72338
72346
72439
72473
72479
72570
72674
72685
72757
72775
72780
72806
72862
73166
73340
73355
73687
73752
73765
73770
74098
74106
74131
74149
74181
74208
74336
74350
74351
75380
75390
75446
75517
75604
75675
75692
75707
75740
75773
75787
75828
75852
75916
75931
75946
76103
76180
76269
76287
76309
76327
76343
76366
76406
76407
76422
76450
76975
76983
77035
77044
77128
77188
77254
77529
77532
77620
77713
78099
78174
78208
78214
78535
78589
78612
78618
78900
79036
79840
79846
79937
81141
81154
81264
81286
81402
81405
81407
81412
81468
81469
81473
81567
81570
81588
81594
81634
81657
81672
81712
81724
81823
81847
81871
81889
82471
82543
82696
82699
82795
82813
82854
82866
82872
82956
82972
83060
83069
83111
83140
83227
83237
83262
84005
84389
84400
84425
84437
84484
84512
84643
84670
84733
84745
84762
85552
85555
85588
85923
85967
85996
86000
86037
87084
87248
87301
87360
87448
87531
87580
87614
87615
87625
87628
87763
87942
87950
88209
88382
88441
88472
88553
88586
88772
88803
88898
88967
89105
89111
89166
89245
89260
89361
89374
89656
89705
90197
90239
90321
90388
90523
91006
91058
91093
91109
91378
91396
91487
91533
91725
91967
92906
92945
93013
93171
93174
93197
93361
93396
93422
93505
93586
93867
93891
93932
93935
93940
93952
93969
93985
93986
94000
94013
94023
94027
94047
94982
95150
95493
95917
96453
96498
96788
96816
96877
96961
96980
97000
97016
97145
97209
97211
97439
98405
98512
98577
98720
98777
98789
98811
98860
98890
98916
98924
99151
99155
99165
99182
99576
99811
99849
99924
100063
101160
101622
101657
101666
101771
101787
101796
102467
102807
102955
103082
103237
103442
103879
103918
104276
104297
104348
104700
104767
104885
105065
105181
105362
106140
106441
106810
107390
107486
107510
107688
107854
107903
107906
107916
108071
108094
108119
108163
108254
108374
108534
108577
108587
108679
108709
108880
108913
108957
108999
109140
109149
109156
109215
109221
109856
109864
109972
110006
110018
110062
110339
110411
110437
110517
110550
110575
110676
110686
111018
111071
111084
111102
111120
111183
111467
111548
111556
111977
112201
112613
112805
112995
113292
113409
113558
114148
114217
114253
114397
114455
114622
114642
115078
115136
115431
115515
115600
115626
116055
116070
116229
116497
116525
116693
116828
116889
117079
117343
117363
117427
117617
117627
117848
118692
118700
118819
118881
119231
119543
119547
119556
119724
119992
120031
120045
120104
120285
120337
120364
120750
121274
121277
121536
122251
122271
122410
122449
122499
122520
122743
122854
123050
123071
123090
123255
123273
123295
123327
123371
123512
123580
123582
125336
125396
125737
126019
126126
126366
126391
126490
126498
126577
126758
126977
127185
127252
127583
127608
127644
127686
127777
127803
127896
127989
128046
128422
128525
128558
128571
128810
129172
129284
129453
129516
129517
129879
129923
129965
130065
131013
131091
131179
132231
132295
132403
132447
132521
132684
133247
133256
133346
133460
133572
134139
134150
134785
134994
135670
135689
135706
135749
135754
135788
135803
135834
138120
138178
138190
138198
138216
138256
138267
138354
139407
139420
139434
139451
140350
140973
141691
142329
142345
142361
142438
142537
142554
142608
142611
142658
142682
142684
142727
142731
142753
142810
142983
143148
143262
144079
144265
144299
144349
144433
144545
144635
144687
144768
145174
145175
145469
145556
145701
146408
146420
146501
146550
146575
146620
146623
147234
147252
147387
147711
148042
148565
148607
148632
148722
148765
148886
149316
149440
149462
149713
150782
150822
150835
150900
150944
150968
150994
151008
151010
151105
151745
152273
152421
152427
153097
153127
153128
153350
153399
153612
153731
153777
153778
153808
153864
153872
154005
154277
154513
154528
154653
155189
155206
155284
155295
155325
155350
155720
155734
155735
155777
155820
155826
156298
156323
156390
156979
157324
157333
157566
157595
157602
157879
159029
159960
160030
160046
160502
160600
160655
160790
160828
161052
161332
161380
161431
161793
161797
162350
162860
163309
163326
163354
163926
164070
164074
164724
165557
165603
165617
165640
166358
166396
167267
167433
167509
167777
167879
168163
168248
168249
168257
168375
168498
168607
169690
169713
169811
170509
170549
170553
172108
172233
172235
172302
172555
172621
172649
172732
172869
173017
173208
173275
173437
173753
174170
174217
174272
174356
174384
175098
175261
175627
175883
176235
176337
176342
176764
176791
176968
177324
177421
177445
177467
177470
177533
177538
177554
177583
177761
177809
177975
178120
178156
178546
178591
178904
178907
178995
179103
179829
180528
180534
180537
180644
180692
181280
181325
182070
182543
183810
183818
183920
184008
184334
185657
186016
186032
186045
186194
186558
186898
187380
188008
188036
188046
188302
188617
188719
189051
189559
189853
190027
190033
190047
190624
190998
191034
191044
191730
192034
192347
192882
193378
193453
193459
195146
195355
195445
195471
196455
197372
197996
198020
198059
198102
198180
198264
198349
198366
198369
198378
198426
198517
198557
199479
199733
200268
200485
200497
200509
201080
201512
201769
202146
202154
202554
202650
202722
202966
203184
203673
203731
203806
203952
203974
203982
204775
204814
205991
206020
206423
206445
206453
206581
207124
207139
207147
207196
207219
208011
208100
208769
208817
208843
209161
209649
209669
210249
210514
210808
211213
211351
211680
211725
212103
212236
212423
212741
213591
213609
213662
213955
214261
214369
214951
215024
215541
215731
215937
216151
216154
216197
216257
216864
216907
217029
217050
217052
217466
217493
217549
217806
217895
217944
217975
218018
218364
218623
218693
218715
218765
218873
219617
219655
219675
219808
220569
220575
221067
221123
221298
221647
221658
221845
222602
222670
223239
224332
224564
224609
224896
225163
225874
225896
226328
226370
226728
226950
227127
227293
227310
227348
227377
228577
228679
229122
229831
230039
230052
230354
230365
230912
230923
231120
231291
231568
231866
231902
232168
232180
232785
233288
233349
233828
234069
234075
234087
234089
234285
234721
234747
235112
236458
236760
236885
238567
239070
239414
239652
239776
240708
241107
241255
241279
241474
242994
243144
243168
243203
243858
244295
244833
245217
245374
245792
245832
245857
246041
246078
246135
246344
246642
247037
247082
247596
249694
250171
250461
250648
251049
251118
251248
251597
251619
252234
252287
252299
253889
254638
254644
254718
255779
255830
255899
255944
256076
256150
256288
256338
256365
256671
256811
256860
256987
257332
257519
258078
258116
258200
258389
258514
258955
259008
259078
259112
260688
260747
260760
260808
262007
262184
262356
262434
262449
262469
262871
263382
263441
263475
264010
264082
264536
264645
264651
264998
265009
265338
265598
265616
265681
265743
265777
265796
266350
266384
267181
267198
267211
267352
267361
267396
269528
270276
270329
270342
270372
271071
271075
271614
271820
271873
273373
274365
275087
275215
275516
275705
276084
276330
276654
276845
276863
276969
277491
277595
277607
277609
277701
278224
278341
278353
278524
278719
279172
279303
279849
280092
281345
281391
281424
281605
282019
282129
282265
284042
284117
284285
284750
285525
285751
285811
286153
286421
287331
287462
287864
287873
287881
287930
288097
288143
288163
288480
288606
288740
288887
288955
289133
289324
289480
289724
289811
290935
291592
291705
291828
291840
292013
292287
292614
293061
293702
293887
293905
293994
294193
294198
294513
295657
295844
295928
296067
296407
296977
297029
297527
298037
298510
299063
299130
300350
300377
300406
300597
300603
301203
301770
301780
301929
302551
302574
302670
303008
303531
303534
304114
304859
304953
305074
305145
305146
306163
306425
306473
306650
306721
306911
306946
307123
307185
307379
307406
307411
307417
307724
307733
307810
307869
307981
308090
308240
308251
308280
308360
308561
309256
309423
309488
309491
309536
309750
309931
310364
310784
310788
311036
311675
311682
311736
312254
312279
312294
312603
313196
313208
313504
313534
314195
314200
314224
314802
314808
314834
314922
315418
315488
315533
315545
316073
316856
317140
317156
317563
317750
317799
317841
318022
318025
318082
318263
318662
318701
318912
319094
319115
319663
319674
319845
320565
320665
320690
320709
321098
321348
322649
322798
322809
322831
322861
322873
323444
323741
323755
323843
323879
323897
324016
324056
324407
324646
325068
325099
325159
325480
326043
327225
327269
327281
327373
327387
327405
327857
328252
328270
328318
328349
328350
328522
328720
329237
329249
329361
329957
329987
330039
330093
330113
330833
331537
332002
332072
332081
332346
332757
332787
332818
332882
333130
333209
333217
333235
333639
333742
333810
333990
334035
334194
334397
335047
335048
335122
335822
336253
336882
336883
337071
337266
337285
338020
338494
339186
339285
339290
340227
340248
340479
341095
342011
342119
342138
342351
342398
342520
342653
342680
342701
342803
343109
343268
343823
343861
343910
343988
344167
344434
344650
344935
345489
345831
345860
346473
346574
346605
347117
347512
347541
347807
348339
348376
348827
349155
349208
349265
349331
349630
349696
350436
351022
351056
351800
352131
352195
352294
352833
353421
353452
353736
354292
354315
354637
355350
355428
355500
356065
356107
356800
356806
357278
357672
358265
358266
359209
359245
359668
360002
360235
360296
360477
360789
361199
361246
362036
362142
362193
362472
362485
363155
364262
364266
364354
364360
364392
364396
364430
364867
364869
365620
365624
365635
365787
365939
365956
365990
366154
366373
366389
366391
367182
368240
368680
368682
368744
368975
369078
369108
369109
369914
370133
370999
371666
371670
372546
372554
372601
373331
373519
373557
373841
373846
374450
374503
375288
375768
375831
375868
375905
376143
376467
376576
376670
376929
377379
377399
377615
377621
377713
378150
379269
379288
379303
379762
379935
380270
380588
380597
380741
380790
380840
381184
381445
381814
381872
382201
382764
382916
382924
383587
383619
384072
384755
385140
385328
386295
386343
386376
386445
386694
387008
387012
387338
387367
387442
387748
387767
387923
388202
388233
388559
388603
388873
388976
388987
389145
389488
389680
389693
390416
390455
390516
390653
390764
390776
391233
391497
391850
391939
392314
392559
393192
