1726
2930
2996
4124
4516
5091
5591
5866
6230
6716
6782
7607
7880
8808
9003
9326
9920
10658
11164
11267
11561
11567
11742
11938
12317
13588
14366
14765
14970
15602
15747
16844
17227
18191
18465
18567
20577
21245
21534
22336
22671
22838
23806
23819
23840
23900
24268
25194
25199
25240
25630
25704
25773
27495
27588
30288
31588
32527
33230
33246
33254
33470
34410
34941
35196
36252
37125
39012
39035
39184
39239
39546
39554
39628
39686
41000
41079
43068
43848
44325
44410
45580
46076
46195
47557
47738
50283
50599
50836
52093
52101
52134
52637
54856
55122
55302
55671
55911
56838
57577
57680
58001
60058
60196
60819
61432
61473
61481
61605
61718
61792
62096
62230
62259
62488
62527
62609
62645
62682
62719
62867
62868
63783
63833
64209
64424
65230
65613
65620
65624
66738
67209
67224
68243
69162
69242
69756
69759
69908
70866
70907
70928
71114
71182
71262
71323
72814
72832
73453
74168
75794
76176
76217
78397
78408
78434
78923
79000
79006
79105
79209
81249
81522
81609
81656
82378
82485
82564
82679
82726
82799
82911
83017
83054
83180
83380
83556
84702
85689
87714
87776
87778
87958
88013
88038
88960
89022
89086
89185
89393
90065
90892
91105
91432
91470
91515
93506
93543
93569
93688
93823
93833
93873
93880
94044
94966
95269
95314
95328
95484
95502
95654
95680
95708
96251
96286
96901
97107
99019
99314
100422
101507
101700
103462
104364
104430
104463
104640
105238
105380
107424
107686
107942
108072
109555
110209
110426
110431
110514
110534
110799
111239
111323
111333
111392
111462
112494
112808
112809
113443
113510
114145
114505
114551
115318
115453
115660
115741
115794
115809
115998
116001
116603
116978
117435
117587
117596
117810
118212
118792
119733
119749
119799
119822
120849
121428
121505
122749
122809
123235
123266
123678
123688
123720
123897
126074
126230
126596
126607
127083
127149
127590
128181
128258
128721
129089
129680
129698
129900
130076
130213
131245
131289
131328
133303
133812
134236
135076
135426
135869
135958
136300
136305
136355
136362
136377
137111
138293
139621
139712
139801
139855
140086
140163
140183
140216
140490
140499
140603
140726
140829
142581
142855
143319
143419
144119
144251
144451
144661
145128
145780
146663
146701
146775
146798
147374
147651
148945
148986
148998
149160
149497
149737
149953
150034
150506
150534
151085
151119
151254
151298
151299
152076
152083
152329
152592
153204
153484
154099
154117
154588
154755
154772
154866
155062
155381
156585
157224
157763
158536
158952
158976
158993
159081
159669
159671
160024
160187
161400
161401
161408
161427
161696
161720
162381
163876
163952
164025
164527
164625
164749
165026
165060
166519
166608
166636
166651
166652
167091
167295
167566
167794
168332
168677
168686
169804
169846
170392
170597
170722
170743
171145
171180
171323
171404
171889
172299
172363
172740
172927
173751
173774
173786
173813
174225
174380
175081
175087
175539
176326
176333
176389
177633
177856
177866
178042
178073
178127
178144
179095
179116
179123
179146
179241
179259
179310
179343
179354
180670
180731
180994
181001
181482
181574
181580
181593
182660
182667
182676
183141
184014
184370
184516
184608
184741
185177
185302
185304
185324
185385
185412
185444
186198
186619
187118
187132
187256
187328
187334
187613
187743
187764
188493
188559
188689
188700
188906
188941
189289
189387
189799
190265
190427
191149
191429
191765
191848
191853
192083
192160
192750
192787
192913
192918
192920
192940
195573
196557
196573
196618
196619
196904
196918
197000
197181
197190
198482
198524
198538
198561
198657
198686
199472
199491
199521
199600
199919
200058
200094
200096
201587
201594
201625
201630
201718
201745
202133
202601
203026
203696
203705
203763
204082
204758
205040
205186
205196
206049
206095
206132
206686
206696
207234
207243
207297
207301
207371
207577
208886
208905
208930
209299
209348
209725
209801
209880
210112
210165
210263
210394
210413
210867
210901
210954
211375
211396
211808
212478
212869
212876
213345
213681
213725
213742
214048
214618
214700
214844
214863
214936
214956
214974
215342
215655
216112
216522
216552
216810
217450
217467
217613
219439
219874
219877
220616
221166
221304
221344
221382
221651
221698
222350
222795
222822
223690
223697
223819
223826
224509
224550
224637
224976
225241
225263
225298
225969
226006
226771
226813
226817
226821
226822
226836
226849
226869
226968
226997
227505
227601
227605
227670
227680
227884
227934
227966
229175
229178
229184
229222
229779
229971
230671
230956
230959
231332
231333
231520
231547
231556
232261
232553
232579
232605
232914
233426
233527
233873
233948
233993
234006
234343
234716
234769
234778
235203
235224
235259
235294
235309
235310
235335
235360
235368
235369
235581
235898
235930
236336
236349
236533
236557
236660
236735
236795
236812
236828
236857
236908
236971
237339
237386
237457
237467
237921
237922
237923
237937
237995
238202
238213
238685
238710
239009
239067
239369
239567
239703
239986
240189
240419
240434
240715
241054
241067
241081
241176
241197
241199
241214
241218
241235
241266
241316
241405
241411
241437
241462
241483
241990
242296
242443
242467
242533
242583
242637
243043
243061
243093
243118
243180
243184
243211
243345
243352
243435
243454
243476
243706
243707
244099
244101
244188
245324
245346
245405
245700
245895
246084
246229
246267
246338
246399
246420
246480
246525
246542
246545
246563
246661
246679
246850
247241
247271
247557
247705
247800
247830
247906
247970
248214
248225
248326
248340
248342
248346
248597
248605
248632
248846
248856
248859
248925
249050
249056
249059
249061
249143
249170
249205
249243
249255
249267
249365
249379
249389
249526
249600
249905
249921
249929
249964
250660
250693
251163
251164
251282
251475
252581
254818
254891
254922
254995
255016
255062
255902
256342
256377
256388
256429
256509
256923
256930
256969
256986
257005
257013
257048
257075
257077
257106
257131
257135
257469
257540
259321
259938
260788
260803
260830
260832
260904
260945
260999
261022
261028
261113
261114
261121
261152
261192
261205
261218
261244
261307
261361
261379
261561
262218
262314
262599
262625
262700
262790
262927
263166
263250
263562
263662
263706
264058
264069
264173
264271
264725
264762
265853
266393
266419
266769
266878
266952
268057
268092
268113
268126
268144
268145
268150
268421
268539
268578
268582
268592
268653
269081
269514
269579
269582
269586
269672
269765
270562
271163
271353
271759
271861
271896
271943
272280
272665
272794
272828
272885
272899
272925
272946
272949
272953
272981
273047
273747
273944
274286
274408
274444
274464
274466
274501
274875
275183
275210
275243
275257
275358
275367
275394
276222
277025
277711
277753
277775
277780
277787
278412
278764
278820
279013
279030
279214
279253
279546
279581
279702
280363
280448
280644
280648
280649
281089
281228
281413
281547
281611
281622
281648
281650
281853
281865
281877
281957
283195
283371
283688
284013
284537
284565
284628
284782
284788
284988
284993
285133
285526
285764
286208
286458
286512
286604
287214
287431
287945
287988
288180
288289
288310
289499
289674
289777
290296
290362
290420
290435
290441
290471
290499
290609
290627
290691
290746
290819
290824
290846
291000
291159
291347
291449
291535
291540
291687
291754
291811
292201
292206
292226
292326
292537
292590
292777
292987
292991
293030
293058
293235
293367
293485
293952
294003
294127
294302
294326
294719
294773
294820
294870
294900
295007
295090
295258
295438
295715
295889
295979
295980
296093
296190
296217
296268
296599
296728
296903
297181
297375
298210
298219
298619
298671
299214
299215
299228
299666
299690
299761
300693
300699
300731
300742
300758
300759
300764
300832
301245
301300
301418
301425
301427
301456
301458
301518
301530
301782
303123
303595
303637
304252
304267
304276
304313
304365
304458
305278
305738
305825
305829
305856
305861
305880
305893
305906
305916
305943
306084
306090
306098
306211
306246
306270
306301
308850
308858
308881
308925
308990
309007
309030
309538
310239
310270
310584
311777
311800
311846
311848
312341
312431
312693
312726
312740
312746
312756
312865
312885
314254
314256
314283
314284
314293
314321
314334
314336
315734
315745
315757
315802
315851
315852
316202
316212
316389
316411
316419
316566
317204
317437
317477
317867
318754
318766
318846
318892
318915
318947
318956
318960
319009
319049
319389
319970
320000
320116
320783
320801
320847
320938
320979
321709
321942
322040
322192
322195
322306
322476
323539
323853
323874
323928
323945
323967
324038
324052
324651
324652
325344
325497
325975
325998
326005
326011
326098
326214
326256
326277
327026
327347
327355
327431
327434
327497
327937
327954
327961
327971
327974
328611
328639
328644
328655
328666
328685
329040
329170
329407
329845
330095
330137
330430
330475
330625
330900
331087
331256
331943
332140
332194
332767
332797
333849
333953
334872
336186
336269
336291
336308
336435
336439
336454
336455
336476
336477
336719
336829
336915
337092
338052
338054
338087
338145
338153
338686
338732
338816
341162
341209
341253
341397
342120
342541
342731
342780
343189
343302
343319
343361
343540
343571
343580
344083
344481
344498
345035
345485
345971
346401
346693
346712
346713
346813
346921
347010
347031
347142
347390
347424
347865
347866
347901
348084
349211
349269
349276
349314
349338
349353
349738
349782
349830
349906
349932
350227
350321
350374
350950
351838
352269
353007
353133
353465
353501
353520
353632
353636
353638
353644
355039
355051
355059
355064
355079
355109
355501
356118
356551
356600
356703
356757
356779
356787
356797
356820
357002
357471
358170
358194
358247
358259
358270
359732
359750
359782
359799
359882
360123
360197
360840
361250
361323
361355
361378
361851
362337
362342
362354
362495
362845
362957
363851
363895
363937
363940
364382
364462
364901
364948
364962
365546
365639
366237
366894
366897
366939
366964
366966
366978
367230
367556
367559
367579
367613
367827
368013
368054
368059
368060
368624
368628
368815
369306
369338
369588
369873
371209
371213
371253
371256
371762
371766
371781
372443
372448
372598
372643
372685
372696
372921
372926
373334
374563
374569
374572
374583
374603
375011
375036
375346
375389
375896
375949
375998
376025
376058
376312
376323
376508
376584
376625
376762
377428
377444
377823
377852
377919
377961
378026
378721
378785
378816
378849
378860
379392
379424
379454
379788
379999
380916
381463
381466
381492
381498
381502
381519
381520
381532
381868
381940
382357
383878
383918
384085
384094
384498
384517
384783
384832
384863
384867
384905
384921
384969
384970
384982
385009
385118
386375
386486
386810
387017
387068
387217
387239
387247
387263
387288
387960
388633
388672
388702
388715
388737
388989
389105
389135
389136
389159
389232
389338
389632
389984
390498
390666
390683
391241
391582
391620
391656
391892
392099
392514
392955
393027
393134
393150
