179
5922
9506
12203
13038
16185
16521
17008
17159
17768
18475
18993
20666
25756
26584
27191
27897
28288
28312
29711
29888
30408
30622
30627
31195
32809
33731
33749
33970
34531
34558
34619
34621
34622
35514
38000
38300
40688
41137
41258
41295
42087
42096
42314
42371
43146
43206
44405
45318
45609
45722
45866
46495
47082
47851
48352
48620
50416
50538
50757
51004
51129
52004
53795
54882
55083
55923
55925
57385
57824
57845
58776
58890
60171
60463
61654
61727
61802
62376
62423
62724
62817
63204
63757
65279
68540
69921
72586
72808
73635
76553
77586
78525
78575
78830
79118
79334
81979
82005
82641
82989
83238
83524
83527
83934
84432
86231
86282
87270
90804
91683
91793
92216
95700
103586
104040
104126
104160
104280
104583
104690
104944
105416
105897
106141
108926
109270
109289
109807
109842
111401
114013
115557
115591
116213
118887
120667
121364
121450
121643
123252
126981
127366
127409
128034
128241
130146
131448
133944
134997
135168
135184
136071
136304
139694
139896
139976
140011
140199
140342
140371
140398
140672
141009
141067
141256
143447
146846
146849
148380
149092
152002
152797
153643
154140
154883
154888
155530
156608
157849
159102
160212
160865
161106
161884
163371
163422
163479
163578
164085
164145
164165
164167
164172
164390
166640
166643
166866
167960
170030
170541
172000
176417
177013
177864
178094
178171
179346
181094
184523
184681
184893
184933
185554
185776
189875
189933
190224
190236
191374
191398
192990
195637
195754
195777
195861
195909
196650
196764
197080
199746
201219
201327
201409
201697
201740
201872
203049
204200
205479
206233
208402
208962
209633
209893
210380
210922
216252
216453
217717
218409
219219
220699
221678
222010
223776
223831
223872
225083
225208
226395
226778
230127
230717
230867
231026
232272
232995
233285
233628
234787
234937
238683
240760
241354
241492
242703
243005
243985
244612
247083
247947
249063
249757
250004
251522
251716
254938
255253
255312
256814
259395
261469
262902
263585
263962
265128
265903
266889
270599
270662
271242
271248
271250
272544
274361
274436
278562
278676
280972
281576
281664
281847
282447
282936
284772
286682
286845
289788
290282
290783
291841
293249
293520
294056
295214
296289
297642
299813
303673
304382
304401
304462
309607
309629
310118
310330
310489
312389
312671
314511
314972
317180
318990
319995
320136
321595
322047
322172
322687
323506
323514
324146
324275
324757
325532
327487
327980
331286
331964
333211
333703
333896
334556
341538
341550
344261
346865
348840
349481
350440
353768
354120
360672
360884
363250
364036
365615
365627
365709
365753
367865
369862
371286
372205
372657
375399
375472
375590
376349
377027
382677
384587
385500
387199
387422
388699
389236
390134
390158
390279
391324
392652
392660
392928
