18405
27532
29903
29959
54900
67268
76564
79474
82706
104452
116017
116778
120144
126787
127146
133621
134468
135132
136653
136761
139804
139862
144656
146738
150561
161395
166665
173758
173846
181600
182626
184637
189793
198695
205545
206045
207126
208873
213405
224640
226973
232829
239672
241865
241884
252622
255137
261166
263320
264457
269810
271877
272849
273056
277022
279864
280335
285552
286415
288919
290053
290155
290370
290455
294885
295017
297078
303177
304520
305385
309642
314356
314900
316292
321328
321903
324786
330965
332378
332556
333774
333866
334776
338116
338152
346165
347894
349387
355431
356859
358758
362912
366061
370796
378781
383984
384132
387398
390204
392560
392716
392728
