1911
1941
3923
4230
4255
8376
8550
8913
9829
12307
13035
15545
15615
18036
19034
21930
22647
22699
25800
29973
30764
38046
38684
39405
39427
46629
51888
55439
55505
56985
57759
62489
63491
65389
68247
69566
73769
73886
79097
82011
83722
85162
92281
97700
99850
100133
100231
112553
114830
115088
119918
119922
119935
120329
120618
120761
124174
124791
127449
127469
128126
128254
128858
129241
131502
132868
134429
134562
134642
141557
141701
142470
143621
145373
145421
145718
145833
145960
146961
147836
148234
150033
152900
153357
154960
155125
156717
157375
159937
162227
162280
164843
164858
168525
168557
169509
171513
171562
173083
173643
175936
177940
177943
178295
181256
181275
181633
182062
182069
182204
184955
184961
187011
187423
188341
193293
194384
194741
194742
194743
194860
194927
197478
198722
200465
200902
202982
203156
203157
203159
204851
204856
205134
207380
207387
207591
207605
207623
209919
212345
212490
214483
215089
217039
217208
217891
218241
221778
221982
222488
222490
223211
223992
225879
226233
226612
227074
227755
231400
232088
232165
233893
233950
234093
236103
236114
236673
236852
236856
236925
237255
237861
238560
238804
238834
238847
239213
239692
239845
241093
241528
242682
242851
244397
244488
247920
249246
249284
249324
250128
250132
252312
254490
258148
259425
259591
259869
260370
262912
266893
269509
269525
269611
270396
271440
273283
274032
274543
274810
275012
275245
279265
280768
283992
284010
285910
287284
289113
289143
289188
289231
289564
294180
295719
296555
296810
296860
299003
299434
299444
301870
302922
302929
303455
306215
307381
307755
307774
310738
310757
310994
311072
313801
316539
319193
322208
326064
326069
326084
328770
329033
329065
329921
330303
330514
330516
330522
330526
332014
332262
332288
332296
333171
335366
336541
336549
336754
337067
339183
339184
339200
339885
340010
340082
340102
340148
340224
340961
341835
341844
344913
344927
345226
345240
345367
346263
347413
348689
350054
350325
351103
351339
351733
354626
354975
355761
356792
358031
360796
361991
367118
367135
367139
368901
368924
369987
370937
371105
371533
374293
374331
374453
375664
376364
377654
377675
378527
378578
380779
380788
383487
383530
385091
385107
385780
385783
386750
387341
393184
