19466
25105
27168
40519
40543
40563
44366
54471
66818
74247
75760
78952
82761
84471
87733
93653
95271
99658
100097
110174
113490
114175
115579
121359
123038
129160
129526
144654
147908
148993
150019
154071
159985
163985
166441
172717
175514
179183
182727
182785
183285
187235
187759
192086
192207
192406
195606
196757
201114
201682
204002
208108
208862
208927
211793
212515
214800
216426
221233
225564
225983
244423
251240
251293
254708
256063
256261
256827
261047
261089
261246
261905
264033
264721
265825
265856
266326
266361
269574
273625
273754
276876
277732
277786
278632
278847
278995
280640
280988
281517
282962
283659
286392
287413
287928
290245
290711
293963
294064
295251
296618
297149
297153
298622
303180
303559
304399
305095
305918
308920
311856
312347
312375
315622
316402
316686
317876
319032
325229
325916
327359
330474
337079
342636
343967
347004
348106
348382
349360
355515
356643
359278
361330
364920
366028
366100
368031
369280
369286
372922
374509
374529
374551
377820
378829
384710
384977
385158
388653
389995
390097
390467
391591
