2076
2554
2961
3943
4278
4375
4691
4901
4936
5593
5615
6266
6567
6589
6999
7011
7031
7080
7255
7283
7462
7479
8393
8650
9320
9349
9420
9466
9474
9734
10317
10541
10891
11457
11461
11520
11564
11913
12056
12118
12228
12328
12334
12512
12837
12999
13864
13906
14051
14123
14250
14381
14411
14412
14454
14510
14683
14944
16476
16612
16821
16832
17075
17717
17875
18294
18422
18918
19116
19962
20794
20988
20999
21465
21483
21639
21683
22022
22314
22405
22530
22834
22877
23217
23729
23735
23748
24245
24473
24680
25354
25562
26316
26504
26549
26737
27286
27385
27618
28146
28570
29157
29175
29221
29256
29366
29525
29619
29633
29638
29666
29805
30025
30073
30301
30604
30607
30729
30862
31104
31153
31507
31581
32608
32812
33058
33076
33456
33525
33559
33915
33958
34761
35086
35110
35173
35393
35668
35695
35782
35867
35978
36447
37079
37104
38105
38710
38843
38869
39156
39501
39560
39845
40345
41546
41575
41712
41783
41922
42518
42861
42880
43288
43740
43785
44063
44101
44109
44144
44615
44765
45832
45917
46326
47231
47247
47269
47312
47313
47389
47449
47470
47975
48021
48045
48407
48658
48725
48856
49763
49779
49847
49959
50060
50128
50178
50216
50520
52833
52987
53005
53041
53489
53634
53666
53839
53995
54018
54701
55709
55717
56379
56476
56588
56611
57093
57217
57246
57283
58053
58425
59396
60059
60392
60409
60470
60974
61072
61153
61262
61321
61661
63026
63275
63592
63696
63958
64433
64730
65270
65275
65572
65743
65881
66249
66284
67320
67600
67722
67724
67778
67832
68430
68604
68737
69251
69252
69310
69617
70106
70112
70234
71777
71867
71928
72136
72538
72546
73086
73209
73384
73849
74776
74799
74873
74913
74959
74980
75054
75069
75070
75113
75181
75205
75215
75275
75319
75411
75631
76871
76937
77147
77159
77210
77952
79088
79139
79575
79590
79803
80241
80337
80347
80397
80479
80534
80637
80672
82114
82198
82224
82268
82312
84654
85308
85557
85731
85856
86449
86451
86570
86770
86927
86936
86998
87018
88310
88381
88535
88599
88698
88789
88800
89080
89331
90028
90852
90917
90976
91261
92379
92406
92411
92456
92480
92844
94385
94670
94897
94918
95023
95086
96370
96380
96381
96480
96642
96689
97806
97931
98027
98201
98212
98269
98301
98315
98317
99540
100390
100733
100889
101084
101091
101126
101591
102037
102068
102076
102185
102310
102682
102800
103125
103164
103408
103842
103938
103996
104056
105721
106332
106370
106402
106544
106882
107102
107324
107381
107492
111929
111985
112041
112182
112242
112250
112292
113032
113246
113606
113625
114122
114692
115006
115344
116067
116216
116531
116764
116790
116796
117326
117399
117644
117869
118544
118577
119996
120461
120475
120527
120625
120954
120998
121915
121971
122019
122043
122115
124167
124176
124277
124308
124374
124451
124456
124494
124518
124522
124625
124638
124829
124851
124867
124876
124890
124919
125033
125052
125133
125229
125236
125347
125351
125500
125682
125775
125891
125952
126603
127605
127666
127677
127883
127890
129763
130420
130426
130446
130530
131580
131646
131717
132197
132556
133141
133956
134240
134338
134519
134931
134944
134945
135604
135611
135646
136207
136869
137261
137273
137300
137302
137310
137346
137360
137493
137604
137626
137732
137767
137789
138857
138976
138983
138992
139050
139051
139089
141586
141629
141870
142325
143730
143735
143759
143850
144134
144563
144925
145598
145876
145916
145944
145957
145958
145987
145994
146974
146999
147022
147066
147145
147467
147555
147594
148111
148165
148226
148486
148508
149219
149268
149341
149671
149727
150356
150358
150382
150681
150702
151519
151531
151546
151557
151963
151971
152697
152887
152911
152930
153370
154311
154697
154999
155258
155623
155646
156184
156775
158363
158847
159223
160409
160462
160700
160954
160960
161026
161517
161549
161851
162009
162495
162538
162544
162591
162647
162693
163032
163139
163725
164469
164802
165174
165292
165992
167737
168068
168204
168404
168820
169656
169671
170279
170972
171725
171747
171793
172479
172588
172997
173570
174072
174083
174098
174118
174246
174266
174619
174660
175405
175582
175715
175813
176076
176091
176121
176667
176715
177158
177204
177283
177301
177755
177785
177791
177800
178470
178471
178524
178820
179609
180211
180292
180311
180360
180374
180448
180861
181375
182258
182958
183003
183096
183146
183187
183189
183324
183697
183926
184311
185262
185971
186487
186527
187082
187089
187494
187941
187949
188217
188427
188585
188606
189223
189272
189320
190183
190288
190722
190734
190766
190852
191302
191981
192368
193090
193151
193161
193895
193918
194025
194051
194144
194221
194224
194235
194245
194375
194679
196230
196241
196282
196283
196387
197566
199016
199867
200668
200785
200821
200853
200861
202447
202466
202505
203279
203365
203407
203425
203439
203470
203488
203522
204377
204629
204660
204675
204829
205231
205690
205716
205718
205785
205796
205803
206370
207957
208616
209936
209979
210228
210723
210745
211086
211118
211546
211578
211672
211946
213474
213499
213519
213542
213558
213811
213818
214134
214632
215322
215415
215418
215596
215653
215678
215833
216101
217149
217691
217714
217732
218139
219553
219999
220019
220043
220086
221517
221633
221635
221991
222093
222939
222986
223007
223056
223060
223083
223116
223517
224072
224276
224803
224868
225109
225155
225332
226119
226186
226215
226249
226599
227144
227823
228740
228743
228775
229061
229064
229081
229326
229925
229938
230144
230545
230825
231075
231094
231202
231433
232035
232389
232401
233163
233182
233196
233704
234169
234421
234507
235057
235064
235647
235653
236175
237421
238066
238089
238094
238531
238871
238894
238898
240855
240878
241557
241937
242206
242767
244215
244726
244772
245088
245129
245191
245200
245654
246152
246376
247770
247795
248642
249793
250047
250102
250292
250301
250313
250351
250401
250594
252112
252851
253482
253483
253496
253518
253542
253559
253593
253738
253775
254491
254492
255558
255589
256615
256656
256701
256774
257258
257605
258811
259704
259712
259746
260455
260558
260596
260652
261864
261884
262052
262521
263077
263115
263245
263287
263340
263361
263394
264792
264818
265191
265193
265197
265498
265510
265516
266088
266122
266510
266561
267016
267666
267905
267914
267919
267923
269174
269463
270575
270724
270956
271443
271447
271469
271520
272185
272209
272644
273293
273330
273367
273370
273432
273473
273671
274974
275610
275761
276237
276298
276684
276780
277287
277376
278025
278088
278605
279132
279234
279413
279603
279905
279943
279947
280056
280480
280818
280895
281430
281511
282223
282430
282524
283039
283078
283298
283495
283597
284679
284685
284725
285639
286125
287399
287542
287557
287701
288003
288036
288281
288637
289274
289567
290816
291725
291772
291853
291996
292062
292078
292976
293852
294016
294322
294525
294856
295049
295430
295713
295811
297001
297134
297286
297725
297764
298808
298835
298869
298873
299451
299529
301048
301102
301234
302274
302334
302335
302842
302862
302881
303329
303349
303356
303357
303361
303376
304002
304104
305574
305624
305716
307078
307194
307828
308036
308104
308151
308729
309811
309857
310044
310165
310283
310476
310663
311177
311198
311586
312044
312549
313049
314088
314652
315259
315299
315395
316044
316055
317172
317272
317348
317759
318452
318461
318469
318482
318484
318753
319048
319397
319501
320362
320424
321327
321907
322997
323188
323218
323259
324347
324386
325403
325878
326776
327150
327729
327732
327755
327771
329057
329444
329892
329941
330310
330579
330592
330617
332444
332498
332713
332868
333242
334462
334997
335293
335333
336059
336060
336078
336650
337008
337219
339704
339718
339769
339830
339931
341063
341916
342063
343385
343862
344025
344085
345171
345275
345289
345729
345780
345815
346323
347281
347382
347631
348504
348604
349091
349103
350599
350609
350624
350630
350690
351631
353257
353912
354869
354894
357123
357968
358494
359028
360269
360271
360702
361122
361126
362102
362700
363261
364766
367321
367492
367738
367900
370546
370553
370637
371398
371903
373171
373956
374723
374746
374779
374877
375198
376398
376753
377571
378065
378109
378110
378135
378156
378561
378599
379551
379923
380329
380368
381756
382666
382853
383458
383469
383837
384328
384644
384680
384803
385379
385394
385968
386637
387578
388426
388510
389376
390048
391066
391137
391448
391456
391810
