293
1521
2326
3985
4461
11510
16266
17430
19677
20395
24630
28477
28951
30715
34579
35317
35548
38215
39187
40906
41418
42735
45554
47619
47775
53177
53941
55930
56124
56593
57249
58214
58385
58789
59786
60759
62397
62949
63009
63189
65631
65732
66096
66635
66859
67551
68032
68690
68912
68992
69157
70652
72352
73471
74473
75927
76459
77133
77723
77731
77796
78166
78881
80810
81173
81271
82804
83617
84287
84790
85109
85604
86082
89077
91114
91797
92081
92242
93579
95187
96550
97065
99268
103277
104350
104470
104502
104862
105241
105337
105549
105569
107121
109737
111004
111291
111707
111813
112835
113307
114911
115135
116950
116982
117678
118758
119856
120315
120879
121495
121533
122899
123111
123595
123783
123997
126987
127168
127227
128101
129534
129673
130181
133507
133642
133697
133757
134030
135055
136368
136838
139487
139535
139723
139988
140043
140330
140395
140484
140538
140571
140773
140846
140935
143423
143466
144338
144375
144419
144455
144685
145691
146413
146598
146681
146793
146800
146832
147293
149087
151866
152126
152600
154865
155172
155395
155844
156423
156600
156619
156626
157265
158571
159263
161083
161691
161862
163647
164104
164192
165049
166472
166661
170758
171199
172276
172293
172296
172369
172806
174359
175019
175068
175561
175623
175981
179077
181694
182673
182776
185005
185897
186232
186625
186631
188498
188744
189402
190437
190685
191113
191337
191886
192510
192512
192517
192555
195399
196623
198698
198810
199226
199509
200316
201603
201899
202303
203990
204115
204133
204240
204519
206000
206607
206684
206712
207750
208766
209347
210836
213256
214629
215777
215778
215780
215963
216137
216172
217238
217310
218278
219450
219469
220639
223705
223715
225375
226040
226904
228064
228273
228650
229236
230561
231706
232268
232589
232935
233657
234810
235337
236392
238731
239386
239518
240384
242313
242325
243359
245222
246039
247021
247195
247352
249973
250668
250720
252653
252654
253277
254579
254775
254850
255337
256799
256989
257882
258248
261006
261372
263643
265666
267087
267224
267477
268088
268152
268521
269128
269443
270461
271123
271145
271192
271345
271844
273068
273217
274552
276166
276205
276546
277006
277879
278992
279866
280146
280151
282320
282600
283157
284836
284977
285161
285543
286024
286333
286338
286381
286687
286697
287594
288241
288664
288810
288894
289792
290188
292649
292732
292949
293779
294226
296119
296192
296262
296415
297207
297211
297554
297556
297577
298719
298752
299663
299707
299828
299921
300477
301749
301774
301984
302163
302185
302198
302794
303152
303213
304238
305473
305968
306167
306648
306894
310035
310593
310864
311112
311334
313847
315016
316117
316370
317222
318165
318177
318788
319945
321432
321927
322923
322934
323484
323503
323554
323894
324048
324082
325346
325881
327009
327437
327515
328497
329686
330127
330143
330479
330714
330716
331017
331631
331967
332160
332778
332973
333445
333957
334454
334865
336962
338047
338094
338108
338131
338201
338220
341150
341156
341194
341547
342821
342845
344473
344530
345045
345585
346133
346678
346727
347348
347888
348140
348152
348386
348815
349344
350313
351834
352570
352996
355008
355025
355527
355561
355621
356452
359131
359456
359691
359967
360195
360351
360885
360891
360905
360956
361034
361251
361456
361840
362468
362580
362590
362795
362979
363951
364007
364493
364984
365272
365600
365694
366769
367530
368749
368834
369638
369770
370501
370523
370815
373339
373861
373940
374555
375050
375304
375331
375391
376294
376510
378711
378759
378822
378884
378949
378976
379867
380944
381464
381973
382078
382148
382614
382803
382819
383324
383702
384078
384537
385378
385469
386397
386844
386930
387558
389188
389211
389286
390669
391271
391631
392092
392126
