3330
3556
5900
8773
15752
16485
16715
17230
18477
18483
18720
19482
19862
20925
22118
26516
26695
27738
30684
31307
34210
34228
34339
34532
35627
35997
38315
38591
39094
39260
40976
41203
42089
42493
42985
43152
43625
43628
43637
44463
44551
48153
48446
50661
51229
51764
51823
52685
54237
54286
56970
58530
58917
62480
63312
64099
65246
65264
65280
65712
66062
70010
70035
71655
73933
77158
77495
77913
78231
78917
79479
80035
80062
81996
83146
84008
85423
86200
86202
86264
86409
88100
89884
90053
90137
90156
90316
90374
90768
91568
91838
92116
92185
93757
96588
96593
97472
97672
102216
104574
105076
105616
105859
105864
106085
107861
110518
110727
110819
111283
111305
112230
112660
113347
114626
115257
115889
116352
116449
116558
116581
116589
116880
116881
116991
118415
118441
118452
120569
121425
121557
121635
121706
121710
121739
123915
123979
124124
127307
127461
128412
130256
130330
130362
132968
133597
133982
135373
135384
136267
136448
136552
136724
137187
138596
138617
138668
138791
138822
138851
140070
140109
140340
140901
141046
145231
145268
145269
145450
145458
146123
146184
146243
146246
146785
148456
149831
150041
151382
151496
154134
154162
155116
155536
156596
156670
158119
160132
160274
160870
161566
161700
161737
161817
161836
162935
162939
163688
164200
164581
165131
165672
165882
166646
166871
167656
167681
169109
169212
169286
169356
169374
169405
169942
170772
170859
171528
171948
171978
171982
171989
172001
172036
172065
172395
173989
174021
174028
174565
175259
175994
176012
176047
176562
177098
177113
177629
178083
178096
178541
178734
179474
179507
179520
180061
180170
180773
180776
182878
182912
184221
184485
184833
185945
186971
187630
188179
189197
189408
189921
189941
189948
190214
190500
190588
191198
192591
192605
193897
195666
195742
195888
197459
198677
198835
199987
200100
200620
201876
201933
202404
203245
203333
205597
206213
206288
206677
206899
208364
208975
209425
209461
209494
210115
211895
211903
212316
212346
213000
213001
213225
213796
214068
214080
214470
214707
215133
215572
215771
217649
217661
219922
220834
221851
221906
222171
223316
223318
223375
223432
223441
223480
224661
224688
226414
226528
226532
226556
226593
227742
228683
228746
228892
228906
228958
229295
229299
230994
231017
231951
232361
232568
232657
232713
233002
233059
233075
234376
234489
234517
234900
235286
235354
235400
236054
236075
236091
236099
236101
236684
236728
236995
237630
238331
238345
238346
238348
238421
240306
240433
240498
240508
240774
240784
241022
241618
241790
241824
242069
242072
242098
242352
242374
242379
242415
242673
242832
243048
243129
243279
243367
244959
245448
245592
245867
245924
246459
246745
246901
246982
246997
247063
247067
247099
247138
247147
247591
247643
247684
248115
248356
248380
248387
248399
248534
248542
248838
249235
249293
249642
249683
250044
250523
250560
250888
251596
251809
252176
252219
254159
254257
254421
254899
255124
255410
255470
256894
257739
257968
258651
258812
260118
260211
260275
260276
261533
261779
263043
263332
263514
263772
264201
265998
266039
266837
267833
268721
269137
269140
269828
269920
270764
270771
270898
271277
271696
273174
273233
274017
274028
274048
274057
274512
275661
275927
277080
277085
278407
278478
279241
279542
279692
279739
279937
280181
280694
280728
281322
281358
282203
282817
283908
283912
284327
284354
284397
284989
285139
286746
287469
287634
287936
288428
288444
288457
288689
288850
288884
289033
289059
289338
289619
291108
291414
292455
292547
294043
294184
294344
295380
296027
297403
297490
297495
299731
299986
300192
300233
300236
301570
301819
302384
303772
304717
304757
305310
305470
307174
307204
308341
308366
309202
309677
310061
311973
312780
313972
314450
314610
315052
315904
316096
316819
318255
319096
319156
319205
320189
321649
322072
323550
324212
324262
325589
326586
326623
327074
327093
327552
328427
329493
329647
329869
331277
332420
333090
333502
333622
334177
334272
334576
337428
337821
337852
337931
337943
338440
338468
338897
339533
340581
340603
340642
340687
340726
341664
341778
341828
341915
343128
344206
344358
345080
345557
345599
345636
346747
347368
347747
347754
348173
348931
349466
349962
350432
351865
351909
352045
352531
353294
353464
353582
353770
354199
355188
355599
355747
356199
356495
356761
357213
357418
357520
358371
358421
358439
359331
359333
359418
359852
360233
361515
361521
361531
363046
363057
363439
363444
363455
363481
363512
363974
364502
365285
365453
365459
365980
366109
366533
367041
367239
367265
367965
368129
368147
368326
368377
368405
369183
369238
369240
369713
369800
370334
370370
370398
370634
370664
370841
371789
372278
372283
373118
373808
374007
375070
375113
375123
375502
376026
376064
376328
376623
377079
377252
380247
381257
381306
381693
382002
382272
382281
383754
383762
384600
385424
385869
385927
386244
387167
388058
388265
388605
388823
389254
390341
391064
391326
391658
391717
392318
392894
392973
