3815
8832
10026
11939
12092
15666
18333
22286
26727
29465
32637
41156
46366
48207
50549
57975
58331
59544
60144
65935
66868
70470
73724
75710
82438
85133
91321
93651
94668
94790
95801
101537
101688
102972
104526
107034
107603
107638
108346
109717
113064
113089
113149
115592
116821
119489
119738
122711
123541
123598
125204
128394
129964
130036
130909
133872
134076
138465
140579
145685
145686
146059
151003
151071
151760
153546
155752
158724
160495
160588
162200
164817
165453
165714
167100
168032
168514
170446
170465
173366
174780
176833
179883
179929
182407
184039
184440
186010
186158
186907
187856
188466
188476
191670
191804
193513
194988
195281
197878
199973
200537
200963
201121
202842
203175
203667
204794
207107
207145
207680
211658
212237
213711
214378
217087
217846
217885
217912
217916
222535
222540
222563
222608
223249
223262
224438
224588
227350
228648
229084
229706
230301
231181
232179
232891
233519
234115
234196
234255
234270
234324
234675
235352
235818
236860
237333
237839
237929
239122
239548
240562
241105
241380
241539
241584
242059
242166
242194
242322
242391
242477
242582
242944
243063
243468
244842
245616
247372
247539
247608
247790
247834
248016
248648
248717
248872
250235
250645
250655
251259
251500
251601
253141
253900
254939
255762
256010
258257
260736
260817
261172
263707
264540
269960
271659
271843
272593
274345
276930
276994
277955
278235
278285
278370
278700
278793
278805
278924
279334
280563
282826
282829
285061
285251
287770
287822
288058
289175
289349
289382
290369
291809
292437
292701
294604
295163
296900
300351
300389
300607
301345
305111
305179
305181
305697
306018
310966
313174
313479
313489
313509
314715
314780
316477
316996
317058
317554
319634
323833
323861
324486
325201
325274
325435
327257
327381
327390
328201
330734
330883
331110
332088
332491
332812
334019
334396
335526
336152
336289
336682
336752
336957
339185
340230
340362
342100
342326
342409
342586
342676
343287
343349
343922
344197
344632
345518
347046
348325
348849
349037
351020
351080
352324
353334
354239
354248
355456
357264
358578
358618
359702
360485
360827
362185
362691
362738
366155
367777
369074
369741
370990
371106
371971
372549
374309
375833
376499
377687
377726
378317
378337
379353
379369
379558
381433
382123
383248
384069
384412
385555
385812
386768
389946
390396
391202
391214
392015
392282
392300
392702
