396
21195
27984
30287
32656
40037
48314
49534
57208
58389
76073
76144
77285
82823
85421
85993
87788
88054
93331
93538
95533
103202
103427
103607
103622
104259
109027
111189
111294
114609
117168
120436
126273
126319
127278
127289
128593
128628
129880
135975
139899
143561
145506
147881
148893
148958
150093
151251
151268
153959
153987
154767
155303
157605
157893
159680
160021
160548
160917
164114
164764
165004
166516
171212
172267
172817
177590
179280
180698
180727
181334
182386
184098
184123
184622
187173
187881
192803
192808
192844
192875
192877
192908
195481
196600
196823
198675
198705
201624
201833
204476
206047
206616
207211
207340
207698
207721
208842
210092
210118
211346
211757
211789
211791
212598
213315
214014
215953
216165
216433
220594
221270
223659
224210
224633
225295
226751
226769
226917
227420
228674
229107
229110
229168
229173
230645
233593
236500
238002
238613
238627
239200
242298
244002
246060
246743
247206
247335
248621
248645
249891
252516
254106
254716
254945
258145
258458
258578
260007
264751
266351
266638
266852
266980
267480
269209
270500
270569
271689
272651
272863
273044
274111
274508
275717
276961
276976
277650
277822
278231
279533
279735
280319
280330
281264
283328
283684
285121
285197
285445
287076
287226
289355
290337
290628
290938
292260
293240
295204
296570
296668
298645
299124
300638
301417
302750
303146
305811
305846
305854
306314
307507
307509
308948
311648
311690
311782
311859
314329
314854
314990
315707
315723
315773
315862
317663
318829
319942
320856
322845
323524
323839
324638
326246
327429
327878
327894
327938
331174
332542
332887
336345
336503
336678
338628
338774
338778
338880
340393
342237
342515
342728
344084
344745
344778
344781
345956
346351
346777
347088
347822
348134
349170
349835
350244
351164
351175
352206
352400
354314
355009
356129
356513
358308
359780
361817
363878
363986
364788
364898
366752
367809
367997
368586
368819
369396
369397
369400
371143
371169
371225
371662
371701
372019
374092
374121
376167
376425
376611
377413
377424
379389
379816
380320
382373
383902
383956
384012
386315
386838
387672
388642
388996
389093
389112
390920
