410
1403
1534
1613
4585
5553
5948
6325
6906
9035
9607
9758
10861
11044
11434
11888
13788
14342
14441
18753
18799
19683
21594
24856
25179
26124
26244
30480
35648
35777
36192
36197
41381
43843
44512
46074
46083
46165
46635
46918
49428
50771
50957
51472
55569
58792
59791
64263
66935
66974
68472
69149
73833
75809
79920
91499
93434
96149
97366
97417
101752
103456
104932
108547
114706
117083
117360
118992
124044
148737
149534
157811
160463
164093
173226
174989
177001
186623
192779
201568
218684
221141
225371
248232
258385
258481
264720
276145
290583
291980
304158
311842
338811
351174
354310
356976
368577
368595
