569
2289
3027
3889
6696
6895
8007
8480
9914
13613
15124
16089
16096
16846
18510
19023
19334
20049
21886
22225
23358
24742
25876
28638
29391
30417
31642
32182
33435
36597
38436
39752
41858
42860
46667
46914
46942
47066
47804
51596
51600
51605
51691
52461
52598
55036
55264
56759
63318
64344
64622
68340
68989
70755
70959
73052
73827
74161
75941
80486
81121
81129
83690
85719
88418
88847
93441
93671
94793
96333
96950
98587
98679
99058
99105
101140
101231
102773
102796
103305
103593
103671
105482
108174
108461
109895
110392
112679
116095
118203
120483
122528
123260
126361
128401
129507
130061
132360
132676
134024
135778
135812
135862
136314
137129
138104
138333
138483
142307
143600
144101
144615
144980
145066
145328
145838
147375
147894
148673
148726
148728
148903
149506
149865
150053
150989
151049
151200
152431
153025
153071
153072
153819
153894
153925
153962
154986
157573
158416
158965
159230
161031
161618
164003
164590
166408
167338
167489
167818
168312
168626
170304
171057
172249
174285
174903
175913
176857
177466
177476
178159
180565
180598
181014
181379
181449
182104
183012
183071
183410
184108
184141
184785
185742
186186
187873
188807
188869
189366
190082
190618
191132
191831
192651
192666
192845
193532
193538
193620
193656
193664
195177
195305
195433
198373
198375
199930
201205
202325
202399
202891
206559
207244
207443
208043
208812
208941
209167
209213
209818
209838
211644
211715
212776
214118
215176
215277
215727
216416
218648
221092
221144
221242
222787
223726
224350
224359
224523
224540
225022
225549
226330
226722
227615
229585
229686
230303
230393
231289
231296
231480
231929
233248
233284
233571
234685
235762
236473
236512
236851
240401
240629
240638
241671
242513
242753
243307
243584
245913
246870
247458
248588
248844
250196
250482
251166
251179
251592
252316
252472
254026
254875
256106
256176
256597
257477
257815
258222
258285
259190
260754
262253
264620
264621
264633
267422
268063
268449
268961
268998
269971
270431
270516
272650
272658
272952
273851
274351
274581
275153
275214
276087
276097
276487
276491
276812
277551
278889
280388
280981
283200
285467
286863
287000
288596
289307
290922
292104
292525
292689
292898
293457
294419
294631
295230
295308
296942
297055
297994
298050
298074
298116
298590
298649
299164
300423
300444
300483
300555
303557
305049
305077
305293
307322
307357
307377
308619
310242
310317
310811
310831
311083
311669
312301
313485
313499
313528
314776
314857
314873
315663
315764
315785
316613
317906
319807
322231
322827
323488
323901
324559
324635
325098
325236
325338
327836
328935
329809
330350
332333
332876
335172
336203
337185
340371
340513
343526
343756
343828
345011
346740
349674
349731
349790
350515
351145
353079
353383
354618
355028
355330
355421
355894
357686
358637
359564
363596
363832
363836
364862
366887
366915
366941
366958
370477
372630
373275
373617
374096
374436
374557
377798
377822
377832
377935
379676
380624
382269
384492
384515
385054
386321
386401
386458
386770
386813
387315
388848
388960
389067
389103
