606
13544
29503
35658
36358
39745
39748
51187
53707
56748
65842
70877
73122
75890
76378
79870
82955
87168
91023
96849
98909
99813
103450
107362
108426
109986
112823
113540
113719
116799
117335
119366
123450
126733
133514
133985
136819
138418
141990
150816
150966
151088
151104
155756
160602
164864
166292
166384
176851
188063
189856
190362
193484
195328
199927
202723
206480
208051
209763
210339
211657
214383
222640
223235
223618
224471
225054
228342
229445
229957
231300
232197
235765
236481
237561
237567
237781
239936
239945
240152
240549
247126
248843
251977
254658
256110
258131
258259
260738
262468
262763
267180
267310
267736
267752
268932
271052
275501
276003
277443
278324
284821
284860
286572
287982
288273
289453
289773
290319
291599
292037
296099
298491
298525
300446
301734
301787
301817
302104
302545
303572
305804
307841
311092
311328
311607
312937
313035
315729
316064
316846
319556
320763
322110
324421
328288
328353
329785
330380
332340
332528
334048
334374
336166
336309
336785
339295
340254
342281
342553
342789
343894
343907
350493
351014
351378
352918
353962
354013
354417
354431
355383
356786
357419
358644
360239
361279
362499
364777
365660
365774
368132
368738
369081
369331
370188
371135
371661
372391
372506
374387
376403
376633
376908
381882
383925
386293
388893
389027
389468
389730
392785
