729
1372
3269
5492
6476
11113
16498
17796
22697
23004
27295
28870
29815
32893
33160
33313
40080
41184
41410
42188
44929
48810
50684
54391
56233
56263
57061
57522
62418
71346
75777
76394
81876
82901
84401
90834
93695
95597
97755
97765
103546
106059
106061
110333
111396
113852
116051
123437
134008
135031
138108
151256
160852
187230
191156
191364
192290
214410
216223
222361
232927
236408
258552
260741
269795
275418
277014
282288
287509
313267
329409
334778
334861
341755
342857
358713
362435
366023
382023
389843
