778
7845
10982
11426
12284
19981
30346
38593
43087
45800
46222
48516
53272
54647
57873
58138
60043
71612
73336
73674
73698
75647
84892
86417
92282
95356
95466
101755
106880
109595
115032
116883
116894
117213
117270
121807
124027
124062
134219
138716
138811
138830
140067
141463
143609
146183
146257
147990
150648
150649
151903
152549
152853
153272
154151
158138
158827
161939
162927
165863
165929
166882
168685
169272
169313
170867
172017
172043
173906
173917
176004
176601
177092
178699
179492
182832
183514
186325
186616
188165
188186
188187
189213
189515
191536
193016
195899
195944
195947
196080
196158
204235
204589
204787
206732
208994
209915
211428
213095
214098
214498
215574
215583
217007
217653
218426
220365
220734
220877
223461
230003
234172
235401
235431
235451
235492
235496
235972
236053
237987
239250
240493
240507
240768
242082
243673
243757
243886
244540
244541
246946
247636
247997
248070
250926
251973
252789
254303
254339
255056
255440
257430
258755
264409
266031
266900
267872
269847
271961
275780
276679
276694
277941
278354
280034
280416
280429
280740
281863
282497
282621
282747
283168
283818
285683
285717
285765
286084
288436
288688
288859
289124
290896
291607
291900
294335
295060
295115
297511
297928
299276
299337
300084
302321
303794
303820
307107
309048
310347
311472
313592
313647
314518
314584
315174
316763
318223
319201
319236
322554
323523
323606
323615
323625
324834
326054
326744
327601
328465
329533
331579
333272
333326
334242
334317
334559
334682
335651
337347
337393
337675
337846
337898
337965
337967
338417
338444
340600
340762
344262
344335
345647
346026
349008
350545
350817
352622
353176
353177
354205
355207
355209
355574
355711
356868
357204
357735
358399
360440
360558
361037
363023
363370
363511
365794
366362
366558
366560
367455
368828
369537
370070
370624
373510
374671
376029
376512
376731
377059
378384
378458
380415
380416
381698
382133
382404
382514
382552
383712
383812
384183
385294
386213
386258
386549
386840
390630
391679
