87
5914
18959
19689
20664
25847
28912
30517
32394
34411
38395
38601
41363
45536
45653
52194
56341
56974
60235
61820
67020
71724
83118
86371
92262
94246
95318
105203
105577
111461
113267
113317
115325
115843
117243
117315
119903
121901
129259
133016
141307
141513
149776
149974
153289
154966
155302
158596
160888
163004
163010
163012
165233
165991
169404
169429
170163
172075
172973
175101
175365
181143
181231
185484
185532
194067
196145
196163
207378
212323
213108
214437
216212
218301
222975
223054
223466
223479
224771
236678
237822
239503
240505
241504
243014
245530
245880
246052
247354
247823
248141
248799
249338
249428
253693
257403
258907
260190
263423
263678
268727
270161
274559
279144
279387
279500
280748
281739
281757
290389
290712
293337
294952
295318
296386
299372
301577
303289
303311
310086
310928
313450
315030
317980
322467
326059
328425
328440
329145
330813
333168
333624
336713
339665
339727
339834
340749
340806
341825
353628
355242
359432
359454
362536
362926
362931
371815
378050
379497
385060
387460
389792
392695
