883
1365
2094
2130
2454
2473
2512
2768
3072
3533
3771
4296
4710
5080
5744
5829
5943
6630
7169
7509
8474
8886
10208
10403
12338
14221
14276
14607
16008
19754
21505
21750
22038
23359
28120
28474
30314
33389
38180
38680
39822
43779
45238
46790
48936
49924
49944
55585
56436
57266
58165
61064
66212
69439
72225
75047
82073
85646
85735
88276
88770
94359
94507
97915
99430
100142
100365
102172
124184
124191
134882
135564
137318
137727
151520
152313
155605
157536
160913
161543
161627
163729
167729
168748
169644
170901
177203
180847
187509
189436
205624
207036
208528
209539
211577
215221
216372
216575
216923
218839
218840
225417
228781
231156
237344
240284
244012
246601
247072
249376
252872
265141
267074
278060
279223
281993
282672
284465
287751
287911
292774
293472
293577
298772
301622
308722
311145
318868
320369
324863
334521
341850
345146
345178
347184
350596
352118
365076
367054
372367
372868
373916
374845
375159
377529
382840
385213
386871
389358
