945
5765
7306
11028
15438
16005
39967
43796
45877
47985
57248
58330
58641
58817
59737
63126
64273
67841
68284
69080
69518
74017
74160
75018
75914
78066
79144
79186
79560
81301
81394
81800
85578
93052
100073
102608
103056
103459
106768
108081
116057
117616
117901
122227
122234
122382
122424
126166
130904
137174
139112
141873
142764
149674
154489
154506
156192
156197
156829
156992
156993
157871
158096
159484
159665
162209
162355
166335
169045
170475
172611
172774
178441
180315
180550
181373
183276
186103
186845
187863
189849
190029
190364
190602
190673
192852
192854
196489
198486
199997
200504
203167
203232
206003
208086
208103
208283
209636
209645
210831
211214
212175
213052
214119
215255
216741
216970
217572
218743
219820
221333
222741
225531
225823
225945
230096
231257
232140
233131
234268
237834
239055
239086
239957
240628
240899
241897
242580
243580
243893
244340
244804
245851
245859
247183
252389
255755
256065
258225
258274
259091
259179
259625
259815
264502
264517
267274
268028
268310
268841
269651
269710
269957
269958
271109
271655
275402
276093
279256
281965
282345
282367
282934
285082
285451
285617
285707
286810
288188
289544
291845
297370
306144
306169
306579
306618
307784
310448
310834
311108
312337
313521
313810
313866
315497
317532
318695
319840
320613
321742
322720
322740
325273
326340
326689
328310
328328
329164
329173
329605
330064
330561
331187
331768
331917
332300
332316
334704
335532
335548
336679
337158
337162
341071
342016
342297
342957
343418
343903
344171
344712
348404
349127
349133
350503
351033
351073
351447
354627
357287
357437
357663
359260
359462
360591
360609
360819
361180
361198
361607
361678
361730
363229
363232
363585
363781
364015
365240
365344
366175
366737
367220
367549
367889
368250
370470
371723
371740
371988
372774
373153
373414
374044
374619
375759
375790
376787
376940
380573
381194
382090
382765
383201
385246
388678
388968
389469
390427
390743
391243
392291
392762
393065
