4
20
135
298
752
883
1338
2076
25
3
5
15
93
110
145
170
173
410
668
729
808
847
1658
1726
2782
3827
2
148
194
480
945
1222
4203
10000
10369
14916
20494
23255
34052
40134
116763
10
24
96
158
179
221
283
293
375
490
507
778
845
1040
1118
1298
3330
3438
3460
5651
31
780
895
1101
1303
3025
5931
6355
7605
10654
22805
29185
58892
69559
87
260
909
45637
434
1911
3561
6124
63
163
302
3489
5026
6769
7220
396
569
606
1128
1547
3110
3811
3815
4945
7744
8905
10955
11882
12739
13314
17392
18466
19466
21344
25315
28804
29841
32418
53546
159
618
1189
7468
8737
16286
18405
21885
22241
31811
43176
