object expnum ra dec flux mag x y time consistent_f consistent_mag diff_ra diff_dec a b theta
287936 1751559p 21.0232893268 13.6106517517 94508.1796875 19.5603265041 166.177262209 184.540435664 56952.43937 yes yes 0.00842363255629 -0.44630610527 4.21314239502 1.18588018417 -0.691156029701
287936 1751569p 21.0164121707 13.6047396983 131057.992188 19.1993412243 354.204273804 379.569851458 56952.478744 yes yes -0.133814446295 -0.562913936027 4.53152036667 1.594815135 -0.721729278564
287936 1751579p 21.0096197548 13.5988559123 132549.03125 19.173058605 154.612406328 186.593026067 56952.5176602 yes yes -0.131117164025 -0.581284294708 4.46853637695 1.7982840538 -0.716598927975
287936 1752105p 20.5319011578 13.1592369508 208849.359375 19.0524171314 226.447433981 204.111749059 56955.4439466 yes yes -0.544168000759 -0.153022893672 5.9216132164 2.11134624481 -0.725867152214
287936 1751559p 21.0232893268 13.6106517517 94508.1796875 19.5603265041 166.177262209 184.540435664 56952.43937 yes yes 0.00842363255629 -0.44630610527 4.21314239502 1.18588018417 -0.691156029701
287936 1751569p 21.0164121707 13.6047396983 131057.992188 19.1993412243 354.204273804 379.569851458 56952.478744 yes yes -0.133814446295 -0.562913936027 4.53152036667 1.594815135 -0.721729278564
287936 1751579p 21.0096197548 13.5988559123 132549.03125 19.173058605 154.612406328 186.593026067 56952.5176602 yes yes -0.131117164025 -0.581284294708 4.46853637695 1.7982840538 -0.716598927975
287936 1752105p 20.5319011578 13.1592369508 208849.359375 19.0524171314 226.447433981 204.111749059 56955.4439466 yes yes -0.544168000759 -0.153022893672 5.9216132164 2.11134624481 -0.725867152214
304757 1692837p 242.336535945 -14.0245977018 9545.09179688 22.3265497264 168.063362968 187.299407301 56723.573692 yes yes -0.129402744392 0.151726574965 1.90561187267 1.31167149544 0.120420590043
304757 1704851p 238.994662938 -13.6402166601 15426.6806641 21.414318776 210.913387792 208.280876158 56777.4347809 yes yes -0.136577540752 -0.220023794077 3.54191279411 1.87841832638 0.0424218513072
304757 1704864p 238.985206536 -13.6394580252 14905.1601562 21.4596583828 205.715283548 208.297233283 56777.4860851 yes yes -0.143529305944 -0.15110942237 3.26278209686 1.45157492161 0.115768499672
304757 1705715p 238.058984377 -13.5649956242 14265.9091797 21.5922513628 192.910268191 202.888738079 56782.4897442 yes yes -0.0937576540309 -0.215752877273 3.48984837532 1.27180242538 0.0729854106903
304757 1705894p 237.880655461 -13.5514988194 16189.2949219 21.3639301632 204.382826912 205.45808406 56783.4218457 yes yes -0.259658312746 -0.304250290734 3.61211323738 1.18279898167 0.0889738798141
304757 1705894p 237.880655461 -13.5514988194 16189.2949219 21.3639301632 204.382826912 205.45808406 56783.4218457 yes yes -0.259658312746 -0.304250290734 3.61211323738 1.18279898167 0.0889738798141
304757 1705896p 237.877504112 -13.5512731268 17577.6132812 21.2786002363 202.439592331 206.062200074 56783.4377286 yes yes -0.314802590651 -0.216743477681 3.74645900726 1.14585983753 0.0662699118257
304757 1705908p 237.868215398 -13.5505790795 18526.0234375 21.2355444771 198.383411258 201.047443959 56783.4846079 yes yes -0.325433182149 -0.315313682767 3.48442173004 1.15747773647 0.0799938589334
304757 1705909p 237.867420793 -13.5505479996 19681.9511719 21.1578296249 197.672431393 205.277689159 56783.4885735 yes yes -0.314855548481 -0.227201617884 3.51014876366 1.32424724102 0.029696309939
304757 1705923p 237.853098806 -13.5494560854 17768.7675781 21.2558567333 189.976627244 199.934873631 56783.5607609 yes yes -0.205703270456 -0.358092698783 3.59622740746 1.16403448582 0.0114819519222
304757 1716959p 232.907403433 -13.319570116 15172.8203125 21.7083342134 212.775544573 189.924066072 56808.4043144 yes yes -0.402358955012 0.152417743968 3.70582437515 1.62767934799 0.0170433241874
376328 1667864p 15.1251974523 5.34759668573 12758.9208984 21.7454651376 597.856684886 586.46472454 56597.279533 yes yes -0.560828117828 0.251931356832 3.13043999672 1.25768530369 -0.158921867609
376328 1668257p 14.4596626695 5.22888786845 10719.6152344 21.8595520069 356.005197788 390.811639948 56601.4455169 yes yes -0.135610347802 -0.0963264100164 3.14347815514 1.34167993069 -0.174076586962
304757 1716959p 232.907403433 -13.319570116 15172.8203125 21.7083342134 212.775544573 189.924066072 56808.4043144 yes yes -0.402358955012 0.152417743968 3.70582437515 1.62767934799 0.0170433241874
318255 1646368p 246.210752675 -13.064536801 3082.80224609 23.3186358332 103.505186693 191.215336007 56513.2801924 yes yes 0.140371754924 -0.167516254372 1.26635301113 1.16872251034 0.454014658928
329647 1736286p 16.315520327 3.91219059788 64544.03125 19.909359783 238.511592582 190.119222642 56897.4206595 yes yes 0.0768226671525 -0.0861523717886 2.38408470154 1.58197557926 0.399299502373
333502 1645758p 12.9087063172 4.88334568604 6578.76318359 22.4286393667 171.11466165 189.219634783 56509.491483 yes yes 0.157257928765 -0.244469750984 1.52747023106 1.44520020485 0.189770698547
333502 1645770p 12.9075377027 4.88426780645 10817.5166016 21.9266810741 143.775047919 188.959058198 56509.539939 no yes 0.164270448898 -0.16410322185 2.23823833466 1.88392901421 -0.386338055134
333502 1645771p 12.9074343886 4.88436861041 11819.6826172 21.8154854625 140.963986504 189.123044142 56509.5446679 no yes 0.086201145978 -0.226997468246 2.14034628868 1.78530550003 -0.253528654575
363057 1645482p 217.782204661 -13.0173637649 6073.91308594 22.4793285672 218.412193386 195.146905944 56508.2619413 yes yes -0.136777954083 0.109553572665 3.38981151581 1.14753103256 0.245558142662
363057 1646182p 218.647477792 -13.2076453424 5522.45507812 22.5186695204 125.552777527 191.963470019 56512.2679509 yes yes 0.0799499349796 0.22323271557 3.12178063393 1.02150297165 0.233488470316
363444 1645168p 216.130340514 -14.1558745433 13363.1572266 21.6632273045 162.346622398 191.680086671 56506.2768206 yes yes 0.424148457591 -0.251644198759 3.59881329536 1.27471876144 0.146897494793
363444 1645823p 217.007858501 -14.302974451 12258.5693359 21.7239005305 166.344360767 190.417470716 56510.257681 yes yes 0.209396373521 -0.291976281034 3.74585914612 1.28562188148 0.163284525275
363444 1645955p 217.237941768 -14.3432206349 6814.88378906 22.368353864 165.098845047 191.575675339 56511.2575707 yes yes 0.809635841301 -0.405714222065 2.41380763054 1.41249036789 0.205861106515
368147 1646368p 246.223603491 -13.5707673826 32865.1484375 20.7071610047 230.791058772 191.430085976 56513.2801924 yes yes -0.0725662164086 0.262577428824 2.88420724869 1.87525832653 0.206729546189
372278 1651056p 12.6039547396 2.50059475721 72887.6640625 19.82336492 210.180548297 189.660816858 56535.5474691 yes yes -0.137062587174 0.0588740291958 3.4573662281 2.28426933289 0.0938630029559
372278 1651067p 12.5978802421 2.50085545568 84237.3125 19.6632387432 202.657617788 189.789287037 56535.5912994 yes yes -0.168871615603 0.0203595352353 4.13920068741 3.02187132835 -0.0356793478131
372278 1651068p 12.5971948831 2.50088904487 86185.71875 19.6524117305 201.456195623 189.854642364 56535.5960647 yes yes -0.101579220395 -0.00056153276109 4.03536605835 3.28573775291 0.0580858774483
372278 1651069p 12.5965012107 2.50091564631 84835.5546875 19.6815552406 201.246057018 190.028028669 56535.6011941 yes yes -0.154358374633 0.00367328925357 4.16930294037 3.67083668709 0.0757568255067
372278 1651070p 12.5958440156 2.50094054301 86654.7109375 19.6395195553 200.645538678 189.377671756 56535.6059601 yes yes -0.188456197355 0.0140451728983 4.0982465744 3.14991474152 0.0301411189139
372278 1651071p 12.5951421389 2.50095738659 89235.8515625 19.625651569 199.044643305 190.287591954 56535.6109036 yes yes -0.0616998851882 0.0534082906269 4.31330442429 3.43443226814 0.17957174778
372278 1651166p 12.4869503767 2.50521144516 98025.4453125 19.5216529402 226.945950573 190.080634156 56536.4332539 yes yes -0.121356121862 0.0387974102669 3.20768976212 1.68510329723 0.0586557537317
372278 1651176p 12.4813548128 2.50539280705 86807.84375 19.6606025781 220.462131591 189.72006718 56536.4722199 yes yes -0.077326200099 -0.0141053795044 3.28721785545 1.90151560307 0.0145957171917
372278 1651843p 11.9028779172 2.51028010757 73585.453125 19.7640200787 222.686334155 191.050952346 56540.4127576 yes yes -0.160501817194 -0.00838723913521 3.54993844032 1.80743134022 0.000952799222432
372278 1651853p 11.8964720451 2.51022081545 48100.7617188 20.2596201153 217.931617328 190.874150412 56540.4515639 yes yes -0.199362500697 -0.0949356112379 3.74465537071 2.36325883865 -0.0885991826653
376328 1667733p 15.2973764116 5.37997043778 9988.37597656 21.9512627964 198.67163631 195.293237654 56596.2527968 yes yes -0.605081729572 0.206424005367 2.91748118401 1.26338601112 -0.159251764417
376328 1667744p 15.2899332164 5.37860889896 8590.13671875 22.1059998099 202.450699287 194.680716678 56596.295781 yes yes -0.659579056025 0.207963730866 3.02861714363 0.889542043209 -0.197514683008
376328 1667864p 15.1251974523 5.34759668573 12758.9208984 21.7454651376 597.856684886 586.46472454 56597.279533 yes yes -0.560828117828 0.251931356832 3.13043999672 1.25768530369 -0.158921867609
376328 1668257p 14.4596626695 5.22888786845 10719.6152344 21.8595520069 356.005197788 390.811639948 56601.4455169 yes yes -0.135610347802 -0.0963264100164 3.14347815514 1.34167993069 -0.174076586962
