    Object      Image   Exp_time               RA              DEC             time       filter
6385 1778096p 387 26.4876398468 13.3259579396 57046.2509323 r.MP9601
6385 1778105p 387 26.49750789 13.3298503344 57046.3167193 r.MP9601
8128 1681687p 387 19.8192655213 13.154596325 56655.3120749 r.MP9601
8839 1691902p 287 211.872132339 -14.1935880752 56713.5200542 r.MP9601
8839 1691913p 387 211.871255279 -14.1928704808 56713.5678939 r.MP9601
8839 1691923p 387 211.870489979 -14.1922443263 56713.6096375 r.MP9601
11115 1691678p 287 215.278434628 -11.759880256 56712.5856307 r.MP9601
11115 1691911p 287 215.274215109 -11.7670348911 56713.5552337 r.MP9601
11115 1692332p 287 215.231506309 -11.7798935745 56716.5166955 r.MP9601
11972 1686684p 387 214.734713404 -14.2636679929 56689.6377584 r.MP9601
11972 1686793p 387 214.852222831 -14.3213709356 56690.6356086 r.MP9601
11972 1686860p 387 214.959371565 -14.3747775029 56691.5801931 r.MP9601
11995 1717293p 287 240.156525179 -13.0710888263 56810.4729478 r.MP9601
12292 1645164p 287 213.76245175 -11.6777692501 56506.262518 r.MP9601
12292 1645696p 287 214.415959648 -11.9957577424 56509.275333 r.MP9601
13322 1626167p 287 216.027312819 -13.869711796 56423.4861798 r.MP9601
13322 1626304p 287 215.829407516 -13.8301181612 56424.493437 r.MP9601
13322 1631614p 287 211.362064885 -13.083231157 56456.2735669 r.MP9601
13322 1631624p 287 211.359352126 -13.0831749923 56456.3140056 r.MP9601
13753 1625356p 287 242.522506108 -12.7826640848 56420.4713937 r.MP9601
13753 1625367p 287 242.514835491 -12.7809229766 56420.5152258 r.MP9601
13753 1625378p 287 242.507166133 -12.7791821539 56420.5590507 r.MP9601
13753 1625661p 287 242.329904128 -12.7393182172 56421.5665804 r.MP9601
13753 1625936p 287 242.150908753 -12.6999905303 56422.5716721 r.MP9601
13753 1630540p 287 237.520116126 -11.9268338193 56447.3890171 r.MP9601
13753 1630866p 287 237.170375809 -11.8887992283 56449.3800434 r.MP9601
14077 1645761p 287 11.1541305891 4.34507215514 56509.5048103 r.MP9601
14077 1645774p 287 11.1537312872 4.34587075894 56509.5580506 r.MP9601
14077 1646270p 287 11.1082966314 4.38068858486 56512.4837158 r.MP9601
14077 1646280p 287 11.1073912038 4.38103350966 56512.5225198 r.MP9601
15191 1657924p 287 14.2190474904 3.80407105399 56571.3878426 r.MP9601
15191 1657925p 287 14.2180029764 3.80377177481 56571.3931763 r.MP9601
15191 1657940p 287 14.2063081021 3.80042090301 56571.4528948 r.MP9601
15191 1657943p 287 14.203614552 3.79964913404 56571.4666491 r.MP9601
15191 1657945p 287 14.2017904914 3.7991264954 56571.4759634 r.MP9601
15191 1658280p 287 13.6096076158 3.63032736172 56574.504149 r.MP9601
15191 1658281p 287 13.6087013889 3.63007175926 56574.5087963 r.MP9601
15487 1646289p 287 21.0102686245 12.7557477612 56512.5595474 r.MP9601
15487 1646300p 287 21.0116881829 12.7565000057 56512.6032261 r.MP9601
15487 1646301p 287 21.0118521769 12.7565869086 56512.6082721 r.MP9601
15487 1646429p 287 21.0381913596 12.7707805119 56513.4874517 r.MP9601
15487 1646452p 287 21.0407034446 12.7721552848 56513.5774368 r.MP9601
15487 1651185p 287 20.4404356789 12.5918998868 56536.510179 r.MP9601
15487 1651195p 287 20.4373293728 12.5906703073 56536.5490078 r.MP9601
15487 1651363p 287 20.3567687589 12.5584789502 56537.52849 r.MP9601
15487 1651375p 287 20.3525948648 12.5567983724 56537.5780808 r.MP9601
16093 1716711p 287 232.248346121 -12.3244412973 56807.3815684 r.MP9601
16093 1716723p 287 232.239971987 -12.3221084065 56807.4301141 r.MP9601
16093 1716724p 287 232.239186202 -12.3218895001 56807.4346694 r.MP9601
16093 1716965p 287 232.070403018 -12.2751115867 56808.4202279 r.MP9601
16093 1721428p 287 229.363561006 -11.6712630667 56829.3773624 r.MP9601
16093 1721438p 287 229.360448437 -11.6709064181 56829.4162695 r.MP9601
16093 1728595p 287 229.220541241 -12.1126664332 56857.289994 r.MP9601
16093 1728599p 287 229.221685866 -12.1132948543 56857.3061534 r.MP9601
19074 1722436p 287 212.430180723 -10.8887433705 56834.3092878 r.MP9601
19074 1728415p 287 214.431607298 -12.4662735399 56856.2922088 r.MP9601
20509 1728442p 287 241.464874535 -13.8654410713 56856.3811235 r.MP9601
20509 1729358p 287 241.312866078 -14.1064763792 56864.2928626 r.MP9601
20997 1692345p 387 244.498652143 -14.4991666667 56716.5728333 r.MP9601
20997 1692669p 387 245.539270509 -14.4800294627 56722.6315425 r.MP9601
20997 1692843p 387 245.691873926 -14.4733998409 56723.6061759 r.MP9601
22062 1716498p 287 229.869278246 -12.3632726697 56806.3703507 r.MP9601
22062 1716508p 287 229.862254336 -12.3611687334 56806.4091926 r.MP9601
22062 1716518p 287 229.855230822 -12.3590649159 56806.4480323 r.MP9601
22062 1716737p 287 229.669983314 -12.3038088262 56807.4779488 r.MP9601
22062 1716956p 287 229.507501824 -12.2557395185 56808.3942889 r.MP9601
22943 1692341p 387 243.228390614 -14.8944370072 56716.5526474 r.MP9601
22943 1705083p 287 243.099651511 -12.7138265485 56778.4258348 r.MP9601
22943 1705086p 287 243.097831764 -12.7132443595 56778.4375436 r.MP9601
22943 1705096p 287 243.091694047 -12.7112807289 56778.4770356 r.MP9601
22943 1705099p 287 243.089880246 -12.7107004422 56778.4887062 r.MP9601
22943 1705110p 287 243.082292786 -12.7082729974 56778.5375263 r.MP9601
22943 1705113p 287 243.080476911 -12.7076920471 56778.5492102 r.MP9601
22943 1705564p 287 242.622738139 -12.5660684353 56781.4076476 r.MP9601
22943 1705577p 287 242.614379797 -12.5635778182 56781.4583043 r.MP9601
22943 1705590p 287 242.606020355 -12.5610868736 56781.5089675 r.MP9601
22943 1715399p 287 239.314979639 -11.7577942666 56799.4740193 r.MP9601
22943 1715404p 287 239.311041942 -11.757012434 56799.4945638 r.MP9601
22943 1715690p 287 238.936263017 -11.6842726103 56801.4509123 r.MP9601
22943 1715694p 287 238.93316204 -11.6836870953 56801.4671266 r.MP9601
22943 1728607p 287 233.111208942 -11.845827504 56857.3375261 r.MP9601
23072 1692349p 387 244.779882688 -16.7146349089 56716.5930149 r.MP9601
23442 1722367p 287 13.052941734 4.62656044743 56833.6044934 r.MP9601
23442 1722511p 287 13.2578599937 4.7246181698 56834.5916444 r.MP9601
23442 1729017p 287 17.6281461409 6.91851481465 56862.5647947 r.MP9601
23442 1729718p 287 17.9086230327 7.08116319651 56865.5956081 r.MP9601
23703 1630543p 287 239.021618833 -12.0784803536 56447.4011595 r.MP9601
23703 1630872p 287 238.654571409 -12.0465424542 56449.4046635 r.MP9601
23877 1607609p 287 211.80999097 -12.7611839222 56331.5486483 r.MP9601
23877 1607619p 287 211.812682772 -12.7627048998 56331.5880406 r.MP9601
24338 1625232p 287 236.270102104 -13.1477712808 56419.4280158 r.MP9601
24338 1625242p 287 236.261973977 -13.1451294862 56419.4722505 r.MP9601
24338 1625252p 287 236.254583681 -13.1427275003 56419.5124698 r.MP9601
24595 1615942p 287 217.415317758 -14.9253617131 56386.5587529 r.MP9601
24595 1616324p 287 216.940505451 -14.8300574853 56389.4189925 r.MP9601
24595 1616335p 287 216.933029557 -14.8285258387 56389.4627538 r.MP9601
24595 1616336p 287 216.932202027 -14.8283562961 56389.4675979 r.MP9601
24595 1616337p 287 216.931346427 -14.8281810025 56389.4726063 r.MP9601
24595 1616338p 287 216.930509099 -14.8280094522 56389.4775077 r.MP9601
24595 1616511p 287 216.762829825 -14.7934238645 56390.4513391 r.MP9601
24595 1616522p 287 216.754975902 -14.7917915543 56390.4965416 r.MP9601
24595 1616689p 287 216.597205078 -14.7589110724 56391.3978958 r.MP9601
24595 1616700p 287 216.589577879 -14.7573160764 56391.4410686 r.MP9601
24595 1616711p 287 216.581872339 -14.7557046977 56391.4846849 r.MP9601
25651 1616722p 287 237.888086941 -13.4391994541 56391.5394098 r.MP9601
25651 1616918p 287 237.797306324 -13.3850782898 56392.5085057 r.MP9601
25651 1616928p 287 237.79341684 -13.3828108273 56392.5489159 r.MP9601
25651 1617934p 287 236.735052684 -12.8533475321 56401.5497677 r.MP9601
25803 1775270p 387 20.1494471723 11.0351985133 57041.2529777 r.MP9601
25803 1775279p 387 20.1570021033 11.0382665056 57041.2989976 r.MP9601
25803 1778894p 287 21.7462361195 11.6792722256 57050.2477537 r.MP9601
26609 1635634p 287 271.155521187 -24.5302859311 56476.456314 r.MP9601
26609 1635793p 287 270.969831347 -24.5478346956 56477.397044 r.MP9601
26609 1636038p 287 270.775347615 -24.5659168875 56478.389243 r.MP9601
26625 1722359p 287 14.6149067805 3.64372147592 56833.5732595 r.MP9601
26625 1722506p 287 14.8224119829 3.70297907041 56834.5721548 r.MP9601
26625 1729018p 287 19.4405693315 4.73198862706 56862.5686752 r.MP9601
26719 1729485p 287 27.1400790915 15.8674891867 56864.5336882 r.MP9601
26719 1729496p 287 27.1463248886 15.870681083 56864.5768868 r.MP9601
26719 1778896p 287 22.7949065729 13.0909498975 57050.2555963 r.MP9601
27433 1671647p 287 11.6243986069 2.30875015267 56623.259626 r.MP9601
27433 1671657p 287 11.6225823459 2.30939263955 56623.3041058 r.MP9601
27433 1672592p 287 11.4484777488 2.4812562502 56631.2178009 r.MP9601
32391 1778494p 387 216.860323422 -14.5290367542 57048.6225432 r.MP9601
32391 1778498p 387 216.864980737 -14.5309765952 57048.642903 r.MP9601
36217 1728608p 287 233.883322555 -13.7800664179 56857.3418783 r.MP9601
36878 1778500p 387 214.027549246 -11.914394679 57048.6531132 r.MP9601
37135 1691902p 287 212.082182474 -14.0302993069 56713.5200542 r.MP9601
37135 1691913p 387 212.081425014 -14.0296880227 56713.5678939 r.MP9601
37135 1691923p 387 212.080764073 -14.0291546319 56713.6096375 r.MP9601
37135 1692176p 287 212.03812801 -13.9995556418 56715.6310291 r.MP9601
40242 1631359p 287 216.17264032 -13.558458204 56455.3876164 r.MP9601
40242 1631370p 287 216.168429991 -13.5584074006 56455.4333395 r.MP9601
40242 1635781p 287 215.438320248 -13.9209900431 56477.3432593 r.MP9601
40242 1636118p 287 215.498300201 -13.9894113126 56479.2657831 r.MP9601
40242 1636321p 287 215.538401969 -14.0284148503 56480.2928614 r.MP9601
40242 1645483p 287 218.637256908 -15.6440923566 56508.2676585 r.MP9601
40242 1646183p 287 219.367446064 -15.948302914 56512.2736316 r.MP9601
40242 1646184p 287 219.36819484 -15.9486078504 56512.2775383 r.MP9601
40718 1698699p 287 217.662663624 -12.7708263578 56751.4664921 r.MP9601
40718 1704647p 387 213.472911217 -10.9198317671 56776.3403081 r.MP9601
40718 1704648p 387 213.472004506 -10.9194427769 56776.3453453 r.MP9601
40718 1704655p 387 213.465640699 -10.9167126248 56776.3806998 r.MP9601
40718 1704656p 387 213.464733046 -10.9163232308 56776.3857423 r.MP9601
40718 1704663p 387 213.458377038 -10.9135964247 56776.4210535 r.MP9601
40718 1704664p 387 213.457224811 -10.9131021053 56776.4274548 r.MP9601
40718 1704665p 387 213.45630331 -10.9127067697 56776.4325742 r.MP9601
41012 1691929p 387 240.755183337 -14.2498904865 56713.6403834 r.MP9601
41012 1692362p 387 241.128773659 -14.2573985007 56716.6586506 r.MP9601
41012 1692663p 387 241.752952675 -14.2462165138 56722.6012844 r.MP9601
41012 1692837p 387 241.84063402 -14.2412448224 56723.575932 r.MP9601
41012 1704850p 287 239.54422509 -12.8974354628 56777.4325564 r.MP9601
41012 1704863p 287 239.535785682 -12.8955837783 56777.4838338 r.MP9601
41012 1704876p 287 239.527264733 -12.8937142031 56777.5356067 r.MP9601
41012 1705713p 287 238.674001318 -12.7164193123 56782.4835193 r.MP9601
41012 1705892p 287 238.50576331 -12.6835122484 56783.4155231 r.MP9601
41012 1705907p 287 238.493617445 -12.6811722193 56783.482381 r.MP9601
41012 1705922p 287 238.47978916 -12.6785080543 56783.5585 r.MP9601
41012 1716715p 287 233.865863808 -11.9876649783 56807.3971895 r.MP9601
41012 1716969p 287 233.67073618 -11.9681216585 56808.4357883 r.MP9601
41012 1717106p 287 233.50558707 -11.9522855199 56809.3241333 r.MP9601
41012 1717117p 287 233.497643492 -11.9515563125 56809.3671684 r.MP9601
41012 1717128p 287 233.489718765 -11.9508288358 56809.4101015 r.MP9601
41012 1721425p 287 230.405401633 -11.8589079955 56829.3657207 r.MP9601
41012 1721435p 287 230.400881769 -11.8592644005 56829.4046013 r.MP9601
41012 1728595p 287 229.021754044 -12.656113607 56857.289994 r.MP9601
41012 1728599p 287 229.022083965 -12.6568722011 56857.3061534 r.MP9601
42240 1616725p 287 238.547327971 -13.2548394698 56391.5511569 r.MP9601
42240 1616918p 287 238.471176822 -13.2020274596 56392.5085057 r.MP9601
42240 1616928p 287 238.467859816 -13.1997824473 56392.5489159 r.MP9601
42240 1617937p 287 237.520927531 -12.6705144029 56401.5617563 r.MP9601
43214 1607615p 287 213.321776014 -13.7472093891 56331.5719268 r.MP9601
43214 1607628p 287 213.327725441 -13.7504154689 56331.6314211 r.MP9601
43214 1607629p 287 213.328192951 -13.7506674052 56331.6360962 r.MP9601
46519 1722367p 287 12.1667235242 4.15456796156 56833.6044934 r.MP9601
46519 1722514p 287 12.4184209681 4.23041804987 56834.6033394 r.MP9601
46519 1729016p 287 18.2204205922 5.6617657474 56862.5608715 r.MP9601
46519 1729720p 287 18.6789062303 5.72633985501 56865.603386 r.MP9601
46519 1736202p 287 20.7949784459 5.15994040661 56896.6191685 r.MP9601
46519 1757677p 500 10.7806899595 -1.48649569187 56983.1922454 r.MP9601
46519 1757772p 500 10.7679278646 -1.48645393519 56984.2207292 r.MP9601
46736 1729252p 287 24.2382976871 12.0238466177 56863.5009798 r.MP9601
46736 1729262p 287 24.2452311622 12.027725867 56863.5403187 r.MP9601
46736 1729272p 287 24.2525903177 12.0318432826 56863.5820727 r.MP9601
46736 1735257p 287 27.3717900123 14.2542440658 56893.4781096 r.MP9601
46736 1735273p 287 27.3733927275 14.2575466304 56893.5480463 r.MP9601
46736 1736566p 287 27.4036766152 14.5012830786 56899.4572943 r.MP9601
46736 1736595p 287 27.402300082 14.5050130393 56899.5638646 r.MP9601
46736 1741576p 287 26.0815472899 14.7742308328 56918.4707601 r.MP9601
46736 1741587p 287 26.0762423975 14.7739341386 56918.513484 r.MP9601
46736 1742022p 287 25.3921105461 14.7109000659 56923.5039963 r.MP9601
46736 1778897p 287 23.3378649921 14.1110323909 57050.2595389 r.MP9601
46743 1751784p 287 19.3311829964 3.8598280341 56953.3445769 r.MP9601
46743 1752199p 287 18.7479539897 3.74105633608 56956.4399784 r.MP9601
46743 1757887p 287 15.0600201159 3.46419731763 56985.2321839 r.MP9601
46743 1757971p 287 15.0078066227 3.48628916203 56986.2283835 r.MP9601
46743 1768987p 287 15.3097312473 4.52137538456 57008.2587705 r.MP9601
47123 1735071p 287 22.0600098386 12.2172750698 56892.5680553 r.MP9601
47123 1735083p 287 22.0598728712 12.2187491009 56892.6150156 r.MP9601
47123 1736161p 287 22.0035229751 12.3233925778 56896.460401 r.MP9601
47123 1736198p 287 21.9998324698 12.3266862545 56896.6032592 r.MP9601
47554 1729256p 287 23.3021085378 13.3389250218 56863.5168284 r.MP9601
47554 1729266p 287 23.3067777714 13.3410614977 56863.5581795 r.MP9601
47554 1729276p 287 23.3114965171 13.3432206286 56863.5999692 r.MP9601
47554 1735249p 287 24.8010587997 14.1529006242 56893.4422473 r.MP9601
47554 1735265p 287 24.7997034274 14.1529211602 56893.5161767 r.MP9601
47554 1736557p 287 24.6048500466 14.1181936351 56899.4205208 r.MP9601
47554 1736586p 287 24.5996601992 14.1168698479 56899.5288306 r.MP9601
47554 1741554p 287 22.877295768 13.5244070288 56918.3832497 r.MP9601
47554 1741555p 287 22.8766249244 13.5241488493 56918.3883286 r.MP9601
47554 1741565p 287 22.8713911499 13.5221345891 56918.4279534 r.MP9601
47554 1742012p 287 22.1592531691 13.24281629 56923.4647989 r.MP9601
47600 1778104p 387 27.55918166 15.8917661831 57046.3091844 r.MP9601
47601 1729255p 287 22.8585255827 12.0168081528 56863.5129157 r.MP9601
47601 1729265p 287 22.8629018411 12.0193446409 56863.552106 r.MP9601
47601 1729275p 287 22.8675867351 12.0220600148 56863.5940603 r.MP9601
47601 1735065p 287 24.2175157842 13.2177921249 56892.5447658 r.MP9601
47601 1735077p 287 24.2164415145 13.2185343476 56892.591643 r.MP9601
47601 1736155p 287 24.0877260388 13.2644757618 56896.4370914 r.MP9601
47601 1736182p 287 24.0835728847 13.2652744453 56896.5329334 r.MP9601
47601 1741553p 287 21.980832786 12.9709960375 56918.3793141 r.MP9601
47601 1741564p 287 21.9743486458 12.969443322 56918.4240323 r.MP9601
47601 1742015p 287 21.198986851 12.7714333372 56923.4766878 r.MP9601
48515 1681669p 287 22.2448145312 14.3179744661 56655.2596776 r.MP9601
48515 1681855p 387 22.3682687798 14.3490529258 56656.3640616 r.MP9601
48515 1681947p 287 22.7210738535 14.4413668838 56659.2415686 r.MP9601
48515 1681959p 287 22.7272933323 14.4430411073 56659.2886561 r.MP9601
48515 1681975p 387 22.738342878 14.4460155381 56659.372312 r.MP9601
48515 1682227p 287 22.8503443022 14.476268143 56660.2115949 r.MP9601
48515 1682237p 287 22.8561807672 14.4778599062 56660.2540419 r.MP9601
48515 1682250p 387 22.865022435 14.4802712702 56660.318345 r.MP9601
48817 1751552p 287 22.8447156817 13.4337012388 56952.4132513 r.MP9601
48817 1751562p 287 22.8371751083 13.4313246165 56952.4526792 r.MP9601
48817 1751572p 287 22.8296410867 13.4289500593 56952.4920727 r.MP9601
48817 1751798p 387 22.6552443703 13.3736521037 56953.4057188 r.MP9601
48817 1752060p 387 22.3020451585 13.2598068781 56955.2701142 r.MP9601
48817 1775271p 387 20.1596099843 12.1878762635 57041.2580631 r.MP9601
48817 1775280p 387 20.1668978414 12.1904206207 57041.3040916 r.MP9601
48817 1778893p 287 21.7046715931 12.7311163281 57050.2437764 r.MP9601
49538 1650812p 287 14.9582838387 6.04796508315 56534.4357351 r.MP9601
49538 1651029p 287 14.8660741947 5.98980473003 56535.4399201 r.MP9601
49538 1651040p 287 14.8620273746 5.98726203774 56535.4828951 r.MP9601
49538 1656889p 287 10.7609309916 3.67251534858 56564.3648212 r.MP9601
49538 1656889p 287 10.7609309916 3.67251534858 56564.3648212 r.MP9601
49538 1656899p 287 10.7541994796 3.66887990058 56564.4036568 r.MP9601
49538 1656932p 287 10.736493349 3.65931745503 56564.5058076 r.MP9601
49538 1656933p 287 10.7357071903 3.65889287898 56564.5103431 r.MP9601
49604 1657933p 287 16.8749014712 5.91428004286 56571.4246662 r.MP9601
49604 1658291p 287 16.3320324813 5.6322437104 56574.5505312 r.MP9601
49604 1667386p 287 13.074795271 3.94801722721 56594.2994021 r.MP9601
49604 1667726p 287 12.7987201241 3.80464783229 56596.2270797 r.MP9601
49604 1667737p 287 12.7927033091 3.8015226806 56596.2701852 r.MP9601
49604 1667748p 287 12.7867306376 3.79842045719 56596.3129745 r.MP9601
49604 1671651p 287 10.4287973728 2.51139249974 56623.2751739 r.MP9601
49604 1671661p 287 10.4273956652 2.51040052204 56623.3269293 r.MP9601
49604 1672614p 387 10.3551078197 2.42269098477 56631.3303507 r.MP9601
49604 1672744p 287 10.365070799 2.42144421233 56632.1991644 r.MP9601
50716 1671922p 287 15.2271035493 5.89996662043 56625.3210155 r.MP9601
50716 1671923p 287 15.2270144605 5.90019269531 56625.3279127 r.MP9601
51214 1646290p 287 20.9992004286 13.6562466396 56512.5634281 r.MP9601
51214 1646302p 287 21.0037149025 13.6588089086 56512.6122332 r.MP9601
51241 1667592p 287 22.8745019029 14.581410011 56595.4981113 r.MP9601
51241 1671672p 387 19.3643280146 12.5522754793 56623.3766398 r.MP9601
51241 1672404p 287 19.0665106562 12.2339580999 56630.3704441 r.MP9601
51241 1681683p 387 20.0717462822 11.9309157136 56655.2917667 r.MP9601
51859 1667730p 287 14.6754188219 4.72664209228 56596.2427304 r.MP9601
51859 1667741p 287 14.6686319392 4.72555571351 56596.285708 r.MP9601
51859 1667752p 287 14.6618750777 4.72447414026 56596.3284955 r.MP9601
51859 1667861p 287 14.5144691692 4.70122251168 56597.2690352 r.MP9601
51859 1667890p 387 14.4954036925 4.698329106 56597.3930383 r.MP9601
51859 1668251p 387 13.911349254 4.61792165309 56601.4221043 r.MP9601
51859 1672373p 287 12.332619716 5.01244090943 56630.2471259 r.MP9601
51859 1672385p 287 12.3340826079 5.01456276163 56630.2945711 r.MP9601
51953 1667591p 287 23.0708990635 13.4468688848 56595.4942348 r.MP9601
51953 1667910p 387 22.690047781 13.3287490325 56597.4953215 r.MP9601
51953 1671721p 387 18.9375194573 12.0359484618 56624.2255554 r.MP9601
51953 1672403p 287 18.5521031654 11.8795395815 56630.3665358 r.MP9601
51953 1681686p 387 19.0717705178 11.9868401726 56655.3070352 r.MP9601
51953 1681688p 387 19.0727032071 11.987151069 56655.3179014 r.MP9601
52548 1672598p 287 9.45841687825 3.73704062542 56631.244875 r.MP9601
55698 1681670p 287 23.5858393923 12.151181522 56655.2635904 r.MP9601
55698 1681856p 387 23.7155901484 12.2196644835 56656.3691284 r.MP9601
55698 1681948p 287 24.0836478559 12.4069823871 56659.2454555 r.MP9601
55698 1681960p 287 24.090101753 12.4101864495 56659.2925356 r.MP9601
55698 1682231p 287 24.2193587799 12.4741082339 56660.2271586 r.MP9601
55698 1682241p 287 24.225388278 12.4770552027 56660.2695949 r.MP9601
55698 1682245p 387 24.2284103219 12.4785322525 56660.2908644 r.MP9601
58853 1778498p 387 217.64209324 -13.9002205106 57048.642903 r.MP9601
59452 1646434p 287 24.3457080031 14.4548899031 56513.506855 r.MP9601
59452 1646445p 287 24.3475532333 14.4568316159 56513.5502722 r.MP9601
59452 1651337p 287 24.0448183306 15.0470144842 56537.4252143 r.MP9601
59452 1651348p 287 24.04179856 15.0471343164 56537.4683539 r.MP9601
59452 1651492p 287 23.9714444216 15.0491048007 56538.4443206 r.MP9601
59452 1651504p 287 23.9679670399 15.0491566052 56538.4909447 r.MP9601
60026 1698317p 287 214.142023774 -13.7422900463 56744.4377883 r.MP9601
60026 1698327p 287 214.13748213 -13.7397180763 56744.4768562 r.MP9601
60026 1698829p 387 213.075961622 -13.1620813114 56752.4024644 r.MP9601
60036 1611385p 500 150.36152595 20.292797625 56356.37013 r.MP9601
60036 1611386p 500 150.360338065 20.2930919208 56356.376551 r.MP9601
60036 1611387p 500 150.35916387 20.293382825 56356.382898 r.MP9601
60036 1715381p 287 211.678723016 -11.8524042176 56799.4017448 r.MP9601
60036 1716264p 287 210.806765177 -11.7393221289 56805.3738526 r.MP9601
62807 1715408p 287 244.325686219 -13.422815387 56799.5102602 r.MP9601
62807 1715887p 287 243.740131224 -13.3169415571 56802.4678258 r.MP9601
62807 1721441p 287 238.943744011 -12.7510335626 56829.4281867 r.MP9601
62807 1721618p 287 238.810045322 -12.7469970038 56830.4008988 r.MP9601
62807 1723208p 287 237.86146202 -12.7628938207 56838.4228798 r.MP9601
62807 1723389p 287 237.768456126 -12.770524573 56839.3715145 r.MP9601
63183 1692655p 387 238.076198939 -13.3855081375 56722.5609732 r.MP9601
63183 1698865p 387 238.663917402 -12.837969366 56752.6063989 r.MP9601
63183 1716497p 287 230.004535916 -11.1287249201 56806.3664643 r.MP9601
63183 1716507p 287 229.997640733 -11.1282069721 56806.4053104 r.MP9601
63183 1716517p 287 229.990747324 -11.1276891573 56806.4441465 r.MP9601
63183 1716738p 287 229.807964055 -11.1143887591 56807.4818288 r.MP9601
63183 1716957p 287 229.6491465 -11.1038525895 56808.3981757 r.MP9601
63305 1607617p 287 213.814152394 -11.3913645867 56331.579688 r.MP9601
63305 1607631p 287 213.820523543 -11.3917928992 56331.6439349 r.MP9601
64421 1778494p 387 216.007470099 -14.7201056362 57048.6225432 r.MP9601
65387 1774675p 387 12.6514078663 2.47304724319 57039.2487676 r.MP9601
66125 1630875p 287 240.374200646 -12.1413887914 56449.4166708 r.MP9601
66125 1635432p 287 236.793832473 -11.9631384608 56475.3323908 r.MP9601
66125 1635593p 287 236.704736823 -11.974419542 56476.3700082 r.MP9601
67176 1616935p 287 239.595269066 -12.877338133 56392.57696 r.MP9601
67176 1617941p 287 238.591971733 -12.4654936494 56401.5777815 r.MP9601
67176 1624861p 287 236.289685777 -11.7486535292 56416.4293447 r.MP9601
67210 1635440p 287 239.861844325 -12.8354462755 56475.3648351 r.MP9601
67210 1635783p 287 239.661633225 -12.8657479239 56477.3556152 r.MP9601
68283 1625355p 287 242.296839451 -14.3105027804 56420.4672596 r.MP9601
68283 1625366p 287 242.289047802 -14.3079605639 56420.5112595 r.MP9601
68283 1625377p 287 242.281287862 -14.3054286933 56420.5550803 r.MP9601
68283 1625660p 287 242.101266001 -14.2472273582 56421.5624111 r.MP9601
68283 1625932p 287 241.921297695 -14.1899858219 56422.5558021 r.MP9601
68283 1630536p 287 237.235604668 -12.9658810235 56447.3727352 r.MP9601
68283 1630865p 287 236.890294499 -12.8951389044 56449.3760326 r.MP9601
71620 1757445p 387 24.8648016892 15.5469776294 56981.2337528 r.MP9601
71620 1757467p 387 24.8449087218 15.5394885123 56981.3741737 r.MP9601
71620 1778104p 387 27.1736625545 15.7063288402 57046.3091844 r.MP9601
71686 1722362p 287 13.6656658555 3.10504578371 56833.5849744 r.MP9601
71686 1722509p 287 13.8581509726 3.16011969658 56834.5838312 r.MP9601
71695 1768986p 287 16.7288471855 5.12661625971 57008.2548593 r.MP9601
73947 1722363p 287 13.5019760708 3.65770732345 56833.5888678 r.MP9601
73947 1722510p 287 13.756387422 3.77802562095 56834.5877135 r.MP9601
73947 1729019p 287 19.4879163451 6.58783269712 56862.5726235 r.MP9601
75980 1729482p 287 26.2752913772 14.7357933329 56864.5219441 r.MP9601
75980 1729493p 287 26.283217051 14.7400729577 56864.5649795 r.MP9601
75980 1729504p 287 26.2912040959 14.744385721 56864.608348 r.MP9601
75980 1778903p 287 24.8740494502 14.6297091856 57050.2832798 r.MP9601
76519 1756822p 387 45.3329849997 14.466286411 56978.2865738 r.MP9601
76519 1756844p 387 45.3115013089 14.4583395606 56978.395352 r.MP9601
76519 1756869p 387 45.2890266942 14.4500261658 56978.5091475 r.MP9601
76519 1757105p 500 44.9382292585 14.3201436812 56980.3003207 r.MP9601
76519 1757800p 500 44.1531001236 14.0302767271 56984.4227796 r.MP9601
78656 1672401p 287 19.4463673777 13.3604464334 56630.3587052 r.MP9601
78656 1681684p 387 20.1633217834 12.9095828639 56655.2968222 r.MP9601
82608 1658160p 287 25.2997809887 14.8365987684 56573.5287541 r.MP9601
82608 1667553p 287 21.0421654706 13.5614588708 56595.3728177 r.MP9601
82608 1667761p 287 20.8642020375 13.498357691 56596.3636505 r.MP9601
82608 1667871p 287 20.6973463804 13.43854021 56597.3094945 r.MP9601
82608 1667881p 287 20.6905086102 13.4360646537 56597.3487544 r.MP9601
82608 1667899p 387 20.6746932542 13.430338839 56597.4395603 r.MP9601
82608 1668252p 287 20.0094027949 13.1830040514 56601.427456 r.MP9601
82608 1668264p 287 20.0019609557 13.1801578743 56601.4744571 r.MP9601
82608 1668265p 287 20.001182983 13.1798603339 56601.4793706 r.MP9601
82608 1681687p 387 19.8319915728 12.5118211467 56655.3120749 r.MP9601
82949 1672405p 287 22.1061143973 11.390340057 56630.3743212 r.MP9601
82949 1681670p 287 23.281456491 12.2828330882 56655.2635904 r.MP9601
82949 1681856p 387 23.4188843376 12.3501902098 56656.3691284 r.MP9601
82949 1681948p 287 23.8070531656 12.535388952 56659.2454555 r.MP9601
82949 1681960p 287 23.8138405467 12.5385537809 56659.2925356 r.MP9601
82949 1682228p 287 23.9480676592 12.6009562603 56660.2154941 r.MP9601
82949 1682238p 287 23.9544145532 12.6038792495 56660.2579246 r.MP9601
82949 1682251p 387 23.9642086307 12.6083897996 56660.3234003 r.MP9601
83108 1681947p 287 22.3828856181 14.2533488011 56659.2415686 r.MP9601
83108 1681959p 287 22.3894582534 14.2548137467 56659.2886561 r.MP9601
83108 1681975p 387 22.4011352181 14.2574163736 56659.372312 r.MP9601
83108 1682227p 287 22.5195194287 14.2839388322 56660.2115949 r.MP9601
83108 1682237p 287 22.5256919326 14.285341942 56660.2540419 r.MP9601
83108 1682250p 387 22.5350426661 14.2874675147 56660.318345 r.MP9601
84324 1671921p 287 15.2891052751 4.06550074841 56625.3171044 r.MP9601
84324 1672380p 287 15.2889400539 4.0013255376 56630.2751613 r.MP9601
84324 1672393p 287 15.2897659164 4.00105025008 56630.327321 r.MP9601
84324 1672748p 387 15.3281626613 3.99472222222 56632.2210665 r.MP9601
84424 1658159p 287 25.4449545196 14.1114776573 56573.5248458 r.MP9601
84424 1667389p 287 21.5602340283 12.2253338561 56594.4566316 r.MP9601
84424 1667552p 287 21.3984615023 12.1396298467 56595.3689393 r.MP9601
84424 1667760p 287 21.2249900904 12.0470770268 56596.3597693 r.MP9601
84424 1667869p 287 21.0620829831 11.9595084613 56597.3017052 r.MP9601
84424 1667879p 287 21.0553968129 11.9558861079 56597.3407485 r.MP9601
84424 1667897p 387 21.0402880113 11.947700642 56597.4289751 r.MP9601
85323 1778894p 287 22.2677000686 11.8763593028 57050.2477537 r.MP9601
86235 1715389p 287 216.513776452 -13.8829798275 56799.4342528 r.MP9601
86305 1691686p 287 219.812252476 -15.4898702787 56712.6167492 r.MP9601
86305 1691921p 287 219.838745046 -15.4879449399 56713.5998018 r.MP9601
86305 1692340p 287 219.891579108 -15.4732660873 56716.5477725 r.MP9601
86305 1698691p 287 217.46716034 -14.2831435718 56751.4351321 r.MP9601
86305 1698701p 287 217.461565299 -14.2808204848 56751.4743956 r.MP9601
88802 1667914p 387 23.8131340904 14.6839690539 56597.515498 r.MP9601
88802 1671668p 387 20.4887806995 12.7806624585 56623.3562943 r.MP9601
88802 1672401p 287 20.1071463952 12.4339216936 56630.3587052 r.MP9601
88802 1681683p 387 20.7467099759 11.9955215837 56655.2917667 r.MP9601
88802 1681951p 287 21.1174377839 12.0383063808 56659.2574624 r.MP9601
88802 1681967p 387 21.1247914955 12.0393738551 56659.3286274 r.MP9601
88802 1681968p 387 21.1254955135 12.0394760512 56659.3354405 r.MP9601
88802 1681969p 387 21.1260931674 12.0395628075 56659.3412242 r.MP9601
88802 1681970p 387 21.1266893803 12.0396493545 56659.346994 r.MP9601
88802 1682225p 287 21.2159941166 12.0528983341 56660.2038361 r.MP9601
88802 1682235p 287 21.2205364454 12.0536170943 56660.2462547 r.MP9601
88802 1682246p 287 21.2258381213 12.0544560105 56660.2957646 r.MP9601
88802 1682247p 387 21.2265380927 12.0545667713 56660.3023013 r.MP9601
88802 1682248p 387 21.2271679258 12.0546664336 56660.308183 r.MP9601
90641 1775269p 387 20.0122457884 9.85374808563 57041.2478061 r.MP9601
90641 1775278p 387 20.0219635694 9.85816525883 57041.2938984 r.MP9601
91611 1626161p 287 214.127308889 -14.0788537398 56423.4622783 r.MP9601
91611 1626297p 287 213.956784574 -14.0026291172 56424.4634988 r.MP9601
91611 1631611p 287 210.448086182 -12.2332024757 56456.2616294 r.MP9601
91611 1631621p 287 210.446501717 -12.2320225553 56456.3020838 r.MP9601
91611 1635766p 287 210.644717548 -12.0141026889 56477.2828929 r.MP9601
91611 1636124p 287 210.767701736 -12.0336672483 56479.290526 r.MP9601
91611 1645163p 287 213.960169651 -12.8656847445 56506.2585179 r.MP9601
91611 1645695p 287 214.474337317 -13.0134284755 56509.2711127 r.MP9601
91695 1631352p 287 213.738612265 -13.067183199 56455.359504 r.MP9601
91695 1631363p 287 213.735993901 -13.0656869911 56455.4043903 r.MP9601
91695 1635776p 287 213.624785301 -12.77270985 56477.3231442 r.MP9601
91695 1636134p 287 213.729444775 -12.7884950909 56479.3309236 r.MP9601
91695 1645172p 287 216.775132138 -13.5817976638 56506.2944737 r.MP9601
91695 1645959p 287 217.632835924 -13.8256187461 56511.2754166 r.MP9601
91695 1646175p 287 217.808723421 -13.8757572547 56512.2419371 r.MP9601
91695 1646179p 287 217.81163871 -13.8765883099 56512.2577668 r.MP9601
92188 1692360p 387 240.38159442 -15.0434477029 56716.6484944 r.MP9601
92188 1704847p 287 238.310987177 -12.7275222346 56777.4209135 r.MP9601
92188 1704860p 287 238.302782125 -12.7247159931 56777.4721951 r.MP9601
92188 1704873p 287 238.294503389 -12.7218845504 56777.5239371 r.MP9601
92188 1705575p 287 237.646928624 -12.5074148407 56781.4505437 r.MP9601
92188 1705588p 287 237.6383636 -12.5046650541 56781.50105 r.MP9601
92188 1705601p 287 237.62944184 -12.5018007383 56781.5536599 r.MP9601
92188 1716712p 287 232.96886178 -11.2534941946 56807.3854478 r.MP9601
92188 1716966p 287 232.789100753 -11.21472701 56808.4241118 r.MP9601
92188 1717103p 287 232.637049058 -11.1825091937 56809.3122414 r.MP9601
92188 1717114p 287 232.629708206 -11.1809700797 56809.355529 r.MP9601
92188 1717125p 287 232.622432076 -11.1794445358 56809.3984349 r.MP9601
92188 1721426p 287 229.805204469 -10.7323004294 56829.3696019 r.MP9601
92188 1721436p 287 229.801105758 -10.7319872208 56829.4084829 r.MP9601
92188 1728596p 287 228.555926968 -11.0736690963 56857.2938827 r.MP9601
92188 1728600p 287 228.556229858 -11.0741761574 56857.3100369 r.MP9601
92213 1625355p 287 242.835367476 -13.5193445132 56420.4672596 r.MP9601
92213 1625366p 287 242.82759416 -13.5174256286 56420.5112595 r.MP9601
92213 1625377p 287 242.819852479 -13.5155145532 56420.5550803 r.MP9601
92213 1625660p 287 242.640484676 -13.4717399631 56421.5624111 r.MP9601
92213 1625935p 287 242.459419846 -13.428176389 56422.5677244 r.MP9601
92213 1630539p 287 237.764866776 -12.5297764046 56447.3849994 r.MP9601
92213 1630865p 287 237.410130935 -12.4801836658 56449.3760326 r.MP9601
94320 1607613p 287 212.844696551 -12.3873252435 56331.5641669 r.MP9601
94320 1607624p 287 212.849614418 -12.3898737181 56331.6137588 r.MP9601
94320 1607625p 287 212.850103863 -12.3901273518 56331.6186944 r.MP9601
94320 1607626p 287 212.850588648 -12.3903785709 56331.623583 r.MP9601
95503 1686687p 387 218.091166324 -13.1325693087 56689.6529079 r.MP9601
95503 1686796p 387 218.245892024 -13.1600351273 56690.6507882 r.MP9601
95503 1686797p 387 218.24676678 -13.1601884269 56690.6564777 r.MP9601
95538 1728440p 287 243.646634303 -13.7447518937 56856.3732472 r.MP9601
96575 1635443p 287 241.039435097 -13.6267959053 56475.376842 r.MP9601
96575 1635786p 287 240.829849774 -13.6554492944 56477.3681689 r.MP9601
96604 1729488p 287 28.1053007638 15.7785594795 56864.5454439 r.MP9601
96604 1729499p 287 28.1145041298 15.7831341467 56864.5886691 r.MP9601
97443 1722513p 287 12.2349041849 3.77873210592 56834.5994251 r.MP9601
97443 1728792p 287 15.5480744028 5.43652313584 56861.5558111 r.MP9601
97443 1729011p 287 15.6185063367 5.47738528871 56862.5414084 r.MP9601
97443 1729712p 287 15.8097390033 5.59299917969 56865.5720701 r.MP9601
97443 1736292p 287 15.2786968776 5.85856959515 56897.4465202 r.MP9601
97640 1728795p 287 14.5432645563 4.93315246281 56861.5675486 r.MP9601
97640 1729703p 287 14.7616332972 5.06451247697 56865.5349992 r.MP9601
97640 1734918p 387 14.4724087274 5.27037799136 56891.6084468 r.MP9601
97640 1735075p 287 14.401226659 5.25531906008 56892.5836445 r.MP9601
97640 1736295p 287 13.9809369521 5.15533992962 56897.4581602 r.MP9601
97640 1736296p 287 13.9805602643 5.15524400626 56897.4620402 r.MP9601
97650 1657926p 287 14.7545940618 4.79144669224 56571.3971361 r.MP9601
97650 1657944p 287 14.7414415525 4.7842353476 56571.4708885 r.MP9601
97650 1657946p 287 14.7398306809 4.78335212828 56571.4799214 r.MP9601
97650 1658284p 287 14.1977983955 4.48703352596 56574.5205711 r.MP9601
97650 1681942p 387 11.4179145639 2.37398037267 56659.2206159 r.MP9601
97675 1645245p 287 17.4325470044 6.89747119769 56506.5435278 r.MP9601
97675 1645256p 287 17.4340241182 6.89866949881 56506.5862396 r.MP9601
97678 1658292p 287 16.9517952029 5.86855324474 56574.5544093 r.MP9601
97678 1667727p 287 13.0453235539 4.7477272857 56596.2309579 r.MP9601
97678 1667738p 287 13.0386957091 4.74595507068 56596.2740658 r.MP9601
97678 1667749p 287 13.0321173977 4.74419610033 56596.3168516 r.MP9601
97678 1667858p 287 12.8882714189 4.70588992553 56597.2573166 r.MP9601
97678 1667887p 387 12.8700837383 4.70110016803 56597.3778979 r.MP9601
97678 1671652p 287 10.3930819425 4.22718336796 56623.2790536 r.MP9601
97678 1671662p 287 10.3913325667 4.22748572922 56623.3308869 r.MP9601
97691 1757887p 287 15.3308084302 3.07581226106 56985.2321839 r.MP9601
97691 1757971p 287 15.2691776276 3.04643379092 56986.2283835 r.MP9601
97691 1768984p 287 15.1282941939 2.96313188014 57008.2469563 r.MP9601
97698 1722737p 287 17.2779620915 6.68597367204 56835.6017126 r.MP9601
97698 1722900p 287 17.4498176991 6.76765841574 56836.6067708 r.MP9601
101903 1692671p 387 243.158916411 -16.4802681653 56722.6416213 r.MP9601
101903 1692845p 387 243.236095206 -16.4871641037 56723.6162822 r.MP9601
104331 1757803p 500 47.2436112321 15.2510488979 56984.4418266 r.MP9601
104372 1778096p 387 26.4046326097 13.1771449695 57046.2509323 r.MP9601
104372 1778105p 387 26.415460046 13.1814942182 57046.3167193 r.MP9601
104377 1722732p 287 17.1106162494 4.27285696859 56835.5822479 r.MP9601
104377 1722898p 287 17.3124655946 4.32811180313 56836.5989819 r.MP9601
104752 1658159p 287 25.9444964433 14.518678318 56573.5248458 r.MP9601
104752 1667561p 287 21.9394942207 12.6792743467 56595.4038982 r.MP9601
104752 1667588p 287 21.9259290244 12.6724808265 56595.4825371 r.MP9601
104752 1667880p 287 21.6089342224 12.5122738634 56597.3446713 r.MP9601
104752 1667898p 387 21.593969182 12.5046548461 56597.4340148 r.MP9601
104752 1671673p 387 18.4693161715 10.6624741444 56623.3817297 r.MP9601
104752 1672402p 287 18.146959161 10.3579144287 56630.3626569 r.MP9601
104752 1681689p 387 18.9350571951 10.0825426576 56655.3230713 r.MP9601
106234 1691674p 287 214.592706605 -11.0786268538 56712.5701027 r.MP9601
106234 1691907p 287 214.612586362 -11.0952340366 56713.5397039 r.MP9601
106234 1692181p 287 214.636982897 -11.1259939034 56715.6505969 r.MP9601
106234 1698312p 287 212.449038608 -10.827157973 56744.4179761 r.MP9601
106234 1698322p 287 212.443112056 -10.825924639 56744.4572681 r.MP9601
106575 1705704p 287 226.541582335 -15.6051190676 56782.4462896 r.MP9601
106738 1715892p 287 241.182402554 -12.2204314517 56802.4889134 r.MP9601
106738 1717287p 287 239.631882463 -12.0432745203 56810.4494112 r.MP9601
106738 1728612p 287 234.676728093 -12.6245559463 56857.357904 r.MP9601
108036 1645170p 287 215.419109788 -11.9872713084 56506.2865687 r.MP9601
108036 1645957p 287 216.517035099 -12.5117291117 56511.2674218 r.MP9601
111778 1715387p 287 217.994640511 -14.4475530927 56799.4250924 r.MP9601
111778 1715867p 287 217.51029419 -14.3733987466 56802.3577269 r.MP9601
112573 1751521p 287 25.1364780858 14.9921675611 56952.2866513 r.MP9601
112573 1751532p 287 25.1274869215 14.9895614265 56952.3313279 r.MP9601
112573 1751543p 287 25.1185869955 14.9869817378 56952.3755512 r.MP9601
112573 1751811p 387 24.8982485071 14.9229276418 56953.4713767 r.MP9601
112573 1752113p 387 24.494822236 14.8032607557 56955.4873207 r.MP9601
112573 1757097p 387 20.2631935457 13.3612690527 56980.2552326 r.MP9601
112573 1757120p 387 20.2466144627 13.3547760345 56980.3865521 r.MP9601
112573 1757545p 287 20.0204116514 13.2655278428 56982.2313596 r.MP9601
112573 1757586p 287 20.0015062207 13.2579477294 56982.3928294 r.MP9601
112573 1778897p 287 23.2843441932 13.9961087913 57050.2595389 r.MP9601
112990 1729485p 287 26.7602756063 15.2944740201 56864.5336882 r.MP9601
112990 1729496p 287 26.7667733952 15.2980739031 56864.5768868 r.MP9601
112990 1778898p 287 23.646666656 14.5663408928 57050.2635253 r.MP9601
113449 1667859p 287 14.590674921 2.79571161713 56597.2612144 r.MP9601
113449 1667888p 387 14.5731229916 2.78685110556 56597.3829619 r.MP9601
115217 1778889p 287 20.6476863459 11.5502352984 57050.2260208 r.MP9601
115471 1729257p 287 22.776044511 13.5328674967 56863.5207224 r.MP9601
115471 1729267p 287 22.7814721269 13.5361056284 56863.5622073 r.MP9601
115471 1729277p 287 22.7869276729 13.5393604234 56863.6039058 r.MP9601
115471 1735250p 287 24.7648975904 15.2050205584 56893.4461274 r.MP9601
115471 1735266p 287 24.7644663413 15.207279482 56893.5200558 r.MP9601
116228 1729017p 287 17.7014592223 6.87580693294 56862.5647947 r.MP9601
116228 1729718p 287 18.1302386034 6.96904467079 56865.5956081 r.MP9601
116228 1751777p 287 12.616638972 1.80689804777 56953.3149907 r.MP9601
116228 1774679p 387 17.1726563596 3.37156208872 57039.269152 r.MP9601
116333 1681950p 287 23.2140160433 14.6923773995 56659.2532577 r.MP9601
116333 1681963p 387 23.2184880034 14.692651193 56659.3080164 r.MP9601
116333 1682230p 287 23.29425767 14.6976616481 56660.2232773 r.MP9601
116333 1682240p 287 23.2979153361 14.6979561462 56660.2656851 r.MP9601
117598 1756828p 387 47.4655675875 15.4300216443 56978.3172339 r.MP9601
117598 1756850p 387 47.4438857656 15.4217359829 56978.4260966 r.MP9601
117598 1756875p 387 47.4211419488 15.4130444825 56978.5402915 r.MP9601
117598 1757111p 500 47.0649675188 15.2769696764 56980.3391482 r.MP9601
117598 1757794p 500 46.2836409634 14.9783284039 56984.3846836 r.MP9601
118402 1716730p 287 231.904529496 -12.6701304528 56807.449238 r.MP9601
118402 1716731p 287 231.903595624 -12.6698982787 56807.4545618 r.MP9601
118402 1716950p 287 231.743781876 -12.6303478613 56808.3709 r.MP9601
118402 1721427p 287 228.780935069 -12.0129386107 56829.3734808 r.MP9601
118402 1721427p 287 228.780935069 -12.0129386107 56829.3734808 r.MP9601
118402 1721437p 287 228.776998304 -12.0123769871 56829.4123624 r.MP9601
118426 1686793p 387 214.428617739 -14.0259114821 56690.6356086 r.MP9601
118426 1686860p 387 214.544515083 -14.0537055791 56691.5801931 r.MP9601
118426 1691679p 287 216.130549328 -14.302116726 56712.5895136 r.MP9601
118426 1691914p 287 216.154309003 -14.2954285986 56713.5724831 r.MP9601
118426 1692333p 287 216.196604079 -14.2645924813 56716.5205759 r.MP9601
118426 1698317p 287 214.442384753 -13.1962493407 56744.4377883 r.MP9601
118426 1698327p 287 214.437354761 -13.193807597 56744.4768562 r.MP9601
118426 1698828p 387 213.299324913 -12.6540791883 56752.3974148 r.MP9601
118426 1698829p 387 213.298527499 -12.6537074826 56752.4024644 r.MP9601
118934 1691932p 387 241.855760568 -14.1921512038 56713.6569583 r.MP9601
118934 1692664p 387 242.894027783 -14.1294835562 56722.6063219 r.MP9601
118934 1692665p 387 242.894514823 -14.1294261751 56722.6113602 r.MP9601
118934 1692838p 387 242.985339333 -14.1178992 56723.5809745 r.MP9601
118934 1692839p 387 242.985801078 -14.117837634 56723.5860118 r.MP9601
118934 1704852p 287 240.722709034 -12.3968074971 56777.4403511 r.MP9601
118934 1704865p 287 240.714249732 -12.3946461527 56777.4918798 r.MP9601
118934 1704878p 287 240.705748771 -12.3924741643 56777.5436623 r.MP9601
118934 1704879p 287 240.704919432 -12.3922622689 56777.5487141 r.MP9601
118934 1705711p 287 239.86133689 -12.1881073737 56782.4749215 r.MP9601
118934 1705712p 287 239.860511924 -12.1879180372 56782.4795583 r.MP9601
118934 1705891p 287 239.693993681 -12.1499725353 56783.4116361 r.MP9601
118934 1705906p 287 239.681985942 -12.1472608109 56783.4785006 r.MP9601
118934 1705921p 287 239.66832781 -12.1441763756 56783.5545551 r.MP9601
118934 1716972p 287 234.938930164 -11.3330522896 56808.4475231 r.MP9601
118934 1716977p 287 234.935368906 -11.3326393901 56808.4670815 r.MP9601
118934 1716980p 287 234.933222892 -11.3323905768 56808.4788674 r.MP9601
118934 1717109p 287 234.777697595 -11.3146671442 56809.3360872 r.MP9601
118934 1717120p 287 234.769969046 -11.3138103998 56809.3789245 r.MP9601
118934 1717131p 287 234.762230569 -11.3129525547 56809.4218167 r.MP9601
118934 1721592p 287 231.657968903 -11.1815571664 56830.3098645 r.MP9601
118934 1721603p 287 231.653312743 -11.1819258535 56830.3526798 r.MP9601
118934 1728590p 287 230.387648408 -11.8976251342 56857.2703852 r.MP9601
121724 1635634p 287 271.122026022 -24.7175997344 56476.456314 r.MP9601
121724 1635793p 287 270.931344895 -24.7033784944 56477.397044 r.MP9601
121724 1636038p 287 270.732475769 -24.6880036525 56478.389243 r.MP9601
121773 1631351p 287 213.121420332 -10.883005841 56455.3555013 r.MP9601
121773 1631362p 287 213.118425935 -10.8832769387 56455.3998627 r.MP9601
121773 1635774p 287 212.759500259 -11.3789283888 56477.3153014 r.MP9601
121773 1636132p 287 212.837604196 -11.4590186331 56479.3231139 r.MP9601
121773 1645169p 287 215.495183594 -12.9989038682 56506.2825644 r.MP9601
121773 1645698p 287 215.957035843 -13.2143806382 56509.2842977 r.MP9601
121773 1645956p 287 216.277510827 -13.3602241646 56511.263223 r.MP9601
121923 1774679p 387 17.5644264664 3.00786813322 57039.269152 r.MP9601
124037 1757894p 287 13.0998789949 1.75519859109 56985.2594883 r.MP9601
124037 1757982p 287 13.0431510614 1.76964395137 56986.2857859 r.MP9601
124037 1768979p 500 13.0765168723 2.56506687591 57008.2228609 r.MP9601
124037 1768992p 500 13.0796681846 2.56827347439 57008.2797266 r.MP9601
124037 1774673p 387 16.705415731 4.98160456545 57039.2385488 r.MP9601
127418 1751521p 287 25.2643445991 14.6142050241 56952.2866513 r.MP9601
127418 1751532p 287 25.2558002008 14.610357873 56952.3313279 r.MP9601
127418 1751543p 287 25.2473425071 14.6065497611 56952.3755512 r.MP9601
127418 1751811p 387 25.0381586813 14.512056066 56953.4713767 r.MP9601
127418 1752112p 387 24.6570872059 14.3375128497 56955.4822803 r.MP9601
127418 1757093p 387 20.7947342047 12.313785336 56980.2332227 r.MP9601
127418 1757116p 387 20.7803259551 12.3046970554 56980.366222 r.MP9601
127418 1757544p 287 20.5858931542 12.1802292492 56982.2272423 r.MP9601
127418 1757585p 287 20.5699290225 12.1697212132 56982.3889044 r.MP9601
128218 1735072p 287 21.7239883069 13.8993472635 56892.5719364 r.MP9601
128218 1735084p 287 21.7240078753 13.9013693411 56892.6189008 r.MP9601
128218 1736162p 287 21.675892329 14.0476991169 56896.4643068 r.MP9601
128218 1736199p 287 21.6723215318 14.0524601798 56896.6071387 r.MP9601
128546 1723392p 287 238.69858488 -14.2468416457 56839.3832592 r.MP9601
133327 1729253p 287 23.4493064989 13.6728270981 56863.5049477 r.MP9601
133327 1729263p 287 23.4553737343 13.6754218906 56863.5441967 r.MP9601
133327 1729273p 287 23.4618360282 13.6781856389 56863.5860013 r.MP9601
133327 1735253p 287 26.1679757695 14.8911739745 56893.4577692 r.MP9601
133327 1735269p 287 26.1693312378 14.8920365453 56893.5317039 r.MP9601
133327 1736561p 287 26.1835873429 14.9223287688 56899.436072 r.MP9601
133327 1736590p 287 26.1820980876 14.922148253 56899.5443815 r.MP9601
133327 1741573p 287 24.9602763394 14.4702415751 56918.4591091 r.MP9601
133327 1741584p 287 24.9554168772 14.4682479496 56918.5018297 r.MP9601
133327 1742018p 287 24.3307566415 14.2070675367 56923.488366 r.MP9601
133327 1742019p 287 24.3302263998 14.206841214 56923.4922459 r.MP9601
133505 1722359p 287 14.8644320974 3.53229593157 56833.5732595 r.MP9601
133505 1722506p 287 15.1052338081 3.63666274407 56834.5721548 r.MP9601
133505 1752376p 287 13.9308130256 5.31308905127 56957.4104923 r.MP9601
133754 1778898p 287 24.1135972869 14.8101488247 57050.2635253 r.MP9601
134091 1729024p 287 12.2001166151 2.46902948228 56862.592458 r.MP9601
134186 1774988p 387 21.3130127865 4.51955391409 57040.2151121 r.MP9601
138693 1778498p 387 217.366169454 -14.6383354752 57048.642903 r.MP9601
138714 1778498p 387 217.100990691 -14.5222455951 57048.642903 r.MP9601
146264 1616723p 287 238.203121318 -11.9510858019 56391.543291 r.MP9601
146264 1616919p 287 238.125218001 -11.8942707209 56392.512384 r.MP9601
146264 1616929p 287 238.121840216 -11.8918837526 56392.5529174 r.MP9601
146264 1617921p 287 237.158532049 -11.3446403829 56401.4968789 r.MP9601
146264 1617935p 287 237.151114203 -11.3410697051 56401.5537569 r.MP9601
152260 1715886p 287 244.06585812 -14.1673535165 56802.4637032 r.MP9601
152260 1715888p 287 244.064120743 -14.1670158985 56802.4725749 r.MP9601
152260 1721442p 287 239.286593906 -13.467421474 56829.4320673 r.MP9601
152260 1721619p 287 239.151763627 -13.4571757662 56830.4047783 r.MP9601
152260 1723391p 287 238.093850859 -13.4208429054 56839.3793074 r.MP9601
152260 1728434p 287 237.11530833 -13.635267403 56856.3489476 r.MP9601
152260 1728436p 287 237.115181028 -13.6354527719 56856.3569877 r.MP9601
152615 1635764p 287 209.685546059 -10.7731909393 56477.2750497 r.MP9601
152615 1636122p 287 209.87067573 -10.9141200704 56479.2822956 r.MP9601
152615 1645162p 287 214.095768655 -13.2563623098 56506.2546339 r.MP9601
152615 1645694p 287 214.744109859 -13.5579207137 56509.2671632 r.MP9601
154250 1630539p 287 237.768039693 -13.1764778061 56447.3849994 r.MP9601
154250 1630865p 287 237.414090989 -13.0863785784 56449.3760326 r.MP9601
154919 1607610p 287 211.01481812 -11.5679528585 56331.5525242 r.MP9601
154919 1607620p 287 211.017181758 -11.5680841717 56331.5919182 r.MP9601
154919 1607621p 287 211.017644713 -11.5681098915 56331.5996341 r.MP9601
157038 1635444p 287 240.285389474 -12.0557906666 56475.3808197 r.MP9601
157038 1635784p 287 240.108791872 -12.1028981307 56477.3594975 r.MP9601
157038 1644978p 287 240.013728671 -13.3667328186 56505.2510632 r.MP9601
157038 1645007p 287 240.01853695 -13.3705725852 56505.3127737 r.MP9601
157038 1645173p 287 240.096987179 -13.4321772432 56506.2988461 r.MP9601
157038 1645702p 287 240.368799521 -13.6249769082 56509.3004952 r.MP9601
158590 1729254p 287 24.3330256007 13.9376501747 56863.508911 r.MP9601
158590 1729264p 287 24.3390030556 13.9401435028 56863.5481075 r.MP9601
158590 1729274p 287 24.3454046161 13.9428137348 56863.5900849 r.MP9601
158590 1729478p 287 24.4829725232 14.0002324395 56864.5059945 r.MP9601
158590 1729489p 287 24.489408651 14.0029201857 56864.5493842 r.MP9601
158590 1729500p 287 24.4958155774 14.0055957374 56864.5925769 r.MP9601
158590 1735255p 287 26.8298022762 15.0198352302 56893.4703414 r.MP9601
158590 1735271p 287 26.8302685321 15.0202237767 56893.5402798 r.MP9601
158590 1736563p 287 26.7733023064 15.0137562389 56899.4456264 r.MP9601
158590 1736592p 287 26.7705041197 15.0129271466 56899.552224 r.MP9601
158590 1741573p 287 25.3221606195 14.4455962771 56918.4591091 r.MP9601
158590 1741584p 287 25.3168561517 14.443377182 56918.5018297 r.MP9601
158590 1742018p 287 24.6444001054 14.1571192432 56923.488366 r.MP9601
158590 1775269p 387 20.1303945555 9.6068128111 57041.2478061 r.MP9601
158590 1775278p 387 20.1396130039 9.60957834562 57041.2938984 r.MP9601
159840 1722732p 287 17.128266592 3.84322546215 56835.5822479 r.MP9601
163530 1667733p 287 14.8877017888 5.30926022949 56596.254458 r.MP9601
163530 1667744p 287 14.8816123272 5.30547521121 56596.2974424 r.MP9601
163530 1667755p 287 14.8755599537 5.30171324574 56596.340165 r.MP9601
163530 1667864p 287 14.7433019695 5.21939716793 56597.2811942 r.MP9601
163530 1667893p 387 14.7257358836 5.20842942041 56597.4085616 r.MP9601
163530 1668257p 287 14.203421918 4.87673255817 56601.4471785 r.MP9601
163530 1671894p 287 12.8887478846 3.77380794523 56625.216079 r.MP9601
163530 1672372p 287 13.0344821401 3.74463964635 56630.2432467 r.MP9601
163530 1672384p 287 13.0366567041 3.74473190058 56630.2906917 r.MP9601
163530 1672612p 387 13.0853255741 3.74760000773 56631.3152958 r.MP9601
163617 1646282p 287 20.694051638 12.9229128986 56512.530388 r.MP9601
163617 1646295p 287 20.6971463599 12.9258369284 56512.583822 r.MP9601
165703 1646431p 287 23.7182601668 14.3337709009 56513.4952085 r.MP9601
165703 1646442p 287 23.7208112026 14.3360987964 56513.5386304 r.MP9601
165871 1658156p 287 24.7479188117 13.4916284416 56573.5131771 r.MP9601
165871 1667388p 287 21.0114362649 11.4852750176 56594.4527505 r.MP9601
165871 1667551p 287 20.8600698214 11.3970347908 56595.3650569 r.MP9601
165871 1667759p 287 20.6984462953 11.3017273417 56596.3558886 r.MP9601
165871 1667872p 287 20.5449460984 11.2103047419 56597.3134983 r.MP9601
165871 1667882p 287 20.5387370737 11.2065902201 56597.3527132 r.MP9601
165871 1667900p 387 20.5241712279 11.1978762668 56597.444708 r.MP9601
166815 1645242p 287 16.6874356705 5.71362132967 56506.5318629 r.MP9601
166815 1645253p 287 16.6893041071 5.71493813263 56506.5745701 r.MP9601
166815 1650815p 287 16.0396795103 5.89331119351 56534.4489508 r.MP9601
166815 1651032p 287 15.9453137708 5.87389600935 56535.4517036 r.MP9601
166815 1651047p 287 15.9394025836 5.87266134078 56535.5125914 r.MP9601
166815 1651048p 287 15.9389489987 5.87256660059 56535.5172635 r.MP9601
166815 1651676p 287 15.5248790428 5.78023821789 56539.4198206 r.MP9601
166815 1651687p 287 15.5199419238 5.77907374697 56539.462597 r.MP9601
181749 1692663p 387 241.759690366 -14.3232029563 56722.6012844 r.MP9601
181749 1692837p 387 241.838511281 -14.3081032993 56723.575932 r.MP9601
181749 1704846p 287 239.296162481 -12.3244517579 56777.4169924 r.MP9601
181749 1704859p 287 239.287844489 -12.3219570731 56777.4683116 r.MP9601
181749 1704872p 287 239.279457505 -12.3194416966 56777.5200565 r.MP9601
181749 1705709p 287 238.445050957 -12.0803658447 56782.4663755 r.MP9601
181749 1705710p 287 238.444248604 -12.0801455162 56782.4709604 r.MP9601
181749 1705890p 287 238.279630652 -12.0352407844 56783.407751 r.MP9601
181749 1705905p 287 238.267816931 -12.0320458787 56783.4746211 r.MP9601
181749 1705920p 287 238.254380619 -12.0284121589 56783.5506757 r.MP9601
181749 1721426p 287 230.497477791 -10.7011835545 56829.3696019 r.MP9601
181749 1721436p 287 230.493136073 -10.7011619539 56829.4084829 r.MP9601
181749 1728596p 287 229.115192261 -11.245236027 56857.2938827 r.MP9601
181749 1728600p 287 229.115454766 -11.245859757 56857.3100369 r.MP9601
181953 1691672p 287 213.146483257 -13.6713677121 56712.5623421 r.MP9601
181953 1691905p 287 213.150691546 -13.6939131441 56713.5319422 r.MP9601
181953 1692179p 287 213.142976595 -13.7375982768 56715.6428086 r.MP9601
182939 1715408p 287 244.744691578 -13.7536536566 56799.5102602 r.MP9601
182939 1715886p 287 244.172880959 -13.6097695704 56802.4637032 r.MP9601
182939 1715888p 287 244.171158368 -13.6093506283 56802.4725749 r.MP9601
182939 1723208p 287 238.56006475 -12.7373603993 56838.4228798 r.MP9601
182939 1723389p 287 238.481838439 -12.7415084137 56839.3715145 r.MP9601
182939 1728434p 287 237.90729803 -13.0521481066 56856.3489476 r.MP9601
182939 1728435p 287 237.90735138 -13.0522677412 56856.3528276 r.MP9601
184235 1691673p 287 213.671931511 -13.0054773149 56712.5662232 r.MP9601
184235 1691906p 287 213.697085837 -13.0337927222 56713.5358216 r.MP9601
184235 1692180p 287 213.733916961 -13.0902357801 56715.6466902 r.MP9601
184639 1691902p 287 212.651048893 -14.3012674652 56713.5200542 r.MP9601
184639 1691913p 387 212.650072167 -14.3019717709 56713.5678939 r.MP9601
184639 1691923p 387 212.649219901 -14.3025863299 56713.6096375 r.MP9601
184639 1692176p 287 212.597319126 -14.3287508954 56715.6310291 r.MP9601
184924 1704851p 287 239.486343347 -13.8753035925 56777.4364421 r.MP9601
184924 1704864p 287 239.478027794 -13.8723678531 56777.4877463 r.MP9601
184924 1704877p 287 239.469640972 -13.8694069526 56777.5394901 r.MP9601
184924 1705715p 287 238.630473111 -13.5852187922 56782.4914055 r.MP9601
184924 1705894p 287 238.465131428 -13.5314816716 56783.4235072 r.MP9601
184924 1705896p 287 238.462292424 -13.5305684254 56783.4393897 r.MP9601
184924 1705909p 287 238.453203858 -13.5276448309 56783.4902348 r.MP9601
184924 1705924p 287 238.439606405 -13.5232708248 56783.5663045 r.MP9601
184924 1716714p 287 233.920066341 -12.2671827277 56807.3933049 r.MP9601
184924 1716968p 287 233.729511335 -12.2221997478 56808.4319014 r.MP9601
184924 1716976p 287 233.723799673 -12.2208696347 56808.4631981 r.MP9601
184924 1717105p 287 233.568054424 -12.1847116967 56809.3202526 r.MP9601
184924 1717116p 287 233.560289849 -12.1829184922 56809.3632895 r.MP9601
184924 1717127p 287 233.552543986 -12.1811296094 56809.4062227 r.MP9601
184924 1721425p 287 230.553592136 -11.6165126126 56829.3657207 r.MP9601
184924 1721435p 287 230.549234275 -11.6159942053 56829.4046013 r.MP9601
186369 1691927p 387 240.287605789 -14.6220218716 56713.6303013 r.MP9601
186369 1704850p 287 239.789990598 -13.3393799073 56777.4325564 r.MP9601
186369 1704863p 287 239.781444361 -13.3375282227 56777.4838338 r.MP9601
186369 1704876p 287 239.772815553 -13.3356586475 56777.5356067 r.MP9601
186369 1705716p 287 238.907002968 -13.1575826978 56782.5015928 r.MP9601
186369 1705892p 287 238.740314304 -13.1254566928 56783.4155231 r.MP9601
186369 1705907p 287 238.728029151 -13.1231166637 56783.482381 r.MP9601
186369 1705922p 287 238.714042285 -13.1204524987 56783.5585 r.MP9601
186369 1716717p 287 234.106537638 -12.448899058 56807.405678 r.MP9601
186369 1716968p 287 233.918441294 -12.4312549499 56808.4319014 r.MP9601
186369 1716976p 287 233.912742673 -12.4307420305 56808.4631981 r.MP9601
186369 1717105p 287 233.75735453 -12.4170516962 56809.3202526 r.MP9601
186369 1717116p 287 233.749607887 -12.4163941879 56809.3632895 r.MP9601
186369 1717127p 287 233.741879913 -12.4157382642 56809.4062227 r.MP9601
186369 1721422p 287 230.843411651 -12.3714515206 56829.3540808 r.MP9601
186369 1721432p 287 230.83939688 -12.3719155936 56829.3929334 r.MP9601
186924 1728436p 287 237.991730328 -14.4429946094 56856.3569877 r.MP9601
187400 1692347p 387 247.83207214 -17.6224440788 56716.5829108 r.MP9601
188347 1625355p 287 242.164452291 -13.9697181775 56420.4672596 r.MP9601
188347 1625366p 287 242.156788976 -13.9680437368 56420.5112595 r.MP9601
188347 1625377p 287 242.149156846 -13.9663761105 56420.5550803 r.MP9601
188347 1625657p 287 241.974683516 -13.9288097316 56421.550259 r.MP9601
188347 1625932p 287 241.79629862 -13.8911018645 56422.5558021 r.MP9601
188347 1630311p 287 237.503121921 -13.1563973453 56445.4066228 r.MP9601
188347 1630312p 287 237.502188242 -13.156275407 56445.4117271 r.MP9601
188347 1630313p 287 237.501270095 -13.1561554971 56445.4167466 r.MP9601
188347 1630536p 287 237.146968271 -13.1109871991 56447.3727352 r.MP9601
188347 1630865p 287 236.791850976 -13.068868237 56449.3760326 r.MP9601
191489 1729485p 287 26.7889827682 15.1258988616 56864.5336882 r.MP9601
191489 1729496p 287 26.7970285069 15.1293667489 56864.5768868 r.MP9601
191489 1751518p 287 23.6971209973 14.1923203462 56952.2741028 r.MP9601
191489 1751529p 287 23.6884417346 14.1880963134 56952.3190925 r.MP9601
191489 1751540p 287 23.6797960266 14.183888611 56952.3639083 r.MP9601
191489 1751808p 387 23.4694452347 14.0810763506 56953.4562504 r.MP9601
191489 1752061p 387 23.122648693 13.9092149193 56955.2751504 r.MP9601
191503 1752374p 287 18.0534797731 3.63525879835 56957.4027306 r.MP9601
191503 1774988p 387 21.2350668983 4.65880775097 57040.2151121 r.MP9601
191999 1722360p 287 14.1484431104 4.20986429166 56833.5771563 r.MP9601
191999 1722507p 287 14.3423771677 4.26828214669 56834.5760372 r.MP9601
191999 1729015p 287 18.4514791513 5.25952207487 56862.5569867 r.MP9601
191999 1729719p 287 18.7217908397 5.28427507299 56865.5994875 r.MP9601
192334 1722738p 287 19.0240351186 4.99869490978 56835.6055923 r.MP9601
195978 1741578p 287 27.992303457 14.083098208 56918.4785253 r.MP9601
195978 1741589p 287 27.986891032 14.0821842678 56918.521255 r.MP9601
195978 1742026p 287 27.2996154643 13.9520467714 56923.5195562 r.MP9601
195978 1751555p 287 22.0346969361 12.5284785111 56952.4248971 r.MP9601
195978 1751565p 287 22.0270911104 12.5260691783 56952.4643225 r.MP9601
195978 1751575p 287 22.0194847227 12.5236596674 56952.5037509 r.MP9601
195978 1751801p 387 21.8430891734 12.4676153886 56953.4208391 r.MP9601
195978 1752101p 387 21.4618531151 12.345077707 56955.4260012 r.MP9601
195978 1775271p 387 20.154166422 11.7596594091 57041.2580631 r.MP9601
195978 1775280p 387 20.1618953862 11.7624722663 57041.3040916 r.MP9601
195978 1778893p 287 21.7812863963 12.3529584813 57050.2437764 r.MP9601
197055 1630860p 287 241.951861754 -12.4004416281 56449.3556494 r.MP9601
197055 1630881p 287 241.935620931 -12.3978828989 56449.4409404 r.MP9601
197055 1631376p 287 240.828076283 -12.2411189311 56455.4611775 r.MP9601
197055 1631658p 287 240.654695542 -12.2202226633 56456.4547728 r.MP9601
197055 1635435p 287 238.095314139 -12.1185475337 56475.3451654 r.MP9601
197055 1635596p 287 238.003192943 -12.1298421251 56476.3821314 r.MP9601
197221 1757091p 387 21.8520859101 13.9952232037 56980.222975 r.MP9601
197221 1757114p 387 21.8361711752 13.9855745491 56980.3560599 r.MP9601
197221 1757542p 287 21.6201119653 13.852591729 56982.2186791 r.MP9601
197221 1757583p 287 21.6022509666 13.8413158459 56982.3810518 r.MP9601
197221 1778096p 387 25.6249944445 13.5454700156 57046.2509323 r.MP9601
197221 1778105p 387 25.6393031072 13.5492344914 57046.3167193 r.MP9601
198824 1651335p 287 24.4395092626 12.5134713124 56537.4172125 r.MP9601
198824 1651346p 287 24.4363865367 12.5133991107 56537.4605336 r.MP9601
198824 1651490p 287 24.3638485889 12.5109235375 56538.4365588 r.MP9601
198824 1651502p 287 24.3602546412 12.5107551724 56538.483183 r.MP9601
198824 1658263p 287 19.055672343 11.2968871212 56574.4124706 r.MP9601
198824 1658264p 287 19.052724838 11.2960020227 56574.4277164 r.MP9601
198824 1658265p 287 19.0519587267 11.2957719692 56574.431679 r.MP9601
198824 1658266p 287 19.0492502934 11.2949586609 56574.4456881 r.MP9601
201724 1774680p 387 13.0378417206 5.3787701885 57039.2742714 r.MP9601
201907 1657924p 287 14.8748398015 3.27706072696 56571.3878426 r.MP9601
201907 1657925p 287 14.8738864047 3.27654661867 56571.3931763 r.MP9601
201907 1657940p 287 14.8632117215 3.27079041809 56571.4528948 r.MP9601
201907 1657943p 287 14.8607531407 3.26946465655 56571.4666491 r.MP9601
201907 1657945p 287 14.8590882003 3.2685668565 56571.4759634 r.MP9601
201907 1658283p 287 14.3142939311 2.97631694701 56574.5166927 r.MP9601
202368 1646290p 287 21.5513866487 13.3840980755 56512.5634281 r.MP9601
202368 1646302p 287 21.553094828 13.3859689386 56512.6122332 r.MP9601
202368 1651191p 287 20.9974895904 13.7515174153 56536.5334615 r.MP9601
202368 1651201p 287 20.9943336812 13.7511829429 56536.5723034 r.MP9601
202368 1651361p 287 20.9146704242 13.741858765 56537.5207294 r.MP9601
202368 1651373p 287 20.9103957566 13.7413218503 56537.5702907 r.MP9601
210506 1778494p 387 215.891834986 -14.5776900944 57048.6225432 r.MP9601
212903 1778499p 387 218.736684819 -13.9353081832 57048.6479896 r.MP9601
217367 1715892p 287 241.536152554 -12.464474321 56802.4889134 r.MP9601
217367 1728612p 287 235.378294106 -12.513050124 56857.357904 r.MP9601
224960 1645491p 287 245.268942739 -14.4562438846 56508.3007705 r.MP9601
224960 1646367p 287 245.769044391 -14.7831269952 56513.2779222 r.MP9601
224977 1607613p 287 212.489366695 -12.4068558014 56331.5641669 r.MP9601
224977 1607624p 287 212.495317727 -12.4099001954 56331.6137588 r.MP9601
224977 1607625p 287 212.495909996 -12.4102031848 56331.6186944 r.MP9601
224977 1607626p 287 212.496496627 -12.4105032899 56331.623583 r.MP9601
226491 1734912p 287 24.9642932996 6.7753553867 56891.5759797 r.MP9601
226491 1734916p 387 24.9643305845 6.77554181133 56891.5983507 r.MP9601
226491 1736290p 287 24.8691767177 6.78992645484 56897.4387302 r.MP9601
226491 1751788p 287 16.2810355706 4.65153741243 56953.3601644 r.MP9601
226491 1751790p 287 16.2795669697 4.65120530591 56953.3679279 r.MP9601
226491 1768998p 287 12.8928225384 5.03653266882 57008.3190842 r.MP9601
228966 1751769p 387 17.7406167438 4.75174708918 56953.2825582 r.MP9601
228966 1751782p 387 17.7301357006 4.74970600472 56953.3361926 r.MP9601
228966 1751795p 387 17.7196864922 4.74767111978 56953.389664 r.MP9601
228966 1751796p 387 17.7187007406 4.74747915394 56953.3947084 r.MP9601
228966 1752058p 387 17.3575851404 4.6785352268 56955.2599467 r.MP9601
228966 1752077p 387 17.3402427868 4.67529697551 56955.3510226 r.MP9601
228966 1752079p 387 17.3380887126 4.67489475597 56955.362335 r.MP9601
228966 1752108p 387 17.3191204232 4.67135290178 56955.4619496 r.MP9601
228966 1752337p 387 16.982190712 4.6098616815 56957.2499826 r.MP9601
228966 1752353p 387 16.97144381 4.60795327752 56957.3082051 r.MP9601
228966 1752353p 387 16.97144381 4.60795327752 56957.3082051 r.MP9601
228966 1752367p 387 16.9591706835 4.605773851 56957.3746961 r.MP9601
228966 1757088p 387 13.8695483136 4.33465190011 56980.2073796 r.MP9601
228966 1757101p 387 13.8646726439 4.33552989426 56980.2746302 r.MP9601
228966 1757970p 387 13.5354962414 4.45165107148 56986.2239169 r.MP9601
228975 1774679p 387 17.6315702263 3.53206302203 57039.269152 r.MP9601
231472 1681845p 387 18.1924350043 11.8828051775 56656.3046195 r.MP9601
231655 1757442p 387 23.8303240384 14.1839135798 56981.2185325 r.MP9601
231655 1757464p 387 23.814462082 14.173573067 56981.3590074 r.MP9601
231655 1757548p 287 23.7158037313 14.1088691542 56982.2435175 r.MP9601
231655 1757590p 287 23.6978654224 14.0969102816 56982.4097413 r.MP9601
232937 1729479p 287 25.3357047906 14.9722817401 56864.5099424 r.MP9601
232937 1729490p 287 25.341499324 14.9755671141 56864.553266 r.MP9601
232937 1729501p 287 25.3472822139 14.9788458866 56864.5965025 r.MP9601
232937 1775272p 387 19.5756850579 12.8103230905 57041.2631838 r.MP9601
232937 1775281p 387 19.584980438 12.8129040758 57041.3091815 r.MP9601
232937 1778892p 287 21.5220148834 13.3695118593 57050.239849 r.MP9601
233020 1646438p 287 26.1774055228 13.5625228113 56513.5231105 r.MP9601
233020 1646449p 287 26.1795397275 13.5643605987 56513.5657945 r.MP9601
233020 1651342p 287 26.0362182063 14.1294456913 56537.4449432 r.MP9601
233020 1651353p 287 26.0334869928 14.1295527977 56537.4877857 r.MP9601
233020 1651497p 287 25.9687571245 14.1313486138 56538.4637524 r.MP9601
233020 1651509p 287 25.9655341325 14.1314003888 56538.5103499 r.MP9601
233020 1658262p 287 20.8538456474 13.0157740716 56574.408594 r.MP9601
234135 1768981p 287 20.7555438929 4.09665514004 57008.2346839 r.MP9601
234969 1667592p 287 23.1514060197 14.4327516836 56595.4981113 r.MP9601
234969 1667911p 387 22.7703496035 14.3133120718 56597.5003577 r.MP9601
234969 1671672p 387 19.3637544147 13.0551943183 56623.3766398 r.MP9601
234969 1672404p 287 19.0861715801 12.8957293264 56630.3704441 r.MP9601
234969 1681684p 387 20.5319202172 13.180184622 56655.2968222 r.MP9601
234969 1681944p 287 21.0801845831 13.3432496571 56659.2298705 r.MP9601
234969 1681956p 287 21.0873073023 13.3453949756 56659.2769629 r.MP9601
234969 1681972p 387 21.0994404763 13.3490494119 56659.3571822 r.MP9601
234969 1682233p 387 21.2335498501 13.389575801 56660.2366835 r.MP9601
235531 1658155p 287 24.969757523 12.6018884485 56573.5092983 r.MP9601
235531 1667388p 287 21.026460945 11.4044491352 56594.4527505 r.MP9601
235531 1667551p 287 20.8622460746 11.3508258302 56595.3650569 r.MP9601
235531 1667551p 287 20.8622460746 11.3508258302 56595.3650569 r.MP9601
235531 1667759p 287 20.685728059 11.2928509423 56596.3558886 r.MP9601
235531 1667872p 287 20.5169350839 11.2371645412 56597.3134983 r.MP9601
235531 1667882p 287 20.5100888172 11.2348987918 56597.3527132 r.MP9601
235531 1667900p 387 20.4940280557 11.2295835358 56597.444708 r.MP9601
236803 1658160p 287 25.6639283518 15.0954206538 56573.5287541 r.MP9601
236803 1667553p 287 21.2783240342 13.9042269494 56595.3728177 r.MP9601
236803 1667761p 287 21.0942777009 13.8453274429 56596.3636505 r.MP9601
236803 1667871p 287 20.9212453733 13.7891882441 56597.3094945 r.MP9601
236803 1667881p 287 20.9141622286 13.7868653652 56597.3487544 r.MP9601
236803 1667899p 387 20.8977793359 13.7814926844 56597.4395603 r.MP9601
236803 1681846p 387 18.9499174467 12.7520734336 56656.3168982 r.MP9601
236855 1671905p 387 24.4285381714 13.8656030949 56625.269535 r.MP9601
236855 1672412p 287 24.1700097159 13.6116282552 56630.4021547 r.MP9601
236855 1672608p 387 24.1413720997 13.5733816868 56631.2941337 r.MP9601
236889 1667593p 287 23.8471075919 13.0404567518 56595.502021 r.MP9601
236889 1667910p 387 23.4644286291 12.9434218707 56597.4953215 r.MP9601
236889 1671671p 387 20.0160979695 12.0206088126 56623.3715763 r.MP9601
236889 1672400p 287 19.729475963 11.9583960695 56630.35483 r.MP9601
236889 1681664p 287 21.1396364504 12.5627229562 56655.2391209 r.MP9601
236889 1681848p 287 21.2822253427 12.6175267876 56656.330251 r.MP9601
236889 1681943p 287 21.6901362257 12.7734197709 56659.2259082 r.MP9601
236889 1681955p 287 21.6972126276 12.7761061827 56659.2730842 r.MP9601
236889 1681971p 387 21.7090674665 12.7806066308 56659.3521164 r.MP9601
236889 1682232p 387 21.8421505958 12.8310753149 56660.2316167 r.MP9601
237229 1651341p 287 25.770750978 13.4960143068 56537.4407924 r.MP9601
237229 1651352p 287 25.7689906562 13.4967926804 56537.4839023 r.MP9601
237229 1651496p 287 25.7262643654 13.513392416 56538.4598719 r.MP9601
237229 1651508p 287 25.7240704823 13.5141301819 56538.5064676 r.MP9601
237229 1657412p 287 21.9743852975 13.0610319808 56568.4955304 r.MP9601
237229 1657502p 287 21.7659005897 13.0114667354 56569.5922409 r.MP9601
237229 1658262p 287 20.8177704496 12.7722107051 56574.408594 r.MP9601
239987 1671901p 387 24.2245430668 12.2171701032 56625.2492662 r.MP9601
239987 1672411p 287 23.8372765548 12.1166375241 56630.3982059 r.MP9601
239987 1681670p 287 23.9431218402 12.3008900481 56655.2635904 r.MP9601
239987 1681856p 387 24.0208194139 12.3344668429 56656.3691284 r.MP9601
239987 1681939p 387 24.2458704542 12.4299664958 56659.2051861 r.MP9601
239987 1681952p 287 24.250785743 12.4320106317 56659.2613609 r.MP9601
239987 1681964p 387 24.2553341698 12.4339021997 56659.3133429 r.MP9601
239987 1681964p 387 24.2553341698 12.4339021997 56659.3133429 r.MP9601
239987 1682231p 287 24.3363341848 12.4675335344 56660.2271586 r.MP9601
239987 1682241p 287 24.3402418654 12.4691484733 56660.2695949 r.MP9601
239987 1682245p 387 24.3422004335 12.4699578966 56660.2908644 r.MP9601
240714 1657654p 287 13.7435134783 3.79685303028 56570.3712279 r.MP9601
240714 1657655p 287 13.7425663119 3.79655429768 56570.3763248 r.MP9601
240714 1657922p 287 13.5561018536 3.73774413219 56571.379721 r.MP9601
240714 1657938p 287 13.544137826 3.7339707244 56571.4441014 r.MP9601
240714 1658271p 287 12.981560057 3.55761383933 56574.4691835 r.MP9601
243016 1715414p 287 240.418231531 -13.6821065247 56799.5335627 r.MP9601
243016 1715419p 287 240.414220016 -13.6817086884 56799.5534545 r.MP9601
243016 1715894p 287 239.821484694 -13.6257530039 56802.4967567 r.MP9601
243016 1721599p 287 235.046753793 -13.5055998664 56830.3371314 r.MP9601
243016 1721610p 287 235.041468082 -13.5060998661 56830.3799885 r.MP9601
249227 1692658p 387 239.781757723 -14.7484541411 56722.5760909 r.MP9601
249227 1704849p 287 238.290160834 -14.0017034791 56777.4286748 r.MP9601
249227 1704862p 287 238.281357819 -14.0002790431 56777.4799544 r.MP9601
249227 1704875p 287 238.272470458 -13.9988409588 56777.5317255 r.MP9601
249227 1705714p 287 237.37776604 -13.8610374946 56782.4875255 r.MP9601
249227 1705893p 287 237.200824799 -13.8354051765 56783.4196097 r.MP9601
249227 1705895p 287 237.197809213 -13.8349725054 56783.4353432 r.MP9601
249227 1705908p 287 237.18804842 -13.8335720438 56783.4862691 r.MP9601
249227 1705923p 287 237.173452427 -13.8314778361 56783.5624221 r.MP9601
249227 1716501p 287 232.498919388 -13.3251845151 56806.3819947 r.MP9601
249227 1716511p 287 232.4911805 -13.3246664305 56806.420851 r.MP9601
249227 1716521p 287 232.483441788 -13.3241483577 56806.4597065 r.MP9601
249227 1716740p 287 232.279343661 -13.3110965855 56807.4895882 r.MP9601
249227 1716959p 287 232.099923063 -13.3004891595 56808.4059756 r.MP9601
249328 1672597p 287 9.37313174635 1.88858990835 56631.2409406 r.MP9601
249656 1698696p 287 217.682884345 -15.0097592679 56751.4547729 r.MP9601
249656 1698706p 287 217.677214582 -15.0073982522 56751.4946774 r.MP9601
249656 1698861p 387 217.520374558 -14.9422485432 56752.5848168 r.MP9601
254239 1691924p 387 237.706830315 -13.1780788226 56713.6151835 r.MP9601
254239 1692357p 387 238.11608934 -13.1432216061 56716.6333795 r.MP9601
254239 1692656p 387 238.803668825 -13.0408286171 56722.5660129 r.MP9601
255407 1607612p 287 212.298634846 -13.0354886299 56331.5602852 r.MP9601
255407 1607623p 287 212.301642944 -13.0372843136 56331.607471 r.MP9601
255465 1616725p 287 239.306255348 -12.9166849445 56391.5511569 r.MP9601
255465 1616921p 287 239.220660536 -12.8851695512 56392.520251 r.MP9601
255465 1616931p 287 239.216964396 -12.8838357761 56392.5609424 r.MP9601
255465 1617937p 287 238.1872107 -12.5734815092 56401.5617563 r.MP9601
260291 1630754p 287 241.373497804 -12.8072393167 56448.4766934 r.MP9601
260291 1630857p 287 241.213161916 -12.791491611 56449.3433365 r.MP9601
260291 1630878p 287 241.197448982 -12.7899951411 56449.4288491 r.MP9601
260291 1631129p 287 240.854117049 -12.758745712 56451.3127757 r.MP9601
260291 1635434p 287 237.432578533 -12.7223281591 56475.3412786 r.MP9601
260291 1635595p 287 237.335800976 -12.7366796158 56476.3782381 r.MP9601
261761 1630544p 287 239.150248471 -11.6772801928 56447.4051488 r.MP9601
261761 1630873p 287 238.796325205 -11.6371166221 56449.4086591 r.MP9601
261761 1635429p 287 235.343842074 -11.5830380176 56475.3203011 r.MP9601
261761 1635590p 287 235.260866068 -11.5996817748 56476.3582687 r.MP9601
264001 1616725p 287 239.288499564 -12.9838026236 56391.5511569 r.MP9601
264001 1616921p 287 239.198276052 -12.9346650197 56392.520251 r.MP9601
264001 1616931p 287 239.19439341 -12.9325965378 56392.5609424 r.MP9601
264001 1617938p 287 238.142917244 -12.4533284696 56401.565745 r.MP9601
264006 1626167p 287 216.342575039 -14.4146015574 56423.4861798 r.MP9601
264006 1626303p 287 216.171745638 -14.3430415781 56424.4884778 r.MP9601
264006 1631350p 287 212.352728725 -12.6078847944 56455.3512972 r.MP9601
264006 1631361p 287 212.349862132 -12.6063189568 56455.3956831 r.MP9601
264006 1635770p 287 211.971717625 -12.2234994167 56477.29895 r.MP9601
264006 1636131p 287 212.040835233 -12.2273524345 56479.3191974 r.MP9601
264006 1645166p 287 214.481817721 -12.8326160008 56506.2705465 r.MP9601
264006 1645695p 287 214.911578014 -12.9548556232 56509.2711127 r.MP9601
264106 1616944p 287 243.226771047 -13.553472317 56392.6132786 r.MP9601
264106 1617915p 287 242.332924992 -13.2221940561 56401.4721528 r.MP9601
264106 1617928p 287 242.326581672 -13.2201383506 56401.5250138 r.MP9601
264106 1625346p 287 239.418614694 -12.4679878992 56420.4303112 r.MP9601
264106 1625358p 287 239.40976128 -12.4660795419 56420.4793832 r.MP9601
264106 1625369p 287 239.401848764 -12.4643739958 56420.5232401 r.MP9601
264106 1625652p 287 239.219065215 -12.4253603221 56421.5302363 r.MP9601
264106 1625927p 287 239.034430662 -12.3868314533 56422.5358158 r.MP9601
264389 1729258p 287 21.4106987695 12.0688763615 56863.5246828 r.MP9601
264389 1729268p 287 21.4146788549 12.0714259235 56863.5662141 r.MP9601
264389 1729278p 287 21.4186704638 12.0739828671 56863.6078657 r.MP9601
264389 1735068p 287 22.3112178115 13.1718006145 56892.5564139 r.MP9601
264389 1735080p 287 22.309459461 13.1723737065 56892.6033033 r.MP9601
264389 1736162p 287 22.1253856901 13.204563586 56896.4643068 r.MP9601
264389 1736199p 287 22.1171728566 13.2051983943 56896.6071387 r.MP9601
265922 1778898p 287 24.4570884149 14.5698317794 57050.2635253 r.MP9601
265967 1722739p 287 18.8717814754 6.30981617923 56835.6095012 r.MP9601
265967 1734912p 287 24.2976736204 7.12413400877 56891.5759797 r.MP9601
265967 1734916p 387 24.2973566985 7.12338831025 56891.5983507 r.MP9601
265967 1736290p 287 24.1356523787 6.89741128507 56897.4387302 r.MP9601
265967 1752339p 287 16.0112894114 2.35327834292 56957.2583256 r.MP9601
266442 1774989p 387 14.8333868707 3.9478593386 57040.2201836 r.MP9601
266641 1728791p 287 15.1984127192 4.59797233962 56861.5519312 r.MP9601
266641 1729711p 287 15.589403496 4.64017606616 56865.5680766 r.MP9601
266641 1734908p 287 16.3391870013 4.08602552763 56891.5603804 r.MP9601
266641 1736286p 287 16.0493917827 3.75693828429 56897.4223208 r.MP9601
266722 1625348p 287 240.369257616 -13.6712897698 56420.438295 r.MP9601
266722 1625360p 287 240.360401352 -13.6683854061 56420.4873828 r.MP9601
266722 1625371p 287 240.352487653 -13.6657901516 56420.5312463 r.MP9601
266722 1625654p 287 240.16922604 -13.6063549301 56421.5383125 r.MP9601
266722 1630186p 287 235.779153459 -12.3842538365 56444.3879634 r.MP9601
266722 1630308p 287 235.592894635 -12.3403387864 56445.3946777 r.MP9601
267780 1728798p 287 12.9657559622 4.54151536342 56861.5793118 r.MP9601
267780 1729709p 287 13.5194539674 4.62698723365 56865.5599023 r.MP9601
267888 1722739p 287 18.4182998849 5.59293929957 56835.6095012 r.MP9601
267888 1723121p 287 18.9086695423 5.80910626928 56837.5851217 r.MP9601
267888 1778895p 287 23.2731603208 12.0251203996 57050.2516792 r.MP9601
271251 1635443p 287 240.361729834 -13.869135086 56475.376842 r.MP9601
271324 1722733p 287 16.1768274617 5.62057888316 56835.5861562 r.MP9601
271324 1722897p 287 16.4063081835 5.72753839951 56836.5951006 r.MP9601
271355 1778104p 387 26.8355146222 16.0078693741 57046.3091844 r.MP9601
272013 1645235p 287 14.8895054862 4.30201711648 56506.5046741 r.MP9601
272013 1645246p 287 14.8906985345 4.30141168897 56506.5474102 r.MP9601
272013 1646580p 287 14.9603706938 4.09321482555 56515.5036778 r.MP9601
272013 1651062p 287 13.8079097632 3.06372276914 56535.5726829 r.MP9601
272013 1651163p 287 13.7207326352 3.00418478611 56536.4232736 r.MP9601
272013 1651173p 287 13.7166716157 3.00143429481 56536.4621041 r.MP9601
272013 1651840p 287 13.2755840658 2.7110645424 56540.4027813 r.MP9601
272013 1651850p 287 13.2709439687 2.70808970662 56540.4415835 r.MP9601
273191 1751517p 287 23.7684683223 13.5580553188 56952.2698991 r.MP9601
273191 1751528p 287 23.7602368152 13.5544178485 56952.3152102 r.MP9601
273191 1751539p 287 23.7520951863 13.5508200951 56952.3600265 r.MP9601
273191 1751807p 387 23.5540581965 13.4630999392 56953.4511732 r.MP9601
273191 1752060p 387 23.2260753245 13.3158685147 56955.2701142 r.MP9601
273244 1774679p 387 17.713671653 2.98823911093 57039.269152 r.MP9601
274016 1646430p 287 23.28941708 13.1866361327 56513.4913287 r.MP9601
274016 1646441p 287 23.293379625 13.188180138 56513.5347539 r.MP9601
274016 1651336p 287 23.8812245148 13.371474836 56537.4211324 r.MP9601
274016 1651347p 287 23.8792921288 13.370511653 56537.4644756 r.MP9601
274016 1651491p 287 23.8332110314 13.3477223974 56538.4404424 r.MP9601
274016 1651503p 287 23.8308605421 13.3465698159 56538.4870636 r.MP9601
274016 1658263p 287 19.0278595984 10.9711243741 56574.4124706 r.MP9601
274016 1658264p 287 19.025039141 10.9696463867 56574.4277164 r.MP9601
274016 1658265p 287 19.0243060517 10.9692622303 56574.431679 r.MP9601
274016 1658266p 287 19.0217143612 10.9679041222 56574.4456881 r.MP9601
282866 1615935p 287 213.919569878 -11.7588559073 56386.5307528 r.MP9601
282866 1616317p 287 213.460772966 -11.5456094526 56389.3912307 r.MP9601
282866 1616328p 287 213.453583568 -11.5422884616 56389.4350239 r.MP9601
282866 1616501p 287 213.292369514 -11.4678721571 56390.4118124 r.MP9601
291222 1616941p 287 241.704661201 -12.5611136988 56392.6012463 r.MP9601
291222 1617721p 287 241.078038935 -12.2561238685 56399.4875248 r.MP9601
291222 1617722p 287 241.077454024 -12.255881633 56399.4928422 r.MP9601
291222 1617912p 287 240.851872268 -12.166006859 56401.4600922 r.MP9601
291222 1617925p 287 240.845525902 -12.1635682094 56401.5129786 r.MP9601
291222 1625240p 287 238.023935413 -11.3503061388 56419.4598546 r.MP9601
291222 1625250p 287 238.015631177 -11.3484235976 56419.5044411 r.MP9601
291222 1625260p 287 238.008214971 -11.3467423698 56419.5442597 r.MP9601
291222 1625627p 287 237.640788633 -11.2655829822 56421.4925761 r.MP9601
291222 1625902p 287 237.448183616 -11.2245956246 56422.4996948 r.MP9601
293350 1626160p 287 212.986171547 -11.6964742797 56423.4582821 r.MP9601
293350 1626296p 287 212.825303585 -11.6120070088 56424.4562078 r.MP9601
293350 1631610p 287 210.038320743 -9.92390606766 56456.2575544 r.MP9601
293350 1631620p 287 210.038253 -9.92325121819 56456.2982002 r.MP9601
295183 1692341p 387 243.256560112 -14.1067836609 56716.5526474 r.MP9601
295183 1692342p 387 243.257547161 -14.1067948614 56716.5576876 r.MP9601
295183 1692668p 387 244.365411095 -14.0984304036 56722.6265028 r.MP9601
295183 1692842p 387 244.527937654 -14.0931600325 56723.6011373 r.MP9601
295183 1717287p 287 239.472467759 -11.6581588295 56810.4494112 r.MP9601
295183 1728612p 287 235.08618894 -12.9729655061 56857.357904 r.MP9601
295216 1692345p 387 243.863109991 -14.7527887033 56716.5728333 r.MP9601
295216 1705082p 287 245.212377349 -13.7289711218 56778.4217355 r.MP9601
295216 1705095p 287 245.204792976 -13.7274571037 56778.473155 r.MP9601
295216 1705109p 287 245.195870235 -13.7256759163 56778.5336481 r.MP9601
295216 1705567p 287 244.752463101 -13.6408200966 56781.4195015 r.MP9601
295216 1705580p 287 244.744391232 -13.6393486622 56781.4699506 r.MP9601
295216 1705593p 287 244.736132078 -13.6378430872 56781.5215703 r.MP9601
295216 1715413p 287 241.354943851 -13.1762036075 56799.5296851 r.MP9601
295216 1715414p 287 241.354147338 -13.1761249795 56799.5335627 r.MP9601
295216 1715418p 287 241.350864307 -13.175800894 56799.549545 r.MP9601
295216 1715419p 287 241.350061228 -13.1757216177 56799.5534545 r.MP9601
295216 1715892p 287 240.745828276 -13.1201970949 56802.4889134 r.MP9601
295216 1715893p 287 240.745021921 -13.120127591 56802.492823 r.MP9601
295216 1728608p 287 234.307581857 -14.1389125167 56857.3418783 r.MP9601
295519 1751524p 287 25.7376302721 14.8400454604 56952.2987263 r.MP9601
295519 1751535p 287 25.7284682353 14.8374168511 56952.3444412 r.MP9601
295519 1751546p 287 25.7196984193 14.8349007708 56952.3881992 r.MP9601
295519 1751814p 387 25.4997788874 14.7714769039 56953.4865222 r.MP9601
295519 1752113p 387 25.100441953 14.6539446341 56955.4873207 r.MP9601
295519 1757094p 387 20.8604458615 13.2320254737 56980.2383331 r.MP9601
295519 1757117p 387 20.8434951778 13.2255627947 56980.3712797 r.MP9601
295519 1757545p 287 20.6134557853 13.1371737979 56982.2313596 r.MP9601
295519 1757586p 287 20.5943485172 13.1297730955 56982.3928294 r.MP9601
295519 1778899p 287 23.9211343169 13.9547774034 57050.2674944 r.MP9601
295918 1671654p 287 9.61865195172 2.298542503 56623.2924376 r.MP9601
295918 1671664p 287 9.61797769559 2.29998091607 56623.3386723 r.MP9601
295918 1672597p 287 9.67502939477 2.61143461408 56631.2409406 r.MP9601
297506 1606091p 500 128.122785612 25.9379228599 56310.3900086 r.MP9601
297506 1606092p 500 128.121386396 25.9383954368 56310.3963566 r.MP9601
297506 1606093p 500 128.119987575 25.9388678806 56310.4027029 r.MP9601
308537 1691929p 387 241.125249045 -14.1739668797 56713.6403834 r.MP9601
308537 1692362p 387 241.490602595 -14.1705755956 56716.6586506 r.MP9601
308537 1692663p 387 242.094197323 -14.1372115189 56722.6012844 r.MP9601
308537 1692837p 387 242.178057608 -14.1284495313 56723.575932 r.MP9601
308537 1704846p 287 239.654598759 -12.5888994598 56777.4169924 r.MP9601
308537 1704859p 287 239.64608832 -12.5869179673 56777.4683116 r.MP9601
308537 1704872p 287 239.637507293 -12.5849200397 56777.5200565 r.MP9601
308537 1705709p 287 238.783107725 -12.3947518218 56782.4663755 r.MP9601
308537 1705710p 287 238.78228627 -12.394577342 56782.4709604 r.MP9601
308537 1705890p 287 238.613595127 -12.359153781 56783.407751 r.MP9601
308537 1705905p 287 238.601474918 -12.3566461516 56783.4746211 r.MP9601
308537 1705920p 287 238.587690021 -12.353794104 56783.5506757 r.MP9601
308537 1716969p 287 233.860180033 -11.5998596715 56808.4357883 r.MP9601
308537 1717106p 287 233.699707736 -11.5829464459 56809.3241333 r.MP9601
308537 1717117p 287 233.691979334 -11.5821574674 56809.3671684 r.MP9601
308537 1717128p 287 233.684269273 -11.5813703615 56809.4101015 r.MP9601
308537 1721423p 287 230.707944506 -11.4650063528 56829.3579596 r.MP9601
308537 1721433p 287 230.703606014 -11.4653085364 56829.3968118 r.MP9601
308537 1728593p 287 229.365589577 -12.2007169679 56857.2821588 r.MP9601
308579 1704850p 287 239.384517728 -13.2221951537 56777.4325564 r.MP9601
308579 1704863p 287 239.376014223 -13.2203149817 56777.4838338 r.MP9601
308579 1704876p 287 239.367428558 -13.2184166438 56777.5356067 r.MP9601
308579 1705713p 287 238.513772384 -13.0382294458 56782.4835193 r.MP9601
308579 1705892p 287 238.346872516 -13.0047172228 56783.4155231 r.MP9601
308579 1705907p 287 238.33483808 -13.002302907 56783.482381 r.MP9601
308579 1705922p 287 238.32113666 -12.9995541653 56783.5585 r.MP9601
308579 1716714p 287 233.830796813 -12.2819746735 56807.3933049 r.MP9601
308579 1716968p 287 233.643451006 -12.2604086669 56808.4319014 r.MP9601
308579 1716976p 287 233.637843667 -12.2597740378 56808.4631981 r.MP9601
308579 1717105p 287 233.485088705 -12.2427507138 56809.3202526 r.MP9601
308579 1717116p 287 233.477485518 -12.2419258398 56809.3632895 r.MP9601
308579 1717127p 287 233.469900655 -12.2411029537 56809.4062227 r.MP9601
308579 1721425p 287 230.523480236 -12.0858936812 56829.3657207 r.MP9601
308579 1721435p 287 230.519154776 -12.0860772838 56829.4046013 r.MP9601
308579 1728595p 287 229.139766577 -12.7127469871 56857.289994 r.MP9601
308579 1728599p 287 229.140008968 -12.7133798969 56857.3061534 r.MP9601
309131 1728411p 287 212.107629406 -11.0102778381 56856.2758631 r.MP9601
309720 1715416p 287 239.151286032 -14.4029978039 56799.5416601 r.MP9601
309720 1715895p 287 238.563411752 -14.3517947977 56802.5006564 r.MP9601
309720 1721596p 287 233.901637762 -14.2283445675 56830.3254174 r.MP9601
309720 1721607p 287 233.896530717 -14.2287850353 56830.3682737 r.MP9601
311119 1698863p 387 238.439440525 -13.1460662701 56752.5954672 r.MP9601
311119 1698864p 387 238.439089257 -13.1457674909 56752.6012813 r.MP9601
311119 1698865p 387 238.438780064 -13.1455044989 56752.6063989 r.MP9601
311976 1607609p 287 211.759890736 -12.980812295 56331.5486483 r.MP9601
311976 1607619p 287 211.763682238 -12.9830445213 56331.5880406 r.MP9601
314524 1630543p 287 239.129365934 -12.6435561997 56447.4011595 r.MP9601
314524 1630872p 287 238.75781558 -12.6470698051 56449.4046635 r.MP9601
320214 1625354p 287 241.233225769 -11.9801305089 56420.4632727 r.MP9601
320214 1625365p 287 241.225617192 -11.9774782019 56420.5072741 r.MP9601
320214 1625376p 287 241.218040323 -11.9748369479 56420.5510921 r.MP9601
320214 1625659p 287 241.04199839 -11.9144287951 56421.5584016 r.MP9601
320214 1625931p 287 240.865534915 -11.855408216 56422.551786 r.MP9601
320214 1630864p 287 235.831833841 -10.6720856653 56449.3718488 r.MP9601
323347 1757439p 387 23.3946259849 14.4882059815 56981.2032641 r.MP9601
323347 1757461p 387 23.3785147252 14.4779338329 56981.3438715 r.MP9601
323347 1757548p 287 23.2767493344 14.4124802653 56982.2435175 r.MP9601
323347 1757590p 287 23.2586032459 14.4005213927 56982.4097413 r.MP9601
323347 1778101p 387 26.8640025491 13.8623428791 57046.2929294 r.MP9601
323347 1778111p 387 26.8751990091 13.8651264435 57046.3489117 r.MP9601
323347 1778112p 387 26.8769581 13.865563773 57046.3577072 r.MP9601
324267 1722368p 287 15.2136139058 3.4729635317 56833.6085575 r.MP9601
324267 1722515p 287 15.4099108764 3.5260457081 56834.6072198 r.MP9601
330195 1722361p 287 14.8934518496 5.64518030915 56833.5810826 r.MP9601
330195 1722508p 287 15.0705491324 5.72888453858 56834.5799478 r.MP9601
330195 1722731p 287 15.2448336707 5.8114435361 56835.5783673 r.MP9601
330195 1722894p 287 15.4175865806 5.89327199722 56836.5834336 r.MP9601
330195 1729020p 287 18.7832843414 7.57539818807 56862.5765295 r.MP9601
330195 1729721p 287 19.0172743004 7.71053314455 56865.6073158 r.MP9601
345569 1778498p 387 217.124887608 -14.5381959616 57048.642903 r.MP9601
355245 1631661p 287 241.609461552 -12.413279078 56456.4668896 r.MP9601
355245 1635437p 287 239.166510134 -12.8141547952 56475.3530621 r.MP9601
355245 1635598p 287 239.08755975 -12.8530048066 56476.3899805 r.MP9601
355693 1706031p 387 192.485029363 -3.19695262412 56784.4348455 r.MP9601
355693 1706032p 387 192.484479551 -3.19664064431 56784.439882 r.MP9601
355693 1706033p 387 192.483929824 -3.19632871256 56784.4449176 r.MP9601
355695 1723389p 287 238.260231117 -12.253342749 56839.3715145 r.MP9601
355695 1728435p 287 237.707718507 -12.778262991 56856.3528276 r.MP9601
363425 1645483p 287 219.138917375 -15.606981639 56508.2676585 r.MP9601
363425 1646183p 287 219.841643827 -15.7665533358 56512.2736316 r.MP9601
363425 1646184p 287 219.842363303 -15.7667182836 56512.2775383 r.MP9601
365692 1616725p 287 239.340507277 -13.7479234459 56391.5511569 r.MP9601
365692 1616921p 287 239.256527621 -13.6949973073 56392.520251 r.MP9601
365692 1616931p 287 239.2528993 -13.6927592777 56392.5609424 r.MP9601
365692 1617937p 287 238.245749887 -13.1735168423 56401.5617563 r.MP9601
367425 1751783p 287 22.6679938262 5.53360543776 56953.3406888 r.MP9601
367425 1752198p 287 22.1223410051 5.26337329899 56956.4360134 r.MP9601
367870 1751554p 287 22.1680771434 11.506595412 56952.4210182 r.MP9601
367870 1751564p 287 22.1600938277 11.5044818593 56952.460442 r.MP9601
367870 1751574p 287 22.1521108716 11.5023684018 56952.499864 r.MP9601
367870 1751800p 387 21.9669801207 11.4531484987 56953.4158011 r.MP9601
367870 1752100p 387 21.5649217448 11.3448184358 56955.420895 r.MP9601
367870 1778896p 287 23.1579032851 12.7537846576 57050.2555963 r.MP9601
371289 1751551p 287 22.9098573432 11.7483067489 56952.4093384 r.MP9601
371289 1751561p 287 22.902211959 11.7460816406 56952.4487985 r.MP9601
371289 1751571p 287 22.8945794307 11.743860274 56952.4881922 r.MP9601
371289 1751797p 387 22.7179681434 11.6924108474 56953.4005958 r.MP9601
371289 1775270p 387 20.0567165062 11.2384516494 57041.2529777 r.MP9601
371289 1775279p 387 20.0639262881 11.2413534587 57041.2989976 r.MP9601
371289 1778894p 287 21.5926043257 11.8498352689 57050.2477537 r.MP9601
372174 1756825p 387 43.7788633859 14.5100648098 56978.3017881 r.MP9601
372174 1756847p 387 43.7578543345 14.5021693995 56978.4106903 r.MP9601
372174 1756872p 387 43.7358420127 14.4938969503 56978.524793 r.MP9601
374635 1681942p 387 11.9227744514 1.70747450354 56659.2206159 r.MP9601
375067 1671672p 387 19.6530025437 12.8864133451 56623.3766398 r.MP9601
375067 1672401p 287 19.4940172061 12.6008420794 56630.3587052 r.MP9601
375067 1681664p 287 21.2269461576 12.5027231997 56655.2391209 r.MP9601
375067 1681848p 287 21.3781731631 12.5297343317 56656.330251 r.MP9601
375067 1681943p 287 21.8065481518 12.6128348189 56659.2259082 r.MP9601
375067 1681955p 287 21.8139194038 12.6143549348 56659.2730842 r.MP9601
375067 1681971p 387 21.8262681942 12.6169015298 56659.3521164 r.MP9601
375067 1682232p 387 21.9646551865 12.645627012 56660.2316167 r.MP9601
378428 1646282p 287 20.6197238745 12.7772913718 56512.530388 r.MP9601
378428 1646295p 287 20.6247333163 12.7810762835 56512.583822 r.MP9601
378428 1651191p 287 21.2522721193 13.8660022421 56536.5334615 r.MP9601
378428 1651201p 287 21.2505565994 13.8666819763 56536.5723034 r.MP9601
378428 1651361p 287 21.205413227 13.8821222544 56537.5207294 r.MP9601
378428 1651373p 287 21.2029145083 13.8828794419 56537.5702907 r.MP9601
384660 1646291p 287 20.6388062552 11.6067895986 56512.5673114 r.MP9601
384660 1646303p 287 20.6409616834 11.6076843046 56512.6161136 r.MP9601
384660 1651192p 287 20.2561418195 11.4318106876 56536.537346 r.MP9601
384660 1651202p 287 20.2532106171 11.4305151285 56536.5762128 r.MP9601
384660 1651362p 287 20.1788439831 11.3975903453 56537.5246105 r.MP9601
384660 1651374p 287 20.1748380154 11.395814504 56537.5741689 r.MP9601