    Object      Image   Exp_time               RA              DEC             time       filter
1961 1657924p 287 14.6288430807 3.37460449284 56571.3878426 r.MP9601
1961 1657925p 287 14.6277785654 3.37433929 56571.3931763 r.MP9601
1961 1657940p 287 14.6158597466 3.3713699531 56571.4528948 r.MP9601
1961 1657943p 287 14.6131146179 3.37068605882 56571.4666491 r.MP9601
1961 1657945p 287 14.6112556284 3.37022292854 56571.4759634 r.MP9601
1961 1658279p 287 14.0066125355 3.22082010127 56574.5002707 r.MP9601
5084 1671656p 287 13.073989556 2.86761426607 56623.3001958 r.MP9601
5084 1671666p 287 13.0715234001 2.86835925067 56623.3464362 r.MP9601
5084 1671893p 287 12.9791414528 2.90118685087 56625.2121203 r.MP9601
5084 1671893p 287 12.9791414528 2.90118685087 56625.2121203 r.MP9601
5084 1672201p 287 12.8402270531 2.99534477802 56629.222412 r.MP9601
5084 1672371p 287 12.8177946161 3.02412555245 56630.2393703 r.MP9601
5084 1672383p 287 12.8169445598 3.02554890242 56630.2868153 r.MP9601
5084 1672617p 387 12.7996752555 3.05795564611 56631.3477222 r.MP9601
5084 1672618p 387 12.7996102263 3.05811507249 56631.3527567 r.MP9601
8029 1757440p 387 24.1716353936 12.3986207249 56981.2084387 r.MP9601
8029 1757462p 387 24.1530806093 12.3960062758 56981.3489165 r.MP9601
8029 1757549p 287 24.0358428852 12.3796960015 56982.2474491 r.MP9601
8029 1757591p 287 24.0148218584 12.3768746975 56982.4139523 r.MP9601
14796 1692347p 387 247.843309778 -17.6350613454 56716.5829108 r.MP9601
37109 1686685p 387 216.868953322 -14.357160361 56689.6428131 r.MP9601
37109 1686686p 387 216.869527754 -14.3574282891 56689.647863 r.MP9601
37109 1686686p 387 216.869527754 -14.3574282891 56689.647863 r.MP9601
37109 1686795p 387 216.980613519 -14.4094737742 56690.645729 r.MP9601
37109 1686862p 387 217.082299156 -14.4576190318 56691.5902666 r.MP9601
37109 1691685p 287 218.354744205 -15.2397483127 56712.6128697 r.MP9601
37109 1691920p 287 218.364301048 -15.2619660633 56713.5959219 r.MP9601
37109 1692339p 287 218.364480748 -15.3209314256 56716.5438943 r.MP9601
43530 1644982p 287 240.677499653 -12.0709997318 56505.266663 r.MP9601
43530 1645177p 287 240.777571405 -12.1471444337 56506.3145246 r.MP9601
43530 1645703p 287 241.09597213 -12.3688363482 56509.3044517 r.MP9601
78396 1735067p 287 22.4754588525 11.5670265555 56892.5525311 r.MP9601
78396 1735079p 287 22.4762403773 11.5662320053 56892.5994226 r.MP9601
78396 1757893p 287 12.4154586286 4.25654719309 56985.2555293 r.MP9601
78396 1768999p 287 13.5795757995 4.16826058535 57008.3232403 r.MP9601
85086 1667554p 287 20.3827453948 11.0938970261 56595.3766977 r.MP9601
85086 1667762p 287 20.1926525086 11.0582158971 56596.3676184 r.MP9601
85086 1667872p 287 20.0139803124 11.0245831141 56597.3134983 r.MP9601
85086 1667882p 287 20.0066601992 11.0232105929 56597.3527132 r.MP9601
85086 1667900p 387 19.9894878337 11.0199907744 56597.444708 r.MP9601
85086 1668253p 287 19.2731939316 10.8862168999 56601.431471 r.MP9601
85086 1681845p 387 18.4369236793 11.7023131005 56656.3046195 r.MP9601
232926 1775268p 387 19.2868306802 13.5028231946 57041.2427081 r.MP9601
232926 1775268p 387 19.2868306802 13.5028231946 57041.2427081 r.MP9601
232926 1775277p 387 19.2950115271 13.5047307786 57041.2887973 r.MP9601
308452 1691672p 287 212.598620647 -13.7927629166 56712.5623421 r.MP9601
308452 1691902p 287 212.591049458 -13.7765879246 56713.5200542 r.MP9601
308452 1691905p 287 212.590930578 -13.776376583 56713.5319422 r.MP9601
308452 1691913p 387 212.590571061 -13.7757374422 56713.5678939 r.MP9601
308452 1691923p 387 212.590153625 -13.7749953332 56713.6096375 r.MP9601
308452 1692176p 287 212.559309013 -13.7352893851 56715.6310291 r.MP9601
308452 1692179p 287 212.559078331 -13.7350407064 56715.6428086 r.MP9601
311551 1645183p 287 242.31908618 -13.316915254 56506.3380683 r.MP9601
311551 1645708p 287 242.462261118 -13.477268829 56509.3240797 r.MP9601
376544 1723395p 287 240.920607946 -11.0233315008 56839.3949025 r.MP9601
