    Object      Image   Exp_time               RA              DEC             time       filter
1927 1698317p 287 214.190698864 -12.9934447082 56744.4377883 r.MP9601
1927 1698327p 287 214.183064346 -12.9944214056 56744.4768562 r.MP9601
1927 1698829p 387 212.465085482 -13.1483675609 56752.4024644 r.MP9601
2649 1778101p 387 27.098539603 13.5428142582 57046.2929294 r.MP9601
2649 1778111p 387 27.1176902148 13.5449446957 57046.3489117 r.MP9601
2649 1778112p 387 27.1206989933 13.5452794116 57046.3577072 r.MP9601
2660 1651334p 287 23.5302527702 14.7464863184 56537.41327 r.MP9601
2660 1651345p 287 23.5283549088 14.743172592 56537.4566497 r.MP9601
2660 1651489p 287 23.4827689922 14.6670521749 56538.4326811 r.MP9601
2660 1651501p 287 23.4804185592 14.6633225623 56538.4793013 r.MP9601
2660 1671894p 287 12.5036222384 3.25979626927 56625.216079 r.MP9601
2660 1672372p 287 12.7110700182 3.06214704365 56630.2432467 r.MP9601
2660 1672384p 287 12.7137981075 3.06072369269 56630.2906917 r.MP9601
2660 1672384p 287 12.7137981075 3.06072369269 56630.2906917 r.MP9601
2660 1672617p 387 12.7766057367 3.03026844306 56631.3477222 r.MP9601
2660 1672618p 387 12.7769245894 3.03013558774 56631.3527567 r.MP9601
2660 1672749p 387 12.8335638473 3.00777698859 56632.2262243 r.MP9601
2660 1672750p 387 12.8339120588 3.00765951967 56632.2312587 r.MP9601
2660 1672754p 387 12.8351275251 3.00724948283 56632.2488317 r.MP9601
2660 1672758p 387 12.8375514567 3.00643177098 56632.2838765 r.MP9601
2660 1672759p 387 12.8378996948 3.00631429304 56632.2889113 r.MP9601
2660 1672780p 387 12.8416339195 3.00505455461 56632.3429 r.MP9601
2660 1672810p 387 12.8453381549 3.00380493301 56632.3964553 r.MP9601
2685 1716497p 287 230.317607805 -10.7149477338 56806.3664643 r.MP9601
2685 1716507p 287 230.310243232 -10.7107609877 56806.4053104 r.MP9601
2685 1716517p 287 230.302880553 -10.7065753182 56806.4441465 r.MP9601
2685 1716736p 287 230.109403083 -10.5968899333 56807.4740641 r.MP9601
2685 1716955p 287 229.940911997 -10.5016536811 56808.3903706 r.MP9601
2810 1691675p 287 215.996268228 -12.6622326807 56712.5739825 r.MP9601
2810 1691908p 287 216.044986848 -12.6042810536 56713.5435828 r.MP9601
2810 1692331p 287 216.155981409 -12.4102245223 56716.5127669 r.MP9601
2915 1729011p 287 16.2371377896 5.61353990244 56862.5414084 r.MP9601
2915 1729715p 287 16.7950822321 6.17436842479 56865.5838032 r.MP9601
3080 1715396p 287 212.771280112 -11.371111145 56799.4615478 r.MP9601
3080 1715884p 287 212.171574962 -11.3872941819 56802.4540391 r.MP9601
3080 1716264p 287 211.62791295 -11.4149171694 56805.3738526 r.MP9601
3870 1698318p 287 215.514291392 -12.8987866296 56744.4416696 r.MP9601
3870 1698328p 287 215.510580114 -12.8932739704 56744.4807356 r.MP9601
3870 1698687p 287 214.707230753 -11.8429077731 56751.4191601 r.MP9601
3870 1698697p 287 214.701866236 -11.8365339802 56751.4586535 r.MP9601
3870 1698835p 387 214.567351645 -11.6782017831 56752.4330061 r.MP9601
3870 1698836p 387 214.566505238 -11.6772168118 56752.4390161 r.MP9601
3870 1698844p 387 214.561295472 -11.6711541652 56752.4760085 r.MP9601
3870 1698851p 387 214.553512278 -11.6620967994 56752.5312738 r.MP9601
4418 1729488p 287 27.9617020971 15.8944692357 56864.5454439 r.MP9601
4418 1729499p 287 27.9716438937 15.8963423278 56864.5886691 r.MP9601
4418 1768981p 287 21.2631200655 3.92778065943 57008.2346839 r.MP9601
4695 1691688p 387 239.330001334 -10.8698188849 56712.6265137 r.MP9601
5196 1645240p 287 16.4060243019 4.10910504651 56506.5241012 r.MP9601
5196 1645251p 287 16.4078393299 4.11170302772 56506.5668078 r.MP9601
5196 1650812p 287 15.3243575575 5.16605187674 56534.4357351 r.MP9601
5196 1651029p 287 15.1981769928 5.17926568957 56535.4399201 r.MP9601
5196 1651040p 287 15.1926260448 5.17979094056 56535.4828951 r.MP9601
5196 1651673p 287 14.6410860616 5.21476766017 56539.4081788 r.MP9601
5196 1651684p 287 14.6345627366 5.21500530407 56539.4509547 r.MP9601
5356 1729011p 287 15.6331117334 6.34181877947 56862.5414084 r.MP9601
5356 1729023p 287 15.6418774328 6.34151741761 56862.5885781 r.MP9601
5356 1729712p 287 16.1760037935 6.30876003967 56865.5720701 r.MP9601
5388 1728791p 287 14.7890643613 4.28795444452 56861.5519312 r.MP9601
5388 1729702p 287 15.2671725358 4.72752006031 56865.531114 r.MP9601
5479 1616942p 287 241.905866527 -11.7445112131 56392.6052559 r.MP9601
5694 1717292p 287 243.045762207 -13.6953802082 56810.4690146 r.MP9601
5694 1723388p 287 238.41834651 -10.7130440603 56839.3676343 r.MP9601
5776 1757803p 500 47.3929724159 14.6971293063 56984.4418266 r.MP9601
6010 1722444p 287 216.047170696 -12.3016781649 56834.3421663 r.MP9601
6373 1729484p 287 26.5446556729 15.0215111456 56864.5297474 r.MP9601
6373 1729495p 287 26.5508160162 15.0267348285 56864.5729779 r.MP9601
6729 1686861p 387 215.883527727 -14.356570597 56691.5852292 r.MP9601
7118 1729486p 287 27.6026458422 14.0264004784 56864.5376248 r.MP9601
7118 1729497p 287 27.6116581563 14.0280074646 56864.5807976 r.MP9601
7971 1729478p 287 24.8657732723 14.0001531938 56864.5059945 r.MP9601
7971 1729489p 287 24.8728783235 14.0012620397 56864.5493842 r.MP9601
7971 1729500p 287 24.8799511383 14.0023658548 56864.5925769 r.MP9601
7971 1735257p 287 27.5998343728 13.7536543589 56893.4781096 r.MP9601
7971 1735273p 287 27.6010291241 13.7504100749 56893.5480463 r.MP9601
7971 1757887p 287 15.5381599626 2.82891571007 56985.2321839 r.MP9601
7971 1757971p 287 15.4851163031 2.75821924135 56986.2283835 r.MP9601
8059 1756826p 387 44.5630774157 14.9163451015 56978.3070609 r.MP9601
8059 1756848p 387 44.5353894253 14.9165263649 56978.415819 r.MP9601
8059 1756873p 387 44.5063042362 14.9167167753 56978.5300652 r.MP9601
8059 1757109p 500 44.0526045334 14.9201694412 56980.3262485 r.MP9601
8118 1658263p 287 19.2619902838 11.3079735211 56574.4124706 r.MP9601
8118 1658264p 287 19.2589220835 11.3054960923 56574.4277164 r.MP9601
8118 1658265p 287 19.2581246012 11.3048521625 56574.431679 r.MP9601
8118 1658266p 287 19.2553052623 11.3025756776 56574.4456881 r.MP9601
8118 1671895p 287 12.9366504008 4.68701344527 56625.2200534 r.MP9601
8118 1672373p 287 13.0403112839 4.42109836217 56630.2471259 r.MP9601
8118 1672385p 287 13.0420509391 4.4190160476 56630.2945711 r.MP9601
8118 1672385p 287 13.0420509391 4.4190160476 56630.2945711 r.MP9601
8118 1672746p 387 13.1200953838 4.33932148706 56632.2106863 r.MP9601
9500 1607615p 287 213.906859204 -13.5474132998 56331.5719268 r.MP9601
9500 1607628p 287 213.915634608 -13.546537412 56331.6314211 r.MP9601
9500 1607629p 287 213.916324186 -13.546468584 56331.6360962 r.MP9601
9500 1611931p 287 215.657814735 -12.1354025135 56358.5415673 r.MP9601
9500 1611944p 287 215.656530866 -12.1302353366 56358.5986282 r.MP9601
9549 1635773p 287 212.843045381 -12.5813898039 56477.3114214 r.MP9601
9549 1636134p 287 213.147261369 -12.5513250789 56479.3309236 r.MP9601
9549 1645488p 287 219.583645259 -13.1048573066 56508.287888 r.MP9601
9891 1716496p 287 229.977792128 -11.8604103644 56806.3625843 r.MP9601
9891 1716519p 287 229.956204107 -11.8684500412 56806.451914 r.MP9601
9891 1716738p 287 229.709516422 -11.9616777353 56807.4818288 r.MP9601
9891 1716956p 287 229.4949945 -12.0455796605 56808.3942889 r.MP9601
10351 1768984p 287 15.3365970906 2.86259031771 57008.2469563 r.MP9601
10645 1728798p 287 13.5207387395 5.02450022127 56861.5793118 r.MP9601
10645 1729706p 287 14.1183836133 5.62451785786 56865.5479782 r.MP9601
12351 1715416p 287 239.106945847 -13.6925241528 56799.5416601 r.MP9601
13517 1607613p 287 212.241940302 -12.018873375 56331.5641669 r.MP9601
13517 1607624p 287 212.246982149 -12.0178953118 56331.6137588 r.MP9601
13517 1607624p 287 212.246982149 -12.0178953118 56331.6137588 r.MP9601
13517 1607625p 287 212.247483932 -12.0177979713 56331.6186944 r.MP9601
13517 1607625p 287 212.247483932 -12.0177979713 56331.6186944 r.MP9601
13517 1607626p 287 212.247980939 -12.0177015575 56331.623583 r.MP9601
13942 1692670p 387 247.877809082 -18.0344590577 56722.636581 r.MP9601
13942 1692844p 387 248.071964809 -18.0999760672 56723.6112142 r.MP9601
14374 1616945p 287 243.435144822 -12.0083196773 56392.6172755 r.MP9601
14374 1617916p 287 242.36185296 -11.9404633701 56401.4761381 r.MP9601
14374 1617929p 287 242.35405561 -11.9400522104 56401.5290015 r.MP9601
14374 1625239p 287 238.897874246 -11.8352491881 56419.4558803 r.MP9601
14374 1625249p 287 238.887691165 -11.8351387026 56419.5000745 r.MP9601
14374 1625259p 287 238.878432458 -11.8350382465 56419.540257 r.MP9601
14374 1625629p 287 238.421122978 -11.8316660682 56421.5005386 r.MP9601
14374 1625904p 287 238.182124898 -11.8308290671 56422.5076793 r.MP9601
14662 1751553p 287 22.3655784857 13.78704475 56952.4171336 r.MP9601
14662 1751563p 287 22.3557873934 13.7857414614 56952.4565608 r.MP9601
14662 1751573p 287 22.3459974305 13.7844383231 56952.4959835 r.MP9601
14662 1751802p 387 22.1156056332 13.7534634982 56953.4258794 r.MP9601
14662 1752102p 387 21.6232675613 13.6851530989 56955.4310391 r.MP9601
17642 1658158p 287 25.7062260643 13.6845542166 56573.520964 r.MP9601
17642 1667556p 287 19.9856485247 13.3985287507 56595.3844577 r.MP9601
17642 1667765p 287 19.7369564531 13.3787692083 56596.380984 r.MP9601
17850 1671894p 287 12.769411613 3.61996379754 56625.216079 r.MP9601
17850 1672372p 287 12.9449551375 3.33656140248 56630.2432467 r.MP9601
17850 1672384p 287 12.9474657705 3.33437365934 56630.2906917 r.MP9601
17850 1672612p 387 13.003786372 3.2882665971 56631.3152958 r.MP9601
18040 1667558p 287 18.8697853755 11.925793496 56595.392224 r.MP9601
18040 1667876p 287 18.5768682288 11.5647623403 56597.3291061 r.MP9601
20712 1721596p 287 233.974286186 -13.6116905738 56830.3254174 r.MP9601
20712 1721607p 287 233.968375585 -13.6155714521 56830.3682737 r.MP9601
20788 1681668p 287 22.5129053086 13.3716865588 56655.2557982 r.MP9601
20788 1681852p 287 22.6302440899 13.3371934225 56656.3467634 r.MP9601
20788 1681853p 387 22.6308222684 13.3370389529 56656.3519605 r.MP9601
20788 1681854p 387 22.6315990402 13.3368314258 56656.3589427 r.MP9601
20788 1681946p 287 22.9713531822 13.2608958668 56659.2376567 r.MP9601
20788 1681958p 287 22.9773196644 13.2598621999 56659.2847605 r.MP9601
20788 1681974p 387 22.9877712448 13.2580515095 56659.367273 r.MP9601
20788 1682226p 287 23.0953521996 13.240127787 56660.2077138 r.MP9601
21241 1698826p 387 212.389236588 -13.3161777317 56752.3873101 r.MP9601
21241 1698829p 387 212.386565652 -13.3139088043 56752.4024644 r.MP9601
21865 1686860p 387 214.504419453 -14.0488404446 56691.5801931 r.MP9601
25557 1691688p 387 239.434187917 -11.4746152901 56712.6265137 r.MP9601
25557 1692353p 387 240.000509929 -11.5498347688 56716.6131995 r.MP9601
25557 1704842p 287 237.574476399 -11.4078785978 56777.4012775 r.MP9601
25557 1704855p 287 237.563443788 -11.4074636228 56777.4527917 r.MP9601
25557 1704868p 287 237.552362343 -11.407046811 56777.5045338 r.MP9601
25557 1716496p 287 230.538432999 -11.4644771228 56806.3625843 r.MP9601
25557 1716506p 287 230.529158463 -11.4651353505 56806.4014305 r.MP9601
25557 1716516p 287 230.519886086 -11.465793425 56806.4402677 r.MP9601
25557 1716735p 287 230.275364652 -11.4838978402 56807.4701852 r.MP9601
25557 1716954p 287 230.060400611 -11.5011258683 56808.3864732 r.MP9601
25935 1698691p 287 218.378297916 -14.1389211016 56751.4351321 r.MP9601
25935 1698701p 287 218.37024891 -14.1398263421 56751.4743956 r.MP9601
25935 1698856p 387 218.145292233 -14.1639060058 56752.5592418 r.MP9601
26580 1769003p 287 11.0659696887 2.14883702708 57008.3392145 r.MP9601
26580 1769004p 287 11.0662514217 2.14924267816 57008.3432155 r.MP9601
26580 1774685p 387 15.4378746494 5.86155446849 57039.303072 r.MP9601
26626 1723123p 287 31.3533090712 18.5523712079 56837.5931655 r.MP9601
26627 1616722p 287 237.778574427 -13.0676681978 56391.5394098 r.MP9601
26627 1616918p 287 237.694234485 -12.9549775247 56392.5085057 r.MP9601
26627 1616928p 287 237.690597565 -12.9502517738 56392.5489159 r.MP9601
26627 1617921p 287 236.648358829 -11.8472069694 56401.4968789 r.MP9601
26627 1617935p 287 236.640301104 -11.8398918197 56401.5537569 r.MP9601
26627 1742019p 287 24.396507034 14.5893823759 56923.4922459 r.MP9601
26630 1722732p 287 16.8737942092 4.53901739105 56835.5822479 r.MP9601
26630 1722895p 287 17.1529072304 4.59052538413 56836.5873153 r.MP9601
27554 1645165p 287 214.509943608 -14.0201075183 56506.2665127 r.MP9601
27554 1645694p 287 215.081292097 -14.0947727761 56509.2671632 r.MP9601
27639 1774675p 387 12.9388503551 1.9448350459 57039.2487676 r.MP9601
27686 1729023p 287 15.611043612 6.95010392668 56862.5885781 r.MP9601
27883 1722360p 287 14.6817890771 4.6323861895 56833.5771563 r.MP9601
27883 1722507p 287 14.9298291802 4.7847478676 56834.5760372 r.MP9601
27883 1722730p 287 15.1743755313 4.93597825991 56835.5744885 r.MP9601
27883 1722893p 287 15.4167603939 5.08704504617 56836.5795216 r.MP9601
27883 1735070p 287 21.4907117619 11.2801397817 56892.5641735 r.MP9601
27883 1735082p 287 21.4880310116 11.2830879548 56892.6111356 r.MP9601
27883 1736160p 287 21.2147194103 11.5080614614 56896.4565193 r.MP9601
27883 1736197p 287 21.2026358818 11.5157996816 56896.5993787 r.MP9601
28326 1631357p 287 214.668398934 -11.9185374992 56455.3795791 r.MP9601
28326 1631368p 287 214.664909322 -11.9222926254 56455.4250958 r.MP9601
28326 1635778p 287 214.635542952 -14.0202358707 56477.3312317 r.MP9601
28326 1636136p 287 214.790772685 -14.2386991784 56479.3391845 r.MP9601
29010 1729485p 287 26.6243816895 15.4903393781 56864.5336882 r.MP9601
29010 1729496p 287 26.6302674983 15.4955832078 56864.5768868 r.MP9601
30274 1635764p 287 209.217595801 -10.8639484225 56477.2750497 r.MP9601
30274 1636122p 287 209.308987183 -11.0264233543 56479.2822956 r.MP9601
30366 1631353p 287 213.493030392 -12.0836963751 56455.3635298 r.MP9601
30366 1631364p 287 213.492992956 -12.0796907551 56455.4084526 r.MP9601
34348 1778500p 387 213.680191142 -12.0457846351 57048.6531132 r.MP9601
34811 1671671p 387 19.4601489972 11.416827449 56623.3715763 r.MP9601
34811 1672403p 287 18.782898267 11.5541169172 56630.3665358 r.MP9601
34811 1681687p 387 19.0311600088 12.7802298305 56655.3120749 r.MP9601
38998 1646433p 287 24.0740791463 13.770986246 56513.5029697 r.MP9601
38998 1646444p 287 24.0788919917 13.7711913046 56513.5463939 r.MP9601
38998 1651338p 287 25.1855824175 13.0957974357 56537.4291309 r.MP9601
38998 1651349p 287 25.1845939911 13.0930298419 56537.4722622 r.MP9601
38998 1651493p 287 25.159427511 13.0290376921 56538.4481996 r.MP9601
38998 1651505p 287 25.1580675802 13.0259033753 56538.4948258 r.MP9601
38998 1667735p 287 16.6164422639 5.25105440142 56596.262247 r.MP9601
38998 1667746p 287 16.6094446021 5.24476664733 56596.3051994 r.MP9601
38998 1667746p 287 16.6094446021 5.24476664733 56596.3051994 r.MP9601
38998 1667757p 287 16.6024812446 5.23850971739 56596.3479412 r.MP9601
38998 1667866p 287 16.450248541 5.10138931259 56597.2890144 r.MP9601
38998 1667868p 287 16.4488845622 5.10015387634 56597.2975839 r.MP9601
38998 1667895p 387 16.429616496 5.08270164879 56597.4186398 r.MP9601
38998 1668262p 287 15.8199180089 4.51850127493 56601.4666572 r.MP9601
38998 1668266p 387 15.8173676168 4.51607877861 56601.484713 r.MP9601
41420 1778500p 387 213.690535801 -12.5297681074 57048.6531132 r.MP9601
41437 1636122p 287 209.075063702 -11.2905236728 56479.2822956 r.MP9601
41437 1645693p 287 213.51812321 -11.6986858764 56509.2632026 r.MP9601
42996 1686684p 387 214.563376662 -13.852980503 56689.6377584 r.MP9601
42996 1686793p 387 214.808792599 -13.8701391407 56690.6356086 r.MP9601
42996 1686860p 387 215.037404763 -13.8840081842 56691.5801931 r.MP9601
43094 1715392p 287 215.088714369 -14.3329640659 56799.4459892 r.MP9601
43094 1715881p 287 214.588846244 -13.9823360799 56802.4421068 r.MP9601
43142 1728438p 287 240.60597894 -12.8759478261 56856.3650775 r.MP9601
43831 1698709p 387 237.033178563 -13.3628854686 56751.509775 r.MP9601
43831 1698721p 387 237.032083185 -13.3528348991 56751.5789567 r.MP9601
44445 1715389p 287 216.264400783 -13.7446336633 56799.4342528 r.MP9601
44445 1715878p 287 215.780650368 -13.4341122967 56802.4054232 r.MP9601
44445 1715879p 287 215.776123863 -13.4311588328 56802.4343158 r.MP9601
44445 1715880p 287 215.775515844 -13.4307621112 56802.4381967 r.MP9601
45542 1606091p 500 128.678681035 26.0800111968 56310.3900086 r.MP9601
45542 1606092p 500 128.676977642 26.0800746773 56310.3963566 r.MP9601
45542 1606093p 500 128.675274729 26.0801381398 56310.4027029 r.MP9601
46862 1626169p 287 216.749679404 -12.6823135575 56423.4940769 r.MP9601
46862 1626305p 287 216.558811078 -12.5265028898 56424.4974633 r.MP9601
46982 1692345p 387 244.558944086 -13.9278172252 56716.5728333 r.MP9601
46982 1692345p 387 244.558944086 -13.9278172252 56716.5728333 r.MP9601
47871 1645182p 287 243.112522192 -14.2450766642 56506.3341403 r.MP9601
48489 1722511p 287 13.2588168805 5.06525120835 56834.5916444 r.MP9601
48489 1729018p 287 19.4378836097 5.57496652508 56862.5686752 r.MP9601
49293 1626161p 287 214.393310168 -13.8943945164 56423.4622783 r.MP9601
49293 1626297p 287 214.146442789 -13.8847891778 56424.4634988 r.MP9601
49338 1728594p 287 229.524181672 -10.8348103033 56857.2860573 r.MP9601
49427 1645489p 287 243.497633433 -12.9445876723 56508.2929683 r.MP9601
49427 1645961p 287 243.747670048 -12.9611745415 56511.2837362 r.MP9601
49427 1645962p 287 243.748107787 -12.9612118233 56511.2883643 r.MP9601
49427 1645963p 287 243.748616194 -12.9612551237 56511.2937395 r.MP9601
49427 1645964p 287 243.749125216 -12.9612984765 56511.2991212 r.MP9601
49427 1646362p 287 243.943399893 -12.9795381833 56513.2584365 r.MP9601
49525 1635436p 287 238.053828335 -10.9856713414 56475.34906 r.MP9601
49525 1635597p 287 237.970467805 -11.1341611801 56476.3860623 r.MP9601
49866 1716260p 287 212.658278717 -11.971639096 56805.3582397 r.MP9601
50191 1692652p 387 237.718143325 -12.2140616433 56722.5458295 r.MP9601
50395 1728791p 287 15.5357828911 4.6364937893 56861.5519312 r.MP9601
50395 1729010p 287 15.6347163136 4.7245754252 56862.5375283 r.MP9601
50395 1729711p 287 15.908769684 4.98630424542 56865.5680766 r.MP9601
50723 1778896p 287 23.3073482391 13.1156374104 57050.2555963 r.MP9601
50742 1774678p 387 13.7691779527 3.84829136717 57039.2640711 r.MP9601
50773 1769004p 287 11.3295229917 2.2708057721 57008.3432155 r.MP9601
50773 1774685p 387 15.6301727162 6.00786770416 57039.303072 r.MP9601
50817 1717289p 287 236.953945126 -10.6179853382 56810.4571727 r.MP9601
50817 1721595p 287 232.853514482 -11.7543113739 56830.3215073 r.MP9601
50817 1721606p 287 232.84681808 -11.7574780281 56830.3643643 r.MP9601
51121 1729255p 287 23.0440007033 11.684596158 56863.5129157 r.MP9601
51121 1729265p 287 23.0504507857 11.6854779414 56863.552106 r.MP9601
51121 1729275p 287 23.0573557601 11.6864219126 56863.5940603 r.MP9601
51121 1751789p 287 17.9277995035 3.85420777303 56953.3640456 r.MP9601
51121 1752204p 287 17.338509508 3.40841826688 56956.4609354 r.MP9601
51126 1635782p 287 238.518291024 -10.6355401264 56477.3515326 r.MP9601
51145 1757677p 500 11.4458703704 -1.54700324718 56983.1922454 r.MP9601
51145 1757678p 500 11.4453564815 -1.54644831854 56983.198669 r.MP9601
51145 1757679p 500 11.4448481482 -1.54589938915 56983.2050231 r.MP9601
51145 1774990p 387 17.2095309263 6.34868948681 57040.2253304 r.MP9601
51689 1778891p 287 21.167772111 13.1758231195 57050.2358937 r.MP9601
52298 1774681p 387 14.5926044899 5.38851026959 57039.2793592 r.MP9601
52298 1774682p 387 14.5944944795 5.38895415706 57039.2876821 r.MP9601
54012 1626164p 287 215.044884142 -14.3570459733 56423.4742024 r.MP9601
54012 1626164p 287 215.044884142 -14.3570459733 56423.4742024 r.MP9601
54012 1626300p 287 214.864959567 -14.1866281587 56424.4756371 r.MP9601
54145 1645491p 287 244.796607732 -13.7882682837 56508.3007705 r.MP9601
54145 1646364p 287 245.019528756 -14.2682532211 56513.2662261 r.MP9601
55479 1756821p 387 46.1803877736 16.3419236733 56978.2815007 r.MP9601
55479 1756843p 387 46.1565615494 16.3291499181 56978.3902135 r.MP9601
55479 1756867p 387 46.1327258034 16.3163710581 56978.4989697 r.MP9601
55479 1757103p 500 45.7429495051 16.1070147475 56980.2874926 r.MP9601
55479 1757798p 500 44.8718432694 15.6324139279 56984.4100732 r.MP9601
55484 1775271p 387 19.6261554227 12.2745071069 57041.2580631 r.MP9601
55484 1775280p 387 19.6416708869 12.2764505355 57041.3040916 r.MP9601
55484 1778896p 287 22.7855889872 12.722823343 57050.2555963 r.MP9601
56200 1774992p 387 12.0311496944 2.25114396304 57040.2355185 r.MP9601
56200 1774995p 387 12.0343403402 2.25338592351 57040.2508336 r.MP9601
56904 1651058p 287 12.5764739507 4.15882122689 56535.556939 r.MP9601
56904 1651168p 287 12.4805169618 4.05499037437 56536.4427041 r.MP9601
56904 1651178p 287 12.4762012998 4.05037185884 56536.4816424 r.MP9601
56904 1651844p 287 12.0038863151 3.56599506436 56540.4182995 r.MP9601
56904 1651854p 287 11.9988737586 3.5610364064 56540.4571064 r.MP9601
57173 1729016p 287 17.9701997152 5.89374638108 56862.5608715 r.MP9601
57173 1729720p 287 18.64698364 5.88653298202 56865.603386 r.MP9601
57319 1722361p 287 14.6297357517 5.71901300839 56833.5810826 r.MP9601
57319 1722894p 287 15.3872124519 6.1990900121 56836.5834336 r.MP9601
57319 1735065p 287 23.3134888663 13.7974781848 56892.5447658 r.MP9601
57319 1735077p 287 23.3132154158 13.8024002933 56892.591643 r.MP9601
57319 1736156p 287 23.2378009537 14.194318012 56896.4409714 r.MP9601
57319 1736183p 287 23.2346062203 14.2037690982 56896.5368134 r.MP9601
57329 1728798p 287 13.2318594382 5.16989462397 56861.5793118 r.MP9601
57329 1728798p 287 13.2318594382 5.16989462397 56861.5793118 r.MP9601
57329 1729706p 287 13.8617800619 5.11348488063 56865.5479782 r.MP9601
57595 1616722p 287 238.434852132 -13.4778592346 56391.5394098 r.MP9601
57595 1616918p 287 238.345646745 -13.5175719021 56392.5085057 r.MP9601
57595 1616928p 287 238.341790937 -13.5192332112 56392.5489159 r.MP9601
59592 1723271p 287 30.9919799503 18.4881131044 56838.6103877 r.MP9601
66126 1692334p 287 217.330457426 -13.8504611302 56716.5244553 r.MP9601
69418 1723397p 287 244.063221341 -13.4734089222 56839.4027546 r.MP9601
69711 1716149p 387 192.400611024 -3.837807364 56804.3828299 r.MP9601
69711 1716150p 387 192.400333478 -3.83820686246 56804.3878762 r.MP9601
69711 1716151p 387 192.400056568 -3.83860544464 56804.3929109 r.MP9601
69711 1716947p 387 192.237211345 -4.16853646958 56808.3556192 r.MP9601
69711 1716948p 387 192.237083085 -4.168980824 56808.3606655 r.MP9601
69711 1716949p 387 192.236953648 -4.16942925507 56808.3657581 r.MP9601
70690 1728411p 287 212.890402514 -10.6063027043 56856.2758631 r.MP9601
70903 1728603p 287 232.310761659 -12.139900187 56857.3218654 r.MP9601
70931 1692180p 287 213.770855693 -13.890215431 56715.6466902 r.MP9601
70931 1698082p 287 211.793836672 -11.551076049 56742.5108342 r.MP9601
70931 1698183p 287 211.659989357 -11.4428155203 56743.4167376 r.MP9601
70931 1698312p 287 211.507887864 -11.3214140347 56744.4179761 r.MP9601
70931 1698322p 287 211.501813967 -11.316611672 56744.4572681 r.MP9601
71117 1723397p 287 244.248967898 -13.6065108514 56839.4027546 r.MP9601
71538 1631662p 287 241.509498827 -11.9328024663 56456.4709033 r.MP9601
71538 1635439p 287 238.826489846 -10.9011723103 56475.3608822 r.MP9601
71538 1635782p 287 238.663635055 -10.8429456674 56477.3515326 r.MP9601
71538 1645701p 287 239.343907128 -11.0307504321 56509.2965945 r.MP9601
72892 1728590p 287 230.587861223 -12.2012636222 56857.2703852 r.MP9601
72907 1615912p 287 212.558232935 -11.5780777987 56386.437702 r.MP9601
72907 1615922p 287 212.548536601 -11.5790575677 56386.4782442 r.MP9601
72907 1615932p 287 212.538872052 -11.5800341249 56386.5186534 r.MP9601
72907 1615932p 287 212.538872052 -11.5800341249 56386.5186534 r.MP9601
72907 1616092p 287 212.288924704 -11.6045730198 56387.5531294 r.MP9601
72907 1616093p 287 212.287975558 -11.6046638782 56387.5570233 r.MP9601
72907 1616196p 287 212.032494748 -11.6282217593 56388.5949792 r.MP9601
72907 1616322p 287 211.82829431 -11.6460140317 56389.4110456 r.MP9601
72907 1616333p 287 211.81724196 -11.6469502594 56389.4548173 r.MP9601
72907 1616497p 287 211.578187275 -11.6666348643 56390.3956919 r.MP9601
72907 1616509p 287 211.565956076 -11.6676027532 56390.4434234 r.MP9601
72907 1616520p 287 211.554373553 -11.6685193105 56390.4886235 r.MP9601
76589 1617938p 287 238.170287444 -11.6794622375 56401.565745 r.MP9601
79451 1616727p 287 239.1539686 -11.7898242022 56391.5591513 r.MP9601
79451 1616922p 287 239.071816758 -11.8257660021 56392.5241304 r.MP9601
79451 1616932p 287 239.068195899 -11.8272959423 56392.5649288 r.MP9601
79451 1617938p 287 237.959157132 -12.1750091735 56401.565745 r.MP9601
81152 1734909p 287 18.0416681707 5.37180575634 56891.5642599 r.MP9601
81694 1644980p 287 239.65364193 -11.1662512632 56505.2588214 r.MP9601
81694 1645008p 287 239.659767657 -11.1762839486 56505.3167023 r.MP9601
81694 1645175p 287 239.766708384 -11.3478735915 56506.3066425 r.MP9601
81694 1645700p 287 240.129854602 -11.8660867214 56509.2926595 r.MP9601
81836 1645184p 287 242.895880139 -11.4882543119 56506.3419448 r.MP9601
81836 1645710p 287 243.277298898 -12.0069709958 56509.3318839 r.MP9601
81836 1646362p 287 243.868367673 -12.6849922753 56513.2584365 r.MP9601
81849 1626158p 287 213.502270212 -13.186377379 56423.4503352 r.MP9601
81849 1626294p 287 213.315439158 -13.0698907347 56424.4483095 r.MP9601
81849 1631610p 287 209.430505975 -10.1956198782 56456.2575544 r.MP9601
81849 1631620p 287 209.428744656 -10.193350486 56456.2982002 r.MP9601
82607 1729485p 287 26.4048249742 15.2394735583 56864.5336882 r.MP9601
82607 1729496p 287 26.4139506778 15.2475252967 56864.5768868 r.MP9601
82698 1774995p 387 12.5591198872 1.34664196418 57040.2508336 r.MP9601
82914 1778101p 387 26.6676347158 13.8117452517 57046.2929294 r.MP9601
82914 1778111p 387 26.6843827538 13.8218998189 57046.3489117 r.MP9601
82914 1778112p 387 26.6870140608 13.8234952167 57046.3577072 r.MP9601
84354 1645481p 287 218.15300107 -13.5783788325 56508.2596926 r.MP9601
84354 1646181p 287 218.818575523 -14.0039110629 56512.2656697 r.MP9601
84374 1625348p 287 240.280823302 -13.7515831107 56420.438295 r.MP9601
84374 1625360p 287 240.270555763 -13.7453516824 56420.4873828 r.MP9601
84374 1625371p 287 240.26138099 -13.7397834605 56420.5312463 r.MP9601
84374 1625654p 287 240.049166222 -13.6120915267 56421.5383125 r.MP9601
84374 1625926p 287 239.837342181 -13.4863892463 56422.5318653 r.MP9601
84767 1645485p 287 219.253761862 -13.0406400141 56508.2755828 r.MP9601
84767 1646361p 287 220.110534527 -13.5894117382 56513.2540705 r.MP9601
85595 1658282p 287 13.3459198624 5.1678530023 56574.5127584 r.MP9601
85888 1728798p 287 13.3675058574 4.89718212325 56861.5793118 r.MP9601
85888 1729706p 287 13.6250988187 5.24220595426 56865.5479782 r.MP9601
86015 1656885p 287 12.0774665796 3.11463364639 56564.3492798 r.MP9601
86015 1656895p 287 12.0702819523 3.10742744364 56564.3881156 r.MP9601
86015 1656906p 287 12.062176273 3.09929742298 56564.4319301 r.MP9601
86015 1657312p 287 11.5067690823 2.54631151383 56567.4190942 r.MP9601
86015 1657645p 287 10.9668690068 2.0150059882 56570.3180099 r.MP9601
86015 1657646p 287 10.965953602 2.01410909718 56570.3229469 r.MP9601
86015 1657650p 287 10.9598791771 2.00815752585 56570.3557078 r.MP9601
86015 1657918p 287 10.7732100298 1.82547212337 56571.3640992 r.MP9601
86015 1657934p 287 10.7613106504 1.81385030665 56571.4285653 r.MP9601
86015 1658016p 287 10.5914991736 1.64815626555 56572.3509136 r.MP9601
86015 1658276p 287 10.2028832055 1.2693572058 56574.4886118 r.MP9601
87534 1645236p 287 14.9585257883 4.78580524705 56506.5085536 r.MP9601
87534 1645247p 287 14.9594872976 4.78844049474 56506.5512873 r.MP9601
87534 1646581p 287 14.9164211727 5.26450238489 56515.5075537 r.MP9601
91073 1672399p 287 19.4959618242 10.4737013735 56630.3509256 r.MP9601
91073 1681683p 387 20.1327021854 12.3682158839 56655.2917667 r.MP9601
91562 1672411p 287 24.0276607207 12.3771083587 56630.3982059 r.MP9601
91562 1681671p 287 24.0125706352 13.7599896097 56655.2674739 r.MP9601
91562 1681672p 287 24.0129681565 13.7603480098 56655.272017 r.MP9601
91562 1681673p 287 24.0133788903 13.7607183223 56655.2767111 r.MP9601
91562 1681857p 387 24.111588856 13.847815018 56656.3741663 r.MP9601
91562 1681940p 387 24.4003169501 14.0821525612 56659.2102247 r.MP9601
91562 1681953p 287 24.4065093824 14.0868618677 56659.2652686 r.MP9601
91562 1681965p 387 24.4124876354 14.0914082923 56659.3184086 r.MP9601
93200 1778495p 387 218.134175259 -14.3479552612 57048.6276336 r.MP9601
99192 1691691p 387 238.229068103 -12.295666242 56712.6416609 r.MP9601
99192 1692355p 387 239.110260112 -12.5814755927 56716.6232761 r.MP9601
99192 1692654p 387 240.268771754 -12.9865068024 56722.5559354 r.MP9601
101480 1645172p 287 216.58239431 -13.2193416015 56506.2944737 r.MP9601
101480 1645959p 287 217.555482276 -13.846581009 56511.2754166 r.MP9601
101480 1646175p 287 217.757144166 -13.9702152646 56512.2419371 r.MP9601
101480 1646179p 287 217.760501365 -13.9722467329 56512.2577668 r.MP9601
102249 1706031p 387 191.944844559 -3.70240320686 56784.4348455 r.MP9601
102249 1706032p 387 191.944003053 -3.70238921674 56784.439882 r.MP9601
102249 1706033p 387 191.943161677 -3.70237522876 56784.4449176 r.MP9601
103154 1716265p 287 210.542127032 -10.7264187411 56805.3777349 r.MP9601
104844 1617720p 287 240.505159002 -13.7764748552 56399.4835337 r.MP9601
104844 1617943p 287 240.336482189 -13.4597094306 56401.5858505 r.MP9601
104844 1625237p 287 237.827093707 -10.5433377723 56419.4479075 r.MP9601
104844 1625247p 287 237.818953884 -10.5359100297 56419.4921056 r.MP9601
104844 1625257p 287 237.811549905 -10.5291537594 56419.5323082 r.MP9601
107374 1721596p 287 234.24031448 -13.2995607043 56830.3254174 r.MP9601
107374 1721607p 287 234.234100313 -13.3029415922 56830.3682737 r.MP9601
107953 1692343p 387 243.097776565 -12.0194973222 56716.5627527 r.MP9601
108237 1728611p 287 234.895911445 -13.6094905142 56857.3539956 r.MP9601
108352 1635765p 287 209.071790522 -9.58991095378 56477.2789342 r.MP9601
108352 1636123p 287 209.254037767 -9.57277479321 56479.2862259 r.MP9601
108409 1721593p 287 232.99715437 -13.4058955203 56830.3137445 r.MP9601
108409 1721604p 287 232.991529708 -13.411026164 56830.356599 r.MP9601
108834 1698862p 387 240.43006466 -12.5745137332 56752.5904004 r.MP9601
109236 1729023p 287 14.8655987806 6.50761428386 56862.5885781 r.MP9601
109236 1734907p 287 17.7819162576 5.17379912887 56891.5565004 r.MP9601
109236 1734909p 287 17.782064982 5.17306197322 56891.5642599 r.MP9601
109236 1736285p 287 17.785661887 4.55419195124 56897.4184425 r.MP9601
109713 1635634p 287 271.061475681 -24.9586135756 56476.456314 r.MP9601
109713 1635793p 287 270.81967291 -24.8924316056 56477.397044 r.MP9601
109777 1757095p 387 20.1304447332 11.4918886634 56980.2434352 r.MP9601
109777 1757118p 387 20.1108882306 11.5000510564 56980.3763973 r.MP9601
109777 1757544p 287 19.8497577788 11.6159702711 56982.2272423 r.MP9601
109777 1757585p 287 19.8285396291 11.6263435887 56982.3889044 r.MP9601
110395 1681846p 387 18.7084091536 12.7799625196 56656.3168982 r.MP9601
112664 1705572p 287 242.905601549 -14.6158395261 56781.4389031 r.MP9601
112664 1705585p 287 242.896326411 -14.6104412971 56781.4893801 r.MP9601
112664 1705598p 287 242.886683407 -14.604828967 56781.541859 r.MP9601
112664 1715688p 287 238.705152371 -12.4700110829 56801.4431354 r.MP9601
113404 1631660p 287 241.882056699 -14.1772771414 56456.4628058 r.MP9601
114022 1704840p 287 226.281559299 -16.1536082439 56777.3932342 r.MP9601
114022 1704853p 287 226.270926251 -16.1464190982 56777.4448927 r.MP9601
114022 1704866p 287 226.260353324 -16.1392706008 56777.4962592 r.MP9601
114449 1778100p 387 27.5108004971 12.6542415116 57046.2878527 r.MP9601
114449 1778110p 387 27.527017091 12.6561930788 57046.3436118 r.MP9601
115204 1728440p 287 243.047347173 -13.4915647819 56856.3732472 r.MP9601
116372 1692664p 387 243.26543583 -14.5846336181 56722.6063219 r.MP9601
116372 1692838p 387 243.38135577 -14.535744905 56723.5809745 r.MP9601
116556 1645166p 287 214.417833572 -13.1181848833 56506.2705465 r.MP9601
116556 1645695p 287 215.117228158 -13.2234247506 56509.2711127 r.MP9601
116933 1616944p 287 243.413894878 -13.1624775637 56392.6132786 r.MP9601
116933 1617919p 287 243.054804614 -11.9236864955 56401.4881224 r.MP9601
116933 1617932p 287 243.051036946 -11.9159308279 56401.5410019 r.MP9601
120117 1657929p 287 15.9252388834 4.61331338132 56571.4088962 r.MP9601
120117 1657949p 287 15.9042235296 4.61106255654 56571.4915796 r.MP9601
120117 1657950p 287 15.9030554142 4.61093744692 56571.4961754 r.MP9601
121113 1757090p 387 22.6831796591 13.1515751049 56980.2178774 r.MP9601
121113 1757113p 387 22.6609810913 13.1496560267 56980.3507366 r.MP9601
121113 1757538p 287 22.3588377736 13.1245239589 56982.2026453 r.MP9601
121113 1757579p 287 22.3334630169 13.1225790132 56982.365478 r.MP9601
123215 1672405p 287 21.9831532839 11.8551521426 56630.3743212 r.MP9601
123215 1681858p 387 23.4185766151 14.4521524916 56656.3792043 r.MP9601
123215 1681859p 387 23.4194485844 14.452849397 56656.3852352 r.MP9601
123215 1681950p 287 23.8569877051 14.7881650788 56659.2532577 r.MP9601
123215 1681963p 387 23.8658859932 14.7946752794 56659.3080164 r.MP9601
123215 1682230p 287 24.0160113834 14.9036136815 56660.2232773 r.MP9601
123215 1682230p 287 24.0160113834 14.9036136815 56660.2232773 r.MP9601
123215 1682240p 287 24.0231676867 14.9086790484 56660.2656851 r.MP9601
123535 1646294p 287 23.6794882287 12.7737778228 56512.5799415 r.MP9601
123535 1646305p 287 23.6820708405 12.7779173283 56512.6239008 r.MP9601
123535 1651334p 287 23.363738953 14.6378744007 56537.41327 r.MP9601
123535 1651345p 287 23.3598890054 14.6401879842 56537.4566497 r.MP9601
123535 1651489p 287 23.2703816739 14.6915218593 56538.4326811 r.MP9601
123535 1651501p 287 23.2659333339 14.6939305674 56538.4793013 r.MP9601
125524 1681846p 387 18.2822766283 12.5987047383 56656.3168982 r.MP9601
130056 1686685p 387 216.568027197 -13.7424400234 56689.6428131 r.MP9601
130056 1686794p 387 216.758539998 -13.7512719071 56690.6406505 r.MP9601
132597 1706031p 387 192.44152832 -3.95244060978 56784.4348455 r.MP9601
132597 1706032p 387 192.440604971 -3.9525203535 56784.439882 r.MP9601
132597 1706033p 387 192.439681765 -3.95260008493 56784.4449176 r.MP9601
135794 1691902p 287 212.089249661 -14.3008371002 56713.5200542 r.MP9601
135794 1691902p 287 212.089249661 -14.3008371002 56713.5200542 r.MP9601
135794 1691913p 387 212.088950663 -14.3041592969 56713.5678939 r.MP9601
135794 1691913p 387 212.088950663 -14.3041592969 56713.5678939 r.MP9601
135794 1691923p 387 212.088689766 -14.3070581601 56713.6096375 r.MP9601
135794 1691923p 387 212.088689766 -14.3070581601 56713.6096375 r.MP9601
135794 1692176p 287 212.061392346 -14.4442908307 56715.6310291 r.MP9601
137051 1645165p 287 214.409829674 -13.6852929174 56506.2665127 r.MP9601
137051 1645694p 287 215.03713474 -13.7561425948 56509.2671632 r.MP9601
138136 1645960p 287 244.007840467 -13.8935851708 56511.2798505 r.MP9601
142898 1616936p 287 240.03598436 -11.9712619143 56392.5809505 r.MP9601
142898 1617941p 287 238.709804911 -11.9200802239 56401.5777815 r.MP9601
143050 1692345p 387 244.223386306 -14.7560962461 56716.5728333 r.MP9601
143141 1607617p 287 213.88205147 -11.8988633135 56331.579688 r.MP9601
143141 1607631p 287 213.886896756 -11.9029858218 56331.6439349 r.MP9601
143141 1609158p 287 214.276347848 -12.3126577977 56338.5460308 r.MP9601
143141 1609292p 287 214.311125523 -12.3656527464 56339.527864 r.MP9601
143141 1609293p 287 214.311282209 -12.3659066164 56339.5326241 r.MP9601
143141 1609429p 287 214.341844224 -12.4199431101 56340.5604021 r.MP9601
143141 1609430p 287 214.341972969 -12.4201900355 56340.5651558 r.MP9601
143141 1611704p 287 213.960530976 -13.0952669103 56357.5098049 r.MP9601
143141 1611705p 287 213.960118411 -13.0954200596 56357.5154308 r.MP9601
143141 1611927p 287 213.882995215 -13.1221819709 56358.5253236 r.MP9601
143141 1611940p 287 213.878632886 -13.1236054677 56358.5804267 r.MP9601
143141 1611953p 287 213.874341789 -13.1250057204 56358.63463 r.MP9601
146049 1742011p 287 22.1928794534 12.1178339522 56923.4581292 r.MP9601
146391 1736284p 287 16.6766607789 4.16969678104 56897.4144781 r.MP9601
147876 1615926p 287 211.38890225 -10.1920721694 56386.4943926 r.MP9601
147876 1616087p 287 211.166327633 -10.1678602138 56387.5314329 r.MP9601
147876 1616088p 287 211.165489311 -10.1677676053 56387.5353095 r.MP9601
147876 1616194p 287 210.936384194 -10.1424846957 56388.5868402 r.MP9601
147876 1616495p 287 210.536559074 -10.09748919 56390.3875152 r.MP9601
149800 1691688p 387 238.965463947 -11.4189520908 56712.6265137 r.MP9601
150678 1736299p 287 12.9505043832 4.64611097156 56897.473685 r.MP9601
155730 1656930p 287 20.1016224187 13.2865654797 56564.4963984 r.MP9601
155730 1671894p 287 13.0851841806 3.37334320501 56625.216079 r.MP9601
155730 1672374p 287 13.4317612984 3.05890387548 56630.2510713 r.MP9601
155730 1672386p 287 13.4359492212 3.05649384438 56630.2984817 r.MP9601
155730 1672387p 287 13.4363553873 3.05626010733 56630.3030799 r.MP9601
155730 1672599p 287 13.5215922685 3.00927244003 56631.2492169 r.MP9601
157589 1671655p 287 9.811897786 3.64969401378 56623.296317 r.MP9601
157589 1671665p 287 9.81108860659 3.65562799609 56623.3425558 r.MP9601
161867 1729021p 287 24.9463820291 7.56275848121 56862.5805761 r.MP9601
167527 1715883p 287 213.568471283 -10.6819310256 56802.4501538 r.MP9601
167994 1705568p 287 243.434399855 -12.7136555266 56781.4233798 r.MP9601
167994 1705571p 287 243.432275231 -12.7124881152 56781.4350216 r.MP9601
167994 1705581p 287 243.4251924 -12.7085963314 56781.4738316 r.MP9601
167994 1705584p 287 243.423062587 -12.7074260687 56781.4855018 r.MP9601
167994 1705594p 287 243.415772079 -12.7034201732 56781.5254498 r.MP9601
167994 1705597p 287 243.413642826 -12.7022502183 56781.5371169 r.MP9601
170467 1721597p 287 234.522561075 -12.2846968234 56830.3293009 r.MP9601
170467 1721608p 287 234.515996657 -12.2869386226 56830.3722289 r.MP9601
172270 1728416p 287 214.326550591 -13.2636719652 56856.2968209 r.MP9601
174848 1626168p 287 216.382819142 -13.270512656 56423.4901268 r.MP9601
174848 1626304p 287 216.140119517 -13.260895317 56424.493437 r.MP9601
174872 1645692p 287 213.681430426 -12.6235457286 56509.2592978 r.MP9601
178260 1704852p 287 239.978760927 -12.4803153102 56777.4403511 r.MP9601
178260 1704865p 287 239.968133124 -12.4825625358 56777.4918798 r.MP9601
178260 1704878p 287 239.957452982 -12.4848208284 56777.5436623 r.MP9601
178260 1704879p 287 239.956411046 -12.4850411435 56777.5487141 r.MP9601
178260 1705713p 287 238.866359221 -12.7114256571 56782.4835193 r.MP9601
178260 1705892p 287 238.645864266 -12.7569341958 56783.4155231 r.MP9601
178260 1705907p 287 238.62984621 -12.7602399513 56783.482381 r.MP9601
178260 1705922p 287 238.611609366 -12.7640036129 56783.5585 r.MP9601
179833 1735263p 287 12.8200771613 4.56302909982 56893.5015508 r.MP9601
179856 1645170p 287 215.281199241 -12.6611568744 56506.2865687 r.MP9601
179856 1645698p 287 215.744593006 -12.9637047943 56509.2842977 r.MP9601
182668 1722368p 287 16.0717280059 3.34809997874 56833.6085575 r.MP9601
182668 1722895p 287 16.687019965 3.68613909633 56836.5873153 r.MP9601
184032 1729480p 287 25.96450278 13.3949807751 56864.5138912 r.MP9601
184032 1729491p 287 25.9733353796 13.3962185407 56864.5571529 r.MP9601
184032 1729502p 287 25.9821750122 13.397457292 56864.600449 r.MP9601
184032 1752198p 287 22.2508008036 5.38952028204 56956.4360134 r.MP9601
184032 1752368p 287 22.0742457918 5.25399838883 56957.3793485 r.MP9601
184764 1756647p 500 10.9317359954 -1.76209774305 56977.3664236 r.MP9601
184764 1756648p 500 10.9313759259 -1.76244722222 56977.3727778 r.MP9601
184764 1756649p 500 10.9310165123 -1.76279606482 56977.3791204 r.MP9601
184764 1757677p 500 10.6940879147 -2.02723074202 56983.1922454 r.MP9601
184764 1757678p 500 10.69394606 -2.02745378408 56983.198669 r.MP9601
186044 1729257p 287 22.9745403026 13.841499575 56863.5207224 r.MP9601
186044 1729267p 287 22.9873833555 13.8433894455 56863.5622073 r.MP9601
186044 1729277p 287 23.0002924977 13.8452890411 56863.6039058 r.MP9601
205179 1728414p 287 212.248500932 -13.1627679676 56856.287683 r.MP9601
205419 1692650p 387 237.921049133 -11.0866434857 56722.5357531 r.MP9601
209093 1691901p 287 212.360432125 -11.88881515 56713.5160758 r.MP9601
209093 1691912p 387 212.358778134 -11.8904994339 56713.5596976 r.MP9601
209093 1691922p 387 212.357085556 -11.8922230112 56713.604337 r.MP9601
209093 1692175p 287 212.266314326 -11.966557377 56715.6268233 r.MP9601
209174 1717292p 287 243.212428874 -13.1341087169 56810.4690146 r.MP9601
209174 1723388p 287 238.300166719 -11.339922792 56839.3676343 r.MP9601
209174 1728432p 287 237.425823696 -11.0890912067 56856.341043 r.MP9601
211394 1768980p 500 10.4457720457 3.50242851195 57008.2293569 r.MP9601
211394 1768993p 500 10.4533885202 3.51045498296 57008.2861256 r.MP9601
211394 1769007p 287 10.4626434645 3.520208123 57008.3551066 r.MP9601
212737 1691926p 387 240.563277028 -14.0342251839 56713.6252623 r.MP9601
212737 1692362p 387 241.092681753 -13.8993577894 56716.6586506 r.MP9601
212737 1692663p 387 241.994258867 -13.5886487263 56722.6012844 r.MP9601
212737 1692837p 387 242.124581044 -13.5319173391 56723.575932 r.MP9601
214341 1691926p 387 240.558965585 -13.9258853205 56713.6252623 r.MP9601
214341 1692362p 387 241.22384547 -14.1223582354 56716.6586506 r.MP9601
214341 1692838p 387 242.58075794 -14.5494193132 56723.5809745 r.MP9601
215919 1611929p 287 214.940345835 -13.6318166295 56358.5336905 r.MP9601
215919 1611942p 287 214.94232085 -13.6262521037 56358.5901195 r.MP9601
215919 1611955p 287 214.94416026 -13.6210696377 56358.6426741 r.MP9601
217999 1635447p 287 241.329378162 -12.5369952519 56475.3927316 r.MP9601
217999 1635787p 287 241.054451753 -12.6764900336 56477.3720622 r.MP9601
218356 1751779p 287 11.266313312 1.54998241897 56953.3227847 r.MP9601
224341 1650810p 287 15.0283333333 3.32658380441 56534.4279005 r.MP9601
224341 1651027p 287 15.0252729737 3.15172658665 56535.4320508 r.MP9601
224341 1651038p 287 15.0249680925 3.14412249049 56535.4750928 r.MP9601
224453 1681687p 387 19.9716556904 12.7160889068 56655.3120749 r.MP9601
225284 1667553p 287 21.4964947524 13.2404208727 56595.3728177 r.MP9601
225284 1667761p 287 21.3156413902 13.065300538 56596.3636505 r.MP9601
225284 1667870p 287 21.1467190121 12.899408103 56597.3055868 r.MP9601
225284 1667880p 287 21.1397977891 12.8925465925 56597.3446713 r.MP9601
225284 1667898p 387 21.1239765398 12.8768618403 56597.4340148 r.MP9601
225542 1668250p 387 14.2981524861 2.77199912775 56601.3879581 r.MP9601
225827 1681671p 287 23.2836291615 13.4135025779 56655.2674739 r.MP9601
225827 1681672p 287 23.2843560575 13.4141423979 56655.272017 r.MP9601
225827 1681673p 287 23.2851071138 13.4148034838 56655.2767111 r.MP9601
225827 1681857p 387 23.4630384831 13.5697774963 56656.3741663 r.MP9601
225827 1681950p 287 23.9651860027 13.9812335367 56659.2532577 r.MP9601
225827 1681963p 387 23.9753163615 13.9891279154 56659.3080164 r.MP9601
225895 1681841p 387 18.133776531 10.3278856451 56656.2039153 r.MP9601
225895 1681843p 387 18.1515485822 10.3430690501 56656.2935223 r.MP9601
225895 1681844p 387 18.1527287647 10.3440773293 56656.2994728 r.MP9601
227951 1667916p 387 25.0505146616 13.6493608016 56597.525605 r.MP9601
228348 1646294p 287 23.0213093031 12.8659387101 56512.5799415 r.MP9601
228348 1646305p 287 23.0268408547 12.8660730303 56512.6239008 r.MP9601
228348 1667734p 287 16.0023317143 3.57681928447 56596.2583657 r.MP9601
228348 1667745p 287 15.9955844837 3.57047175712 56596.3013189 r.MP9601
228348 1667756p 287 15.9888732856 3.5641581278 56596.3440427 r.MP9601
238901 1778496p 387 214.903260372 -12.7139585394 57048.6327179 r.MP9601
240978 1722440p 287 214.793323553 -12.500783504 56834.3249802 r.MP9601
252237 1774993p 387 11.3040700233 4.48956127688 57040.2406386 r.MP9601
252473 1778889p 287 21.4279197985 11.0052049632 57050.2260208 r.MP9601
252510 1616939p 287 241.285903385 -11.3188954807 56392.5930552 r.MP9601
253953 1630187p 287 235.615447671 -11.8291936033 56444.3920443 r.MP9601
253953 1630188p 287 235.614092997 -11.8285649454 56444.3987203 r.MP9601
254591 1615935p 287 214.37668636 -11.9710782601 56386.5307528 r.MP9601
254591 1616316p 287 213.714238389 -12.1060820828 56389.3872454 r.MP9601
254591 1616327p 287 213.703669245 -12.1080935116 56389.4311312 r.MP9601
254591 1616344p 287 213.685995312 -12.1114570629 56389.5045177 r.MP9601
254591 1616345p 287 213.68476194 -12.1116917876 56389.509639 r.MP9601
254591 1616346p 287 213.683572755 -12.1119181032 56389.5145768 r.MP9601
254591 1616347p 287 213.682382606 -12.1121446021 56389.5195186 r.MP9601
254591 1616348p 287 213.681159109 -12.1123774475 56389.5245989 r.MP9601
254591 1616503p 287 213.463294256 -12.1530570564 56390.4197864 r.MP9601
254591 1616514p 287 213.452496051 -12.1550303325 56390.463637 r.MP9601
254591 1616566p 287 213.428979636 -12.1593277484 56390.5591351 r.MP9601
254591 1616567p 287 213.427712395 -12.1595593255 56390.5642813 r.MP9601
257444 1729487p 287 28.1203796839 15.2753426442 56864.5415604 r.MP9601
257444 1729498p 287 28.1283535412 15.2819065268 56864.5847596 r.MP9601
258156 1751789p 287 18.226336921 3.64798877786 56953.3640456 r.MP9601
258156 1752204p 287 17.467868344 3.72147997945 56956.4609354 r.MP9601
258156 1752374p 287 17.2450283925 3.74663064663 56957.4027306 r.MP9601
258156 1775271p 387 20.0364512376 11.682544594 57041.2580631 r.MP9601
258156 1775280p 387 20.0483035947 11.6891420225 57041.3040916 r.MP9601
258156 1778893p 287 22.4755127519 12.9889448576 57050.2437764 r.MP9601
259223 1778893p 287 21.6661611364 12.7681561487 57050.2437764 r.MP9601
260056 1757091p 387 22.5408751832 13.4216985763 56980.222975 r.MP9601
260056 1757114p 387 22.5155336019 13.4218834165 56980.3560599 r.MP9601
260056 1757539p 287 22.1720362831 13.4263599249 56982.2068378 r.MP9601
260056 1757580p 287 22.1431887346 13.4269919526 56982.3693592 r.MP9601
260745 1645169p 287 215.686987069 -13.4686155384 56506.2825644 r.MP9601
260745 1645824p 287 217.035880909 -13.6239107353 56510.2636753 r.MP9601
260745 1645959p 287 217.387114384 -13.666934719 56511.2754166 r.MP9601
260745 1646175p 287 217.725699504 -13.7091532993 56512.2419371 r.MP9601
260745 1646179p 287 217.731279446 -13.7098612352 56512.2577668 r.MP9601
266525 1734920p 387 13.2545800626 3.49951072659 56891.6185243 r.MP9601
269986 1657475p 287 12.9637200016 2.98929886347 56569.4797466 r.MP9601
269986 1657477p 287 12.9608598532 2.98979928159 56569.4901001 r.MP9601
269986 1658274p 287 11.5825494375 3.23528727212 56574.4808518 r.MP9601
270512 1681948p 287 23.7888599333 12.0144066452 56659.2454555 r.MP9601
270512 1681960p 287 23.7931167591 12.0183953759 56659.2925356 r.MP9601
270512 1682228p 287 23.8777348513 12.0969496292 56660.2154941 r.MP9601
270512 1682238p 287 23.8818011065 12.1006151521 56660.2579246 r.MP9601
270512 1682251p 387 23.8880758637 12.1062715274 56660.3234003 r.MP9601
272634 1645560p 287 13.4160719021 4.76486503409 56508.5060483 r.MP9601
272634 1645755p 287 13.5189346283 4.71896117097 56509.481476 r.MP9601
272634 1645765p 287 13.5229196759 4.71706044365 56509.5203546 r.MP9601
272634 1645766p 287 13.5234036797 4.71682959089 56509.5250766 r.MP9601
272634 1645767p 287 13.5238960396 4.71659475254 56509.5298801 r.MP9601
272634 1646264p 287 13.8003526336 4.55790842417 56512.460419 r.MP9601
272634 1646274p 287 13.8036843588 4.55560101579 56512.4992352 r.MP9601
272634 1646580p 287 14.0356679849 4.36071375266 56515.5036778 r.MP9601
273853 1667916p 387 24.8691523472 14.1011307946 56597.525605 r.MP9601
274914 1667389p 287 20.7463830629 12.3071267192 56594.4566316 r.MP9601
274914 1667555p 287 20.5717165063 12.1643828176 56595.3805799 r.MP9601
274914 1667763p 287 20.3874105661 12.0118183153 56596.3715263 r.MP9601
274914 1667764p 287 20.3865460734 12.0110972527 56596.3762204 r.MP9601
274914 1667873p 287 20.2141424805 11.866789958 56597.3173748 r.MP9601
274914 1667883p 287 20.2070345944 11.8607986364 56597.3565907 r.MP9601
274914 1667901p 387 20.1901502088 11.8465665872 56597.449746 r.MP9601
274914 1668254p 287 19.4969714612 11.2462567174 56601.435348 r.MP9601
277503 1651193p 287 19.6797667144 12.5453431378 56536.5412237 r.MP9601
277503 1651203p 287 19.6773861571 12.5426548894 56536.58009 r.MP9601
277503 1651363p 287 19.6159935921 12.4754423894 56537.52849 r.MP9601
277503 1651375p 287 19.6126462117 12.4718608301 56537.5780808 r.MP9601
285906 1729257p 287 22.788614453 13.9554527773 56863.5207224 r.MP9601
285906 1729267p 287 22.7971015849 13.9635884393 56863.5622073 r.MP9601
285906 1729277p 287 22.8056323908 13.9717659668 56863.6039058 r.MP9601
286836 1705708p 287 239.323718798 -11.1163151094 56782.4620368 r.MP9601
286836 1705889p 287 239.142078823 -10.9768715753 56783.4038693 r.MP9601
286836 1705904p 287 239.129038948 -10.9669709295 56783.4707404 r.MP9601
286836 1705919p 287 239.114208849 -10.9557110397 56783.5467922 r.MP9601
286900 1698862p 387 240.108953308 -12.653493741 56752.5904004 r.MP9601
293958 1691925p 387 239.350659699 -12.9030956239 56713.6202221 r.MP9601
293958 1692356p 387 239.797606109 -12.7599732493 56716.6283128 r.MP9601
293958 1692654p 387 240.551524369 -12.4328783402 56722.5559354 r.MP9601
294008 1698712p 387 237.608158191 -10.5946688058 56751.5251156 r.MP9601
298506 1728611p 287 234.99498569 -14.4726128518 56857.3539956 r.MP9601
298616 1704848p 287 237.631070222 -13.8158291854 56777.4247935 r.MP9601
298616 1704861p 287 237.621391146 -13.8099604891 56777.4760734 r.MP9601
298616 1704874p 287 237.611624392 -13.8040386306 56777.5278178 r.MP9601
298616 1716494p 287 231.495183732 -10.5928268372 56806.3547948 r.MP9601
298616 1716504p 287 231.487214085 -10.5890579931 56806.3936711 r.MP9601
298616 1716514p 287 231.479253884 -10.5852936163 56806.4325014 r.MP9601
300363 1691693p 387 239.744034248 -12.2723221625 56712.6517343 r.MP9601
302642 1728609p 287 233.701365063 -13.0163129087 56857.3458189 r.MP9601
305123 1715867p 287 217.750161833 -14.6482475921 56802.3577269 r.MP9601
306656 1658160p 287 26.0071904708 15.593345729 56573.5287541 r.MP9601
306856 1729481p 287 25.7705504384 14.2745171338 56864.5180502 r.MP9601
306856 1729492p 287 25.783779538 14.2763455459 56864.5610717 r.MP9601
306856 1729503p 287 25.7970895685 14.2781851436 56864.6043563 r.MP9601
309112 1729253p 287 23.8107872742 13.7131870241 56863.5049477 r.MP9601
309112 1729263p 287 23.8203378549 13.7208405717 56863.5441967 r.MP9601
309112 1729273p 287 23.8305103068 13.7289924681 56863.5860013 r.MP9601
309195 1645239p 287 15.3200207913 6.00455726918 56506.5201901 r.MP9601
309195 1645250p 287 15.3284438036 6.00244409625 56506.5629284 r.MP9601
311021 1645492p 287 244.914705251 -13.2476216741 56508.3047043 r.MP9601
311021 1646367p 287 245.420387465 -13.931038262 56513.2779222 r.MP9601
311106 1645184p 287 243.133256047 -11.8095710356 56506.3419448 r.MP9601
311106 1646362p 287 243.758334394 -12.6581191476 56513.2584365 r.MP9601
311381 1729018p 287 19.374203859 5.29851676947 56862.5686752 r.MP9601
314903 1645167p 287 215.101144493 -11.4517809791 56506.2744815 r.MP9601
314903 1645822p 287 216.183805492 -12.2281282746 56510.2553587 r.MP9601
314903 1645957p 287 216.470827573 -12.4255548618 56511.2674218 r.MP9601
316255 1607617p 287 213.00691802 -11.1442413602 56331.579688 r.MP9601
316255 1607631p 287 213.013503326 -11.1494524962 56331.6439349 r.MP9601
317060 1625239p 287 238.057273689 -11.7512952328 56419.4558803 r.MP9601
317060 1625249p 287 238.04852692 -11.7448502453 56419.5000745 r.MP9601
317060 1625259p 287 238.040574143 -11.738990304 56419.540257 r.MP9601
317060 1625626p 287 237.649005586 -11.4550008075 56421.4885441 r.MP9601
317060 1625902p 287 237.441104861 -11.3078221957 56422.4996948 r.MP9601
317174 1757094p 387 21.050341681 13.4643967912 56980.2383331 r.MP9601
317174 1757117p 387 21.041700156 13.4451564727 56980.3712797 r.MP9601
317174 1757542p 287 20.9313838123 13.1826486569 56982.2186791 r.MP9601
317174 1757583p 287 20.9231298659 13.160277305 56982.3810518 r.MP9601
318016 1774683p 387 15.1672163213 2.80690506889 57039.292889 r.MP9601
318018 1722738p 287 18.2881462854 5.00937208324 56835.6055923 r.MP9601
318018 1722901p 287 18.5522887578 5.05508774594 56836.6106577 r.MP9601
318920 1723123p 287 31.5085446807 18.5361839619 56837.5931655 r.MP9601
319517 1607615p 287 213.090689846 -13.7640046529 56331.5719268 r.MP9601
319517 1607628p 287 213.094879234 -13.7683510395 56331.6314211 r.MP9601
319517 1607629p 287 213.095208439 -13.768692582 56331.6360962 r.MP9601
321956 1631617p 287 213.042807947 -13.2397116216 56456.2861755 r.MP9601
321956 1631627p 287 213.038492753 -13.2422625304 56456.3266304 r.MP9601
325871 1757891p 287 15.3475064692 5.77585265058 56985.2477669 r.MP9601
325871 1757975p 287 15.3928180708 5.67538036695 56986.243962 r.MP9601
325927 1768988p 287 16.5009501467 3.85857875245 57008.2627153 r.MP9601
325983 1729257p 287 23.0107548979 13.9941967657 56863.5207224 r.MP9601
325983 1729267p 287 23.0206075764 13.9959253058 56863.5622073 r.MP9601
325983 1729277p 287 23.0305109561 13.9976627408 56863.6039058 r.MP9601
325983 1735257p 287 28.1585727776 14.0226638947 56893.4781096 r.MP9601
325983 1735273p 287 28.1651293397 14.0194778912 56893.5480463 r.MP9601
329814 1650813p 287 16.1324475606 3.5366152356 56534.4396163 r.MP9601
334130 1635443p 287 240.975057902 -13.1082181356 56475.376842 r.MP9601
334130 1635787p 287 240.82493421 -12.9512619985 56477.3720622 r.MP9601
334130 1645181p 287 242.121877917 -11.997578587 56506.3301821 r.MP9601
334130 1645710p 287 242.610164836 -12.0186888073 56509.3318839 r.MP9601
334434 1778497p 387 215.464494094 -10.7310958725 57048.6378056 r.MP9601
336511 1778498p 387 217.253015687 -14.3128582393 57048.642903 r.MP9601
342043 1778494p 387 216.578211178 -14.3772321508 57048.6225432 r.MP9601
347439 1778496p 387 214.627329427 -13.1100722973 57048.6327179 r.MP9601
350021 1691684p 287 217.169236727 -15.4604214873 56712.6089857 r.MP9601
350021 1691919p 287 217.218538761 -15.4137200786 56713.5920441 r.MP9601
350021 1698318p 287 215.676596813 -12.6168723106 56744.4416696 r.MP9601
350021 1698319p 287 215.676043622 -12.6163657613 56744.4455744 r.MP9601
350021 1698328p 287 215.671062451 -12.6118045708 56744.4807356 r.MP9601
350021 1698687p 287 214.57811155 -11.6662194527 56751.4191601 r.MP9601
350021 1698697p 287 214.571298942 -11.6606026163 56751.4586535 r.MP9601
350021 1698835p 387 214.401599347 -11.5213063489 56752.4330061 r.MP9601
350021 1698836p 387 214.400540085 -11.5204415775 56752.4390161 r.MP9601
350021 1698844p 387 214.394020171 -11.5151187793 56752.4760085 r.MP9601
350021 1698851p 387 214.384279665 -11.5071667192 56752.5312738 r.MP9601
351065 1692652p 387 237.760770313 -12.0236317326 56722.5458295 r.MP9601
351065 1698865p 387 238.654466755 -13.4233724012 56752.6063989 r.MP9601
355371 1723390p 287 237.506885808 -11.7010267863 56839.3754252 r.MP9601
356569 1691926p 387 240.538165649 -13.7092257667 56713.6252623 r.MP9601
356569 1692362p 387 240.985117736 -13.58174293 56716.6586506 r.MP9601
356569 1692662p 387 241.735162434 -13.2902568779 56722.5962448 r.MP9601
356569 1692836p 387 241.841787792 -13.2372119305 56723.5708942 r.MP9601
358146 1692664p 387 243.348520122 -14.5875295313 56722.6063219 r.MP9601
358146 1692838p 387 243.47743543 -14.5397237656 56723.5809745 r.MP9601
360201 1774990p 387 16.9865436833 6.37464800369 57040.2253304 r.MP9601
360259 1645166p 287 215.124453043 -12.7777891338 56506.2705465 r.MP9601
360259 1645698p 287 216.049794825 -12.9067612574 56509.2842977 r.MP9601
360259 1645957p 287 216.674407355 -12.9982580895 56511.2674218 r.MP9601
360298 1729254p 287 23.3435817228 14.710147972 56863.508911 r.MP9601
360298 1729264p 287 23.3538381209 14.7120206902 56863.5481075 r.MP9601
360298 1729274p 287 23.3648222193 14.7140262793 56863.5900849 r.MP9601
360322 1757447p 387 26.3415588232 14.834062435 56981.2439629 r.MP9601
360322 1757469p 387 26.3271203723 14.8122781056 56981.3842555 r.MP9601
360322 1757558p 287 26.2363075928 14.673076988 56982.2863556 r.MP9601
360322 1757598p 287 26.2214510421 14.6494787567 56982.4413804 r.MP9601
360341 1615938p 287 214.943950007 -11.8626421229 56386.5426369 r.MP9601
360341 1616317p 287 214.338512588 -11.8682729059 56389.3912307 r.MP9601
360341 1616328p 287 214.328878064 -11.8682972355 56389.4350239 r.MP9601
360341 1616504p 287 214.109611928 -11.8684934266 56390.4236643 r.MP9601
360341 1616515p 287 214.099472246 -11.8684808619 56390.468897 r.MP9601
360341 1616682p 287 213.895672632 -11.8679217047 56391.3704657 r.MP9601
360341 1616693p 287 213.885809696 -11.8678737974 56391.4135824 r.MP9601
360341 1616704p 287 213.875971891 -11.867826012 56391.4565892 r.MP9601
360817 1735257p 287 27.8002087579 14.3569409795 56893.4781096 r.MP9601
360817 1735273p 287 27.8042009757 14.3529584752 56893.5480463 r.MP9601
360817 1736565p 287 28.0164229821 13.9520105834 56899.453387 r.MP9601
360817 1736594p 287 28.0179331074 13.9436012582 56899.5599841 r.MP9601
362222 1626157p 287 212.728657058 -11.1268364551 56423.4458285 r.MP9601
362222 1626293p 287 212.563385997 -10.9609800717 56424.4435551 r.MP9601
362238 1729259p 287 22.2705281625 12.1914680631 56863.5285628 r.MP9601
362238 1729269p 287 22.2782703501 12.1923918141 56863.5701316 r.MP9601
362238 1729279p 287 22.28602625 12.1933172011 56863.611774 r.MP9601
362783 1611928p 287 213.85381535 -11.9960351027 56358.5291976 r.MP9601
362783 1611941p 287 213.849608036 -11.9987786699 56358.5843755 r.MP9601
362783 1611954p 287 213.845474944 -12.0014738373 56358.63858 r.MP9601
363117 1645180p 287 242.20068225 -12.539618099 56506.3262836 r.MP9601
363117 1645709p 287 242.411504905 -12.9796746182 56509.3279785 r.MP9601
363385 1631615p 287 211.879091368 -12.2775977525 56456.2779393 r.MP9601
363385 1631625p 287 211.877625318 -12.2750251422 56456.318382 r.MP9601
363385 1635774p 287 212.297945649 -11.4751378151 56477.3153014 r.MP9601
363385 1636132p 287 212.457599309 -11.453050964 56479.3231139 r.MP9601
364238 1626169p 287 216.391145141 -11.9051397317 56423.4940769 r.MP9601
364394 1626162p 287 213.92578084 -13.1078516877 56423.4662255 r.MP9601
364394 1626294p 287 213.734763633 -12.984919181 56424.4483095 r.MP9601
364394 1631610p 287 209.70362468 -9.89218142672 56456.2575544 r.MP9601
364394 1631620p 287 209.701829489 -9.88972009597 56456.2982002 r.MP9601
365846 1635771p 287 211.127852188 -10.3711155864 56477.3028547 r.MP9601
365846 1636129p 287 211.297165126 -10.6101456144 56479.3113986 r.MP9601
365846 1645168p 287 215.53462044 -14.0873946312 56506.2784819 r.MP9601
365846 1645697p 287 216.201390064 -14.4944048348 56509.2793008 r.MP9601
365846 1645823p 287 216.426547085 -14.6278714084 56510.2593423 r.MP9601
365846 1645955p 287 216.659993558 -14.764245252 56511.259232 r.MP9601
369679 1645164p 287 214.041292073 -11.2407995631 56506.262518 r.MP9601
369679 1645696p 287 214.991252672 -11.4047688701 56509.275333 r.MP9601
373119 1671655p 287 9.95202125141 3.81070188783 56623.296317 r.MP9601
373119 1671665p 287 9.95123133818 3.81583953486 56623.3425558 r.MP9601
374374 1671651p 287 11.0095634232 2.30838037537 56623.2751739 r.MP9601
374374 1671661p 287 11.0067384432 2.31204637989 56623.3269293 r.MP9601
374374 1672614p 387 10.7750037283 2.94261104604 56631.3303507 r.MP9601
374374 1672744p 287 10.7753284589 3.01859215698 56632.1991644 r.MP9601
375840 1657412p 287 22.0644576815 13.1298906526 56568.4955304 r.MP9601
375840 1657502p 287 21.88859095 12.9163549741 56569.5922409 r.MP9601
375840 1658257p 287 21.0802954694 11.9454164241 56574.3891867 r.MP9601
375942 1671724p 387 21.4709258015 14.1087813862 56624.240866 r.MP9601
375942 1671726p 387 21.4691029792 14.1088425548 56624.2555465 r.MP9601
375942 1671729p 387 21.4666835922 14.1089237422 56624.2750315 r.MP9601
375942 1671900p 387 21.3479790378 14.1133008335 56625.24415 r.MP9601
392983 1698687p 287 214.654828195 -11.3944344561 56751.4191601 r.MP9601
392983 1698697p 287 214.646057373 -11.3946428934 56751.4586535 r.MP9601
392983 1698835p 387 214.42786571 -11.3995447509 56752.4330061 r.MP9601
392983 1698836p 387 214.426505949 -11.3995731314 56752.4390161 r.MP9601
392983 1698844p 387 214.418136414 -11.3997478178 56752.4760085 r.MP9601
392983 1698851p 387 214.405632644 -11.4000087928 56752.5312738 r.MP9601