    Object      Image   Exp_time               RA              DEC             time       filter
10992 1607779p 287 214.058507305 -12.6454185877 56332.5626729 r.MP9601
10992 1609158p 287 214.57659385 -12.6736860683 56338.5460308 r.MP9601
10992 1609292p 287 214.643281103 -12.67114938 56339.527864 r.MP9601
10992 1609293p 287 214.64359249 -12.6711321909 56339.5326241 r.MP9601
10992 1609429p 287 214.707557293 -12.6661754321 56340.5604021 r.MP9601
10992 1609430p 287 214.707840531 -12.6661477025 56340.5651558 r.MP9601
10992 1611928p 287 214.827559282 -12.2028203331 56358.5291976 r.MP9601
10992 1611941p 287 214.824915341 -12.2002760193 56358.5843755 r.MP9601
10992 1611954p 287 214.822318043 -12.1977765904 56358.63858 r.MP9601
10992 1615906p 287 211.203311084 -10.075704814 56386.4138324 r.MP9601
10992 1615916p 287 211.195268559 -10.0716250304 56386.4539615 r.MP9601
10992 1615926p 287 211.187165491 -10.067514534 56386.4943926 r.MP9601
51690 1646437p 287 25.106696727 15.0668838338 56513.5192009 r.MP9601
51690 1646448p 287 25.1095442987 15.0695297025 56513.5619145 r.MP9601
60305 1645236p 287 14.8593843887 5.17211810433 56506.5085536 r.MP9601
60305 1645247p 287 14.8625538082 5.1743734965 56506.5512873 r.MP9601
66309 1774991p 387 12.5793266689 3.5906460719 57040.2304544 r.MP9601
71932 1775269p 387 20.1437980608 9.76716789828 57041.2478061 r.MP9601
71932 1775278p 387 20.1624846239 9.77268616393 57041.2938984 r.MP9601
85516 1715390p 287 216.319540863 -12.1167462101 56799.4381615 r.MP9601
85516 1716267p 287 215.079623238 -11.9219604124 56805.3855695 r.MP9601
85516 1722437p 287 212.003715904 -11.9173635612 56834.3131665 r.MP9601
90496 1650815p 287 16.6983251779 6.08175914534 56534.4489508 r.MP9601
90496 1651032p 287 16.6830090134 6.01816609416 56535.4517036 r.MP9601
90496 1651047p 287 16.6818419979 6.01417456288 56535.5125914 r.MP9601
90496 1651048p 287 16.681752449 6.01386827953 56535.5172635 r.MP9601
90496 1651679p 287 16.5467568344 5.72761799337 56539.43153 r.MP9601
90496 1651690p 287 16.544613497 5.72415293124 56539.4743967 r.MP9601
90496 1651696p 287 16.5430130906 5.72156560762 56539.5064049 r.MP9601
90496 1656879p 287 13.240853074 2.74146901241 56564.3234299 r.MP9601
90496 1656891p 287 13.2311047351 2.73417823795 56564.3725812 r.MP9601
90496 1656901p 287 13.2233576894 2.72838422897 56564.4116419 r.MP9601
90496 1657308p 287 12.6193211939 2.2815202644 56567.4020833 r.MP9601
90496 1657359p 287 12.4219393276 2.13785720185 56568.357406 r.MP9601
90496 1657385p 287 12.409317577 2.12871760417 56568.4181119 r.MP9601
90496 1657482p 287 12.1817345681 1.96422950002 56569.5106528 r.MP9601
98170 1616938p 287 240.798102082 -12.541310483 56392.5890155 r.MP9601
98170 1617717p 287 239.888861819 -12.1237774667 56399.4684494 r.MP9601
98170 1617718p 287 239.88777683 -12.123341144 56399.4754306 r.MP9601
98170 1617909p 287 239.569808578 -11.9995047359 56401.4464165 r.MP9601
98170 1617922p 287 239.560674543 -11.9960510709 56401.500948 r.MP9601
98170 1624862p 287 236.484356901 -11.0477247398 56416.4332925 r.MP9601
98170 1624863p 287 236.483159215 -11.047413215 56416.4383443 r.MP9601
98170 1624864p 287 236.481867261 -11.0470771709 56416.4437936 r.MP9601
98313 1617918p 287 243.115537488 -12.8602640293 56401.4841371 r.MP9601
98313 1617931p 287 243.10749557 -12.8575319807 56401.5370154 r.MP9601
98313 1625346p 287 239.290116728 -11.8699928616 56420.4303112 r.MP9601
98313 1625358p 287 239.278298544 -11.8675528905 56420.4793832 r.MP9601
98313 1625369p 287 239.267736341 -11.8653722279 56420.5232401 r.MP9601
98313 1625652p 287 239.024113441 -11.8155967171 56421.5302363 r.MP9601
98313 1625904p 287 238.785195503 -11.7678211447 56422.5076793 r.MP9601
106794 1722737p 287 17.8894368713 6.56813341124 56835.6017126 r.MP9601
106794 1723122p 287 18.4882930564 6.84978137358 56837.5890019 r.MP9601
106794 1751552p 287 22.5611390105 13.3481895127 56952.4132513 r.MP9601
106794 1751562p 287 22.5503949255 13.3461085992 56952.4526792 r.MP9601
106794 1751572p 287 22.5396601758 13.3440294938 56952.4920727 r.MP9601
106794 1751798p 387 22.2910297143 13.2954711842 56953.4057188 r.MP9601
106794 1752101p 387 21.7440846881 13.1857366029 56955.4260012 r.MP9601
114933 1728794p 287 13.7188752332 3.83429020515 56861.5636502 r.MP9601
114933 1729702p 287 14.8190785332 4.48358934497 56865.531114 r.MP9601
141480 1631356p 287 214.536397014 -12.5424348312 56455.3755684 r.MP9601
141480 1631367p 287 214.535667045 -12.5455169218 56455.4204895 r.MP9601
141480 1635781p 287 216.047869515 -14.4483349852 56477.3432593 r.MP9601
165401 1722733p 287 16.7756007893 4.7060554866 56835.5861562 r.MP9601
165401 1722896p 287 17.1121406745 4.85883109582 56836.591194 r.MP9601
165401 1751522p 287 25.4706663693 13.1808324464 56952.2909381 r.MP9601
165401 1751533p 287 25.4585773556 13.1794706528 56952.3355059 r.MP9601
165401 1751544p 287 25.4463907696 13.1780978679 56952.3804334 r.MP9601
165401 1751809p 387 25.153013986 13.1446870284 56953.4612982 r.MP9601
165401 1752111p 387 24.6061631668 13.0799125679 56955.4772437 r.MP9601
170259 1778101p 387 26.931115353 13.9101487222 57046.2929294 r.MP9601
170259 1778111p 387 26.9466970932 13.9162290221 57046.3489117 r.MP9601
170259 1778112p 387 26.9491451615 13.9171843062 57046.3577072 r.MP9601
174581 1729481p 287 25.5415973349 14.1189560293 56864.5180502 r.MP9601
174581 1729492p 287 25.5593078368 14.1250746373 56864.5610717 r.MP9601
174581 1729503p 287 25.5771266852 14.1312306767 56864.6043563 r.MP9601
174633 1645163p 287 213.976469874 -12.3179604409 56506.2585179 r.MP9601
174633 1645695p 287 214.919065325 -12.5843482927 56509.2711127 r.MP9601
174633 1645822p 287 215.236121034 -12.6739634339 56510.2553587 r.MP9601
186404 1650809p 287 14.7362922136 5.09745399204 56534.4239621 r.MP9601
186404 1651026p 287 14.762610453 5.01923819322 56535.4281748 r.MP9601
186404 1651675p 287 14.786570682 4.6648859274 56539.4159394 r.MP9601
186404 1651686p 287 14.7860894526 4.66070339026 56539.4587153 r.MP9601
186722 1657924p 287 14.3213298741 2.92998239129 56571.3878426 r.MP9601
186722 1657925p 287 14.3199786731 2.92960014363 56571.3931763 r.MP9601
186722 1657940p 287 14.3048499845 2.92532031726 56571.4528948 r.MP9601
186722 1657943p 287 14.3013655623 2.92433459254 56571.4666491 r.MP9601
186722 1657943p 287 14.3013655623 2.92433459254 56571.4666491 r.MP9601
186722 1657945p 287 14.2990059264 2.92366706398 56571.4759634 r.MP9601
186722 1658019p 287 14.0742354849 2.8602241594 56572.3626188 r.MP9601
186722 1658279p 287 13.5311812083 2.70831423706 56574.5002707 r.MP9601
200927 1715408p 287 244.539900749 -13.901709976 56799.5102602 r.MP9601
200927 1715886p 287 243.787842718 -13.7972123624 56802.4637032 r.MP9601
200927 1715888p 287 243.785569341 -13.7969092454 56802.4725749 r.MP9601
200927 1728611p 287 234.815851692 -13.918510917 56857.3539956 r.MP9601
201068 1644978p 287 239.283097337 -13.7290436371 56505.2510632 r.MP9601
201068 1645007p 287 239.299630618 -13.7380259483 56505.3127737 r.MP9601
201455 1716501p 287 233.026194322 -13.29073605 56806.3819947 r.MP9601
201455 1716511p 287 233.018941138 -13.2871094581 56806.420851 r.MP9601
201455 1716521p 287 233.01168812 -13.2834829487 56806.4597065 r.MP9601
201455 1716740p 287 232.821483489 -13.1885846283 56807.4895882 r.MP9601
201455 1716959p 287 232.656272657 -13.1064738115 56808.4059756 r.MP9601
201455 1721425p 287 230.385440315 -11.9718586211 56829.3657207 r.MP9601
201455 1721435p 287 230.384468302 -11.9711998119 56829.4046013 r.MP9601
201455 1728606p 287 232.98103622 -12.7315939787 56857.3336449 r.MP9601
205790 1729014p 287 17.2390919382 6.2992294992 56862.5531033 r.MP9601
205790 1729718p 287 17.6500270321 6.3623144714 56865.5956081 r.MP9601
205790 1735264p 287 18.7426696744 5.72157493048 56893.5122522 r.MP9601
205790 1736302p 287 18.472435024 5.44363014135 56897.4905915 r.MP9601
205790 1736486p 287 18.3842955343 5.36373063105 56898.526843 r.MP9601
205790 1736506p 287 18.376540317 5.35685336285 56898.6146379 r.MP9601
205790 1774675p 387 13.0714601702 1.74833323685 57039.2487676 r.MP9601
210707 1630539p 287 237.590875137 -13.1513278068 56447.3849994 r.MP9601
210707 1630865p 287 237.150349618 -13.0595030048 56449.3760326 r.MP9601
217824 1645237p 287 15.4762932404 3.41959519634 56506.5124324 r.MP9601
217824 1645248p 287 15.4785903981 3.41868108191 56506.5551702 r.MP9601
234435 1691675p 287 215.876689014 -13.0720812737 56712.5739825 r.MP9601
234435 1691908p 287 215.881322638 -13.0928403123 56713.5435828 r.MP9601
234435 1692182p 287 215.86986366 -13.1317423904 56715.6545434 r.MP9601
234435 1698316p 287 212.758415578 -12.7961815172 56744.4339038 r.MP9601
234435 1698326p 287 212.750734995 -12.7946627581 56744.4729577 r.MP9601
250113 1756826p 387 44.4850259666 15.1318112447 56978.3070609 r.MP9601
250113 1756848p 387 44.4584708727 15.1216302815 56978.415819 r.MP9601
250113 1756873p 387 44.4305757486 15.1109355638 56978.5300652 r.MP9601
250113 1757109p 500 43.995586289 14.9435237464 56980.3262485 r.MP9601
264813 1645240p 287 16.941020535 4.09771933778 56506.5241012 r.MP9601
264813 1645251p 287 16.9539036747 4.09884631593 56506.5668078 r.MP9601
294774 1651681p 287 17.4271722331 5.23131818048 56539.4392888 r.MP9601
294774 1651698p 287 17.4178091148 5.22472238382 56539.5141937 r.MP9601
294774 1656879p 287 12.9002425684 2.47770840945 56564.3234299 r.MP9601
294774 1656891p 287 12.8893883255 2.47161911093 56564.3725812 r.MP9601
294774 1656901p 287 12.8807624133 2.46677991991 56564.4116419 r.MP9601
294774 1657312p 287 12.2110530497 2.09363444052 56567.4190942 r.MP9601
294774 1657482p 287 11.7415658993 1.83521689557 56569.5106528 r.MP9601
294774 1658016p 287 11.1043997489 1.4879585437 56572.3509136 r.MP9601
294774 1658276p 287 10.628357713 1.23094042465 56574.4886118 r.MP9601
311229 1635634p 287 270.768668229 -24.7256015361 56476.456314 r.MP9601
318679 1778496p 387 214.581669561 -13.382629596 57048.6327179 r.MP9601
350723 1698709p 387 237.476367117 -12.716259376 56751.509775 r.MP9601
350723 1698713p 387 237.474439688 -12.7154102885 56751.5301531 r.MP9601
350723 1698716p 387 237.472684509 -12.7146370816 56751.54871 r.MP9601
350723 1698721p 387 237.469823677 -12.7133768034 56751.5789567 r.MP9601
360401 1626164p 287 215.826572307 -14.101730013 56423.4742024 r.MP9601
360401 1626300p 287 215.646209567 -13.9705350561 56424.4756371 r.MP9601
360401 1631354p 287 213.392934849 -11.3178915324 56455.3675284 r.MP9601
360401 1631365p 287 213.395333419 -11.316579814 56455.4125016 r.MP9601
362024 1645822p 287 215.775476029 -11.6878142563 56510.2553587 r.MP9601
362024 1645954p 287 216.156671612 -11.8629172596 56511.2551703 r.MP9601
363272 1630859p 287 242.078611967 -13.3093546896 56449.3513643 r.MP9601
363272 1630880p 287 242.05951105 -13.311564124 56449.4368908 r.MP9601
363272 1631372p 287 240.804657989 -13.5004686742 56455.4421276 r.MP9601
363272 1631375p 287 240.80184259 -13.5010183181 56455.4567848 r.MP9601
363272 1631657p 287 240.613726298 -13.539170452 56456.4508002 r.MP9601
