    Object      Image   Exp_time               RA              DEC             time       filter
14765 1698695p 287 218.468442961 -15.3375901029 56751.4508594 r.MP9601
14765 1698705p 287 218.461936007 -15.3366162732 56751.4906979 r.MP9601
14765 1698861p 387 218.28030584 -15.3090588995 56752.5848168 r.MP9601
15747 1626160p 287 213.602978299 -11.1721799707 56423.4582821 r.MP9601
15747 1626296p 287 213.418255142 -11.0939616122 56424.4562078 r.MP9601
15747 1645164p 287 214.124347313 -11.0455116543 56506.262518 r.MP9601
16844 1722509p 287 13.4583155827 2.39832160844 56834.5838312 r.MP9601
22838 1645241p 287 16.858691211 4.90030210925 56506.5279806 r.MP9601
22838 1645252p 287 16.8633715266 4.90055125152 56506.5706907 r.MP9601
22838 1650816p 287 17.6906952871 4.02793998617 56534.4529108 r.MP9601
22838 1650817p 287 17.6904362909 4.02761574676 56534.4576557 r.MP9601
22838 1651033p 287 17.6333086009 3.95828517955 56535.4555818 r.MP9601
22838 1651049p 287 17.6293426862 3.95363548654 56535.5212245 r.MP9601
33246 1735072p 287 21.9739357663 13.4047700871 56892.5719364 r.MP9601
33246 1735084p 287 21.974601095 13.4055267355 56892.6189008 r.MP9601
33246 1736162p 287 21.9779164202 13.4453770898 56896.4643068 r.MP9601
33246 1736199p 287 21.9762500482 13.4460912492 56896.6071387 r.MP9601
33246 1775264p 387 18.8751809694 9.2295048065 57041.2222067 r.MP9601
33246 1775273p 387 18.8876891363 9.23355873547 57041.2683907 r.MP9601
33254 1722368p 287 15.1880083667 4.01616082981 56833.6085575 r.MP9601
33254 1722515p 287 15.4403169923 4.092267721 56834.6072198 r.MP9601
33254 1722893p 287 15.9310405382 4.23828740855 56836.5795216 r.MP9601
33254 1729022p 287 21.2638008967 5.55014737167 56862.584532 r.MP9601
37125 1751818p 287 37.3993561368 13.4752451759 56953.5062275 r.MP9601
37125 1751828p 287 37.3929900171 13.4722942819 56953.5374723 r.MP9601
46195 1778497p 387 215.170015411 -10.6387208982 57048.6378056 r.MP9601
62488 1751773p 287 13.1853496977 4.90519692662 56953.2994276 r.MP9601
62488 1752341p 287 12.5201436955 4.51486711425 56957.2661129 r.MP9601
62488 1752650p 387 12.2080194946 4.32885980745 56959.2680144 r.MP9601
62488 1752661p 387 12.2005254618 4.32436200383 56959.3178363 r.MP9601
65613 1722735p 287 17.3049241771 4.34220491667 56835.5939185 r.MP9601
65613 1722898p 287 17.5498364474 4.44539592896 56836.5989819 r.MP9601
65613 1752202p 287 15.5626763611 5.41829135972 56956.4517405 r.MP9601
65613 1752372p 287 15.3774775455 5.37340301171 56957.3949654 r.MP9601
65613 1757896p 287 11.8111670441 4.78169068142 56985.2672486 r.MP9601
65613 1757984p 287 11.7648022393 4.79211743673 56986.2935528 r.MP9601
66738 1646282p 287 20.5787938263 12.8255771108 56512.530388 r.MP9601
66738 1646295p 287 20.5825342095 12.8285456689 56512.583822 r.MP9601
66738 1651364p 287 20.550710226 13.5256314894 56537.5323769 r.MP9601
66738 1651365p 287 20.5502077698 13.52561839 56537.5391137 r.MP9601
66738 1651369p 287 20.5490400898 13.5255879477 56537.5547697 r.MP9601
66738 1651376p 287 20.5470123889 13.525535084 56537.5819568 r.MP9601
66738 1651499p 287 20.4777169771 13.5224954935 56538.4715426 r.MP9601
66738 1651511p 287 20.4739525484 13.5222755784 56538.5181128 r.MP9601
82485 1716498p 287 229.662858657 -12.367902201 56806.3703507 r.MP9601
82485 1716508p 287 229.655511064 -12.3659924743 56806.4091926 r.MP9601
82485 1716518p 287 229.648163886 -12.3640828553 56806.4480323 r.MP9601
82485 1716737p 287 229.455130322 -12.3141091117 56807.4779488 r.MP9601
82485 1716956p 287 229.286539898 -12.2709855679 56808.3942889 r.MP9601
82679 1717293p 287 240.075067234 -13.5033900802 56810.4729478 r.MP9601
82679 1728611p 287 234.89886825 -14.2058020136 56857.3539956 r.MP9601
83017 1692670p 387 247.969550963 -17.8022717007 56722.636581 r.MP9601
83017 1692844p 387 248.161015434 -17.7969901393 56723.6112142 r.MP9601
83017 1723393p 287 239.028288821 -13.9030468184 56839.3871415 r.MP9601
87714 1774677p 387 10.5930610572 3.46719539836 57039.2589707 r.MP9601
87714 1774994p 387 10.8387170432 3.5943747979 57040.2457158 r.MP9601
87776 1774684p 387 15.6895028474 4.76087299362 57039.2979699 r.MP9601
87778 1751551p 287 22.5248699911 12.5697315225 56952.4093384 r.MP9601
87778 1751561p 287 22.516221664 12.5671885417 56952.4487985 r.MP9601
87778 1751571p 287 22.5075878793 12.5646498369 56952.4881922 r.MP9601
87778 1751797p 387 22.3079532481 12.5057392156 56953.4005958 r.MP9601
87778 1752101p 387 21.8694205847 12.3743727028 56955.4260012 r.MP9601
87778 1778899p 287 23.8934288067 13.1951856057 57050.2674944 r.MP9601
87958 1757446p 387 25.8676452412 12.9583476106 56981.2388769 r.MP9601
87958 1757552p 287 25.7218490798 12.9254995253 56982.2607295 r.MP9601
87958 1757554p 287 25.720505288 12.9251973071 56982.2704437 r.MP9601
87958 1757594p 287 25.6990108439 12.9203632152 56982.4258252 r.MP9601
88013 1757448p 387 26.7538860012 15.2332705403 56981.2490286 r.MP9601
88013 1757470p 387 26.7342483627 15.222282814 56981.3892974 r.MP9601
88013 1757559p 287 26.6096636631 15.15209787 56982.2904248 r.MP9601
88013 1757599p 287 26.5888252934 15.1401840858 56982.445261 r.MP9601
91470 1645245p 287 17.1639175055 6.08651233351 56506.5435278 r.MP9601
91470 1645256p 287 17.1677615605 6.08881402082 56506.5862396 r.MP9601
91470 1650822p 287 17.3921949652 6.76721206488 56534.4798507 r.MP9601
91470 1651035p 287 17.3126618705 6.76002702788 56535.4634233 r.MP9601
91470 1651051p 287 17.3071426364 6.75948056906 56535.5289984 r.MP9601
91470 1651682p 287 16.9297189166 6.70891070688 56539.4431977 r.MP9601
91470 1651699p 287 16.9215761503 6.70760037668 56539.5180737 r.MP9601
93688 1756822p 387 45.1583740889 14.4413654899 56978.2865738 r.MP9601
93688 1756844p 387 45.1334004315 14.4384043061 56978.395352 r.MP9601
93688 1756869p 387 45.1072748773 14.4353065392 56978.5091475 r.MP9601
93688 1757105p 500 44.6984275691 14.3875194923 56980.3003207 r.MP9601
93688 1757800p 500 43.7882047015 14.2872715644 56984.4227796 r.MP9601
96901 1672414p 287 25.0553227357 12.6799762089 56630.4099112 r.MP9601
111323 1615943p 287 217.025826411 -13.180452986 56386.562711 r.MP9601
111323 1616326p 287 216.56000997 -12.9597989159 56389.4271014 r.MP9601
111323 1616341p 287 216.54923802 -12.9547454085 56389.4909352 r.MP9601
111323 1616342p 287 216.548408971 -12.954356472 56389.4958481 r.MP9601
111323 1626151p 287 209.984372163 -10.0019044753 56423.4180487 r.MP9601
111323 1626287p 287 209.80780342 -9.92322029371 56424.4193105 r.MP9601
115998 1778498p 387 217.601526712 -14.2001621725 57048.642903 r.MP9601
116603 1728412p 287 211.025866822 -11.3082593457 56856.2797859 r.MP9601
116603 1728421p 287 211.031688061 -11.3114933674 56856.3173423 r.MP9601
119822 1769003p 287 10.4616951173 2.03796290759 57008.3392145 r.MP9601
119822 1774673p 387 16.3623359921 4.40322033792 57039.2385488 r.MP9601
119822 1774673p 387 16.3623359921 4.40322033792 57039.2385488 r.MP9601
119822 1774674p 387 16.3636197055 4.40373638217 57039.2436666 r.MP9601
121505 1645237p 287 15.5502441395 4.06668438192 56506.5124324 r.MP9601
121505 1645248p 287 15.5539480837 4.06865507016 56506.5551702 r.MP9601
121505 1650811p 287 15.5957327532 4.5013390245 56534.431777 r.MP9601
121505 1651028p 287 15.5055630214 4.48487119151 56535.4359319 r.MP9601
121505 1651039p 287 15.5015462408 4.48411804515 56535.4789688 r.MP9601
121505 1651675p 287 15.0863704816 4.39858380511 56539.4159394 r.MP9601
121505 1651686p 287 15.0813264844 4.39746687758 56539.4587153 r.MP9601
121505 1656889p 287 10.6992154504 3.27152278088 56564.3648212 r.MP9601
121505 1656899p 287 10.6908819679 3.26928973122 56564.4036568 r.MP9601
121505 1656932p 287 10.6689621187 3.26341606288 56564.5058076 r.MP9601
121505 1656933p 287 10.6679888695 3.26315526988 56564.5103431 r.MP9601
122749 1774682p 387 14.9566125807 5.97336482634 57039.2876821 r.MP9601
126607 1729478p 287 24.9591116011 14.1100479101 56864.5059945 r.MP9601
126607 1729489p 287 24.9662528103 14.1134106061 56864.5493842 r.MP9601
126607 1729500p 287 24.9733616191 14.1167580451 56864.5925769 r.MP9601
126607 1735259p 287 27.7459791338 15.6142575088 56893.4858679 r.MP9601
126607 1735275p 287 27.7473196091 15.6158699645 56893.5558057 r.MP9601
126607 1736567p 287 27.7556470571 15.7121333343 56899.4611766 r.MP9601
126607 1736596p 287 27.7538704697 15.7131400672 56899.5677718 r.MP9601
126607 1741577p 287 26.3834100937 15.4528884178 56918.4746395 r.MP9601
126607 1741588p 287 26.378015824 15.4512980281 56918.5173664 r.MP9601
126607 1742022p 287 25.6841872188 15.2338290704 56923.5039963 r.MP9601
126607 1778895p 287 22.8948017993 11.6428403379 57050.2516792 r.MP9601
127083 1645240p 287 16.2332007344 4.0275920254 56506.5241012 r.MP9601
127083 1645251p 287 16.2370265286 4.02750898491 56506.5668078 r.MP9601
129900 1651335p 287 24.5097575494 13.0127354239 56537.4172125 r.MP9601
129900 1651346p 287 24.5070499837 13.0130482982 56537.4605336 r.MP9601
129900 1651490p 287 24.4435018121 13.019248505 56538.4365588 r.MP9601
129900 1651502p 287 24.440315826 13.0194945771 56538.483183 r.MP9601
137111 1692658p 387 240.302713441 -14.7185507072 56722.5760909 r.MP9601
137111 1704850p 287 239.309944106 -12.8820207591 56777.4325564 r.MP9601
137111 1704863p 287 239.300799633 -12.8794284007 56777.4838338 r.MP9601
137111 1704876p 287 239.291566808 -12.8768109954 56777.5356067 r.MP9601
137111 1705713p 287 238.361157863 -12.6287361216 56782.4835193 r.MP9601
137111 1705892p 287 238.176478721 -12.5826256717 56783.4155231 r.MP9601
137111 1705907p 287 238.163107126 -12.5793384879 56783.482381 r.MP9601
137111 1705922p 287 238.147883326 -12.5755959704 56783.5585 r.MP9601
137111 1716715p 287 233.10372993 -11.6280154867 56807.3971895 r.MP9601
137111 1716966p 287 232.899154577 -11.6027640258 56808.4241118 r.MP9601
137111 1717103p 287 232.72478979 -11.5822279683 56809.3122414 r.MP9601
137111 1717114p 287 232.716384784 -11.581266022 56809.355529 r.MP9601
137111 1717125p 287 232.708053884 -11.5803125571 56809.3984349 r.MP9601
137111 1721425p 287 229.686385079 -11.493615966 56829.3657207 r.MP9601
137111 1721435p 287 229.682545625 -11.4941775739 56829.4046013 r.MP9601
138293 1686685p 387 216.053147236 -14.0610881492 56689.6428131 r.MP9601
138293 1686794p 387 216.220674819 -14.1307005513 56690.6406505 r.MP9601
138293 1686861p 387 216.375272562 -14.1953836522 56691.5852292 r.MP9601
138293 1691685p 287 218.718895951 -15.3024718896 56712.6128697 r.MP9601
138293 1691920p 287 218.771126029 -15.3375239322 56713.5959219 r.MP9601
138293 1692339p 287 218.894379811 -15.4335390524 56716.5438943 r.MP9601
138293 1698857p 387 216.163697678 -15.3912621338 56752.5642786 r.MP9601
138293 1704643p 387 211.196392699 -14.2887829195 56776.3201085 r.MP9601
138293 1704644p 387 211.195278641 -14.2885054561 56776.3251533 r.MP9601
138293 1704651p 387 211.187462284 -14.2865587408 56776.3605481 r.MP9601
138293 1704652p 387 211.186349847 -14.286281681 56776.3655856 r.MP9601
138293 1704659p 387 211.178551368 -14.2843394184 56776.4008995 r.MP9601
138293 1704660p 387 211.177438808 -14.2840623278 56776.4059375 r.MP9601
139621 1717291p 287 244.048674785 -13.7626100619 56810.4651057 r.MP9601
139621 1723209p 287 239.087994517 -13.6219178109 56838.4268593 r.MP9601
139621 1723393p 287 238.97982039 -13.6373932303 56839.3871415 r.MP9601
139621 1728436p 287 237.968989259 -14.1330094942 56856.3569877 r.MP9601
150034 1752106p 387 24.1608582819 11.9981989065 56955.4513145 r.MP9601
150034 1778901p 287 25.01579616 13.0829470672 57050.2754086 r.MP9601
150506 1616725p 287 239.076110961 -13.0519150201 56391.5511569 r.MP9601
150506 1616921p 287 238.991293974 -13.0035651591 56392.520251 r.MP9601
150506 1616931p 287 238.987614789 -13.0015192836 56392.5609424 r.MP9601
150506 1617938p 287 237.947517154 -12.5230141668 56401.565745 r.MP9601
159671 1645235p 287 14.3114798114 4.2015343063 56506.5046741 r.MP9601
159671 1645246p 287 14.313581001 4.20286387259 56506.5474102 r.MP9601
159671 1646580p 287 14.5249938703 4.39490504072 56515.5036778 r.MP9601
159671 1651053p 287 13.3229882856 4.20597047798 56535.5367549 r.MP9601
159671 1651054p 287 13.3224606241 4.20583402459 56535.5412616 r.MP9601
159671 1651064p 287 13.3178709106 4.20464712359 56535.580462 r.MP9601
159671 1651164p 287 13.2164236197 4.17806193538 56536.4271541 r.MP9601
159671 1651174p 287 13.2116668019 4.1767999225 56536.4659853 r.MP9601
159671 1651845p 287 12.6871636775 4.03461902665 56540.4221784 r.MP9601
159671 1651855p 287 12.6816086858 4.03307507367 56540.4610471 r.MP9601
161408 1778499p 387 219.410531229 -13.7208014818 57048.6479896 r.MP9601
163876 1778494p 387 216.715237681 -15.1956123858 57048.6225432 r.MP9601
168686 1691684p 287 216.792570061 -15.6042290676 56712.6089857 r.MP9601
168686 1691919p 287 216.842365465 -15.6097402082 56713.5920441 r.MP9601
168686 1692338p 287 216.957033785 -15.6135444193 56716.5400151 r.MP9601
168686 1698854p 287 214.159100854 -14.1386072421 56752.5451766 r.MP9601
168686 1698855p 387 214.157581962 -14.1379280926 56752.5540031 r.MP9601
171404 1706031p 387 191.90435771 -3.48538516257 56784.4348455 r.MP9601
171404 1706032p 387 191.903698775 -3.48528023663 56784.439882 r.MP9601
171404 1706033p 387 191.903039941 -3.48517532685 56784.4449176 r.MP9601
178042 1715889p 287 242.02440019 -13.7855967628 56802.4767621 r.MP9601
178042 1717293p 287 240.31460548 -13.4661082594 56810.4729478 r.MP9601
178042 1728612p 287 235.023522053 -13.4023278041 56857.357904 r.MP9601
179354 1631608p 287 209.366158569 -11.9497326104 56456.2496404 r.MP9601
179354 1631618p 287 209.364725787 -11.9485639096 56456.2900954 r.MP9601
179354 1635763p 287 209.788063304 -11.7961390421 56477.2711645 r.MP9601
179354 1636121p 287 209.947619214 -11.8278760564 56479.2780879 r.MP9601
179354 1645163p 287 213.84523815 -12.8973024335 56506.2585179 r.MP9601
179354 1645695p 287 214.459017001 -13.07755195 56509.2711127 r.MP9601
186619 1774993p 387 11.6392170965 4.18514070025 57040.2406386 r.MP9601
191853 1681941p 387 24.8853641867 14.6800872497 56659.2152939 r.MP9601
191853 1681954p 287 24.8936895697 14.6815683152 56659.2691509 r.MP9601
191853 1681966p 387 24.9020827776 14.6830614465 56659.3234465 r.MP9601
192160 1722363p 287 13.4413880991 4.04866188794 56833.5888678 r.MP9601
192160 1722510p 287 13.696215636 4.12786747854 56834.5877135 r.MP9601
192160 1729018p 287 19.4949338061 5.63710911542 56862.5686752 r.MP9601
192160 1734904p 287 21.8260602008 5.4389799173 56891.544482 r.MP9601
192160 1734913p 387 21.8260762923 5.43737076697 56891.5831016 r.MP9601
192160 1736202p 287 21.7502742514 5.19479503831 56896.6191685 r.MP9601
192750 1658020p 287 22.9366053805 13.0464835278 56572.3666279 r.MP9601
192750 1658150p 287 22.7002948426 12.9866042862 56573.4858396 r.MP9601
202133 1658263p 287 19.5660480281 10.6274080361 56574.4124706 r.MP9601
202133 1658264p 287 19.5627447897 10.6264805884 56574.4277164 r.MP9601
202133 1658265p 287 19.5618862167 10.6262395275 56574.431679 r.MP9601
202133 1658266p 287 19.5588509035 10.625387305 56574.4456881 r.MP9601
210112 1691676p 287 217.464873429 -12.7918350407 56712.5778631 r.MP9601
210112 1691682p 287 217.465710548 -12.7923022699 56712.6012246 r.MP9601
210112 1691909p 287 217.496652181 -12.8104667835 56713.547469 r.MP9601
210112 1691917p 287 217.497771769 -12.811151828 56713.5842773 r.MP9601
210112 1692183p 287 217.546928782 -12.8460754832 56715.6584239 r.MP9601
210112 1692336p 287 217.560207872 -12.858633026 56716.5322223 r.MP9601
210112 1698318p 287 215.631937074 -12.594069353 56744.4416696 r.MP9601
210112 1698319p 287 215.631361105 -12.5939456986 56744.4455744 r.MP9601
210112 1698328p 287 215.626174826 -12.5928322602 56744.4807356 r.MP9601
210112 1698329p 287 215.625599549 -12.5927087544 56744.4846358 r.MP9601
210867 1704852p 287 240.822173945 -12.920401061 56777.4403511 r.MP9601
210867 1704865p 287 240.813457 -12.917295023 56777.4918798 r.MP9601
210867 1704878p 287 240.804697126 -12.9141736887 56777.5436623 r.MP9601
210867 1704879p 287 240.803842528 -12.9138691767 56777.5487141 r.MP9601
210867 1705891p 287 239.742181563 -12.5620828431 56783.4116361 r.MP9601
210867 1705906p 287 239.729338019 -12.5580895502 56783.4785006 r.MP9601
210867 1705921p 287 239.714729204 -12.5535474025 56783.5545551 r.MP9601
210867 1715401p 287 236.391209768 -11.6800356718 56799.4818115 r.MP9601
210867 1716718p 287 234.718038304 -11.3431503644 56807.4096083 r.MP9601
210867 1716972p 287 234.507435971 -11.3060033573 56808.4475231 r.MP9601
210867 1716977p 287 234.503499844 -11.3053188134 56808.4670815 r.MP9601
210867 1716980p 287 234.501127933 -11.3049063072 56808.4788674 r.MP9601
210867 1721423p 287 231.137856922 -10.9773453538 56829.3579596 r.MP9601
210867 1721433p 287 231.133599371 -10.9775396147 56829.3968118 r.MP9601
210867 1728590p 287 230.409860454 -11.8549462954 56857.2703852 r.MP9601
217450 1774992p 387 11.8396453281 2.6562180572 57040.2355185 r.MP9601
221304 1729253p 287 23.6569260684 13.7026592692 56863.5049477 r.MP9601
221304 1729263p 287 23.6639418204 13.7061262609 56863.5441967 r.MP9601
221304 1729273p 287 23.6714143921 13.7098190003 56863.5860013 r.MP9601
221304 1735256p 287 26.8056916428 15.5154983653 56893.4742297 r.MP9601
221304 1735272p 287 26.8072068341 15.5175380459 56893.5441616 r.MP9601
221304 1736564p 287 26.8237161652 15.6474510511 56899.4495054 r.MP9601
221304 1736593p 287 26.8220283252 15.6490204461 56899.5561058 r.MP9601
221304 1741574p 287 25.4106751395 15.4636460915 56918.4629926 r.MP9601
221304 1741585p 287 25.4050863252 15.4621628605 56918.5057096 r.MP9601
221304 1778895p 287 22.9763859891 12.0660413126 57050.2516792 r.MP9601
221651 1729480p 287 26.3824078023 13.6822340033 56864.5138912 r.MP9601
221651 1729491p 287 26.3899064992 13.6861636088 56864.5571529 r.MP9601
221651 1742028p 287 27.4324961716 15.86675554 56923.5273475 r.MP9601
221651 1751802p 387 21.4489682796 14.1730231019 56953.4258794 r.MP9601
221651 1778899p 287 23.6046256653 13.6068259365 57050.2674944 r.MP9601
221698 1741575p 287 26.5729721428 13.0817552094 56918.4668749 r.MP9601
221698 1741586p 287 26.567257888 13.0809244766 56918.5095983 r.MP9601
221698 1742020p 287 25.834564012 12.9580294737 56923.4962046 r.MP9601
221698 1775271p 387 20.11891096 11.6972131378 57041.2580631 r.MP9601
221698 1775280p 387 20.1293441028 11.7011255663 57041.3040916 r.MP9601
221698 1778893p 287 22.2906890875 12.5073931395 57050.2437764 r.MP9601
223690 1757803p 500 46.9368868769 15.4865205868 56984.4418266 r.MP9601
234006 1658020p 287 22.8139526189 12.863974387 56572.3666279 r.MP9601
234006 1658150p 287 22.5769733096 12.8008102872 56573.4858396 r.MP9601
234716 1672405p 287 21.9163374383 11.2552124816 56630.3743212 r.MP9601
234716 1681666p 287 22.5172041749 11.746461009 56655.2469916 r.MP9601
234716 1681667p 287 22.5176805639 11.7466803632 56655.2518362 r.MP9601
234716 1681850p 287 22.6263303404 11.7966164343 56656.3381238 r.MP9601
234716 1681851p 287 22.6268156332 11.7968386165 56656.3428013 r.MP9601
234716 1681945p 287 22.946289334 11.9406716379 56659.2337784 r.MP9601
234716 1681957p 287 22.9519214853 11.9431573725 56659.2808765 r.MP9601
234716 1681973p 387 22.9616487502 11.9474504744 56659.3622195 r.MP9601
234716 1682234p 387 23.0681320673 11.9943387421 56660.2417232 r.MP9601
235581 1729260p 287 21.9018093678 13.1725415374 56863.5324452 r.MP9601
235581 1729270p 287 21.9081364832 13.1758004352 56863.5740481 r.MP9601
235581 1729280p 287 21.9144652826 13.1790602003 56863.6156621 r.MP9601
235581 1735250p 287 24.2624487952 14.6750935169 56893.4461274 r.MP9601
235581 1735266p 287 24.2622331707 14.6764899424 56893.5200558 r.MP9601
235581 1741554p 287 22.390164834 14.3725175824 56918.3832497 r.MP9601
235581 1741555p 287 22.3894326199 14.3722932625 56918.3883286 r.MP9601
235581 1741565p 287 22.3837200458 14.3705431675 56918.4279534 r.MP9601
236336 1645241p 287 16.8467082408 5.43943768632 56506.5279806 r.MP9601
236336 1645252p 287 16.8505877419 5.43963937292 56506.5706907 r.MP9601
236336 1650816p 287 17.2341613281 4.59586473831 56534.4529108 r.MP9601
236336 1650817p 287 17.233846974 4.59555367937 56534.4576557 r.MP9601
236336 1651033p 287 17.1648869877 4.52912167943 56535.4555818 r.MP9601
236336 1651049p 287 17.1601278901 4.52467256142 56535.5212245 r.MP9601
236336 1651680p 287 16.8329842585 4.24082121543 56539.4354087 r.MP9601
236336 1651697p 287 16.8259022363 4.23503912387 56539.5102847 r.MP9601
236857 1778498p 387 217.103759103 -13.7284757028 57048.642903 r.MP9601
240189 1778498p 387 216.767123212 -14.0104008797 57048.642903 r.MP9601
240715 1778499p 387 219.613947788 -13.8874106484 57048.6479896 r.MP9601
246545 1646292p 287 20.2004577876 12.5413781539 56512.5711885 r.MP9601
246545 1646293p 287 20.200825347 12.5415925635 56512.5759828 r.MP9601
246545 1646304p 287 20.2042004381 12.5435613667 56512.6200057 r.MP9601
246545 1651185p 287 20.3524506403 12.9065026714 56536.510179 r.MP9601
246545 1651195p 287 20.3498782306 12.9058770959 56536.5490078 r.MP9601
246545 1651364p 287 20.2816245015 12.8885551038 56537.5323769 r.MP9601
246545 1651365p 287 20.2811388874 12.8884278523 56537.5391137 r.MP9601
246545 1651369p 287 20.2800103475 12.888132127 56537.5547697 r.MP9601
246545 1651376p 287 20.2780506142 12.8876185938 56537.5819568 r.MP9601
246545 1651499p 287 20.2111756429 12.869505467 56538.4715426 r.MP9601
246545 1651511p 287 20.2075470441 12.8684964448 56538.5181128 r.MP9601
256342 1616319p 287 215.328905065 -13.0030297352 56389.3991637 r.MP9601
256342 1616330p 287 215.320774429 -13.0014706022 56389.4430143 r.MP9601
256342 1616506p 287 215.135847335 -12.9658397184 56390.431644 r.MP9601
256342 1616517p 287 215.127291213 -12.964181263 56390.4768746 r.MP9601
256342 1616684p 287 214.955210829 -12.9307116946 56391.3782198 r.MP9601
256342 1616695p 287 214.946852548 -12.9290784672 56391.4214523 r.MP9601
256342 1616706p 287 214.938509247 -12.9274481671 56391.4646073 r.MP9601
257075 1616915p 287 237.400994242 -13.0552449949 56392.4958001 r.MP9601
257075 1616925p 287 237.39745266 -13.0528951297 56392.5360835 r.MP9601
257075 1617934p 287 236.362615862 -12.4962371955 56401.5497677 r.MP9601
257077 1630540p 287 238.068261602 -12.3104906923 56447.3890171 r.MP9601
257077 1630869p 287 237.675870777 -12.2644931487 56449.3924298 r.MP9601
257540 1768989p 287 14.5813300996 4.03096021482 57008.2666317 r.MP9601
260904 1630542p 287 239.335082618 -13.3594207851 56447.3971637 r.MP9601
260904 1630871p 287 238.928043852 -13.2997604152 56449.4006128 r.MP9601
261307 1769005p 287 11.4487694556 4.23233470473 57008.3472395 r.MP9601
261307 1769006p 287 11.4492457377 4.23247109709 57008.3511676 r.MP9601
262700 1616728p 287 239.72270499 -13.675809446 56391.5631718 r.MP9601
262700 1616924p 287 239.639673456 -13.6410667169 56392.5319986 r.MP9601
262700 1616934p 287 239.636055383 -13.6395876303 56392.5729579 r.MP9601
262700 1617940p 287 238.60264735 -13.288910794 56401.5737915 r.MP9601
262700 1624860p 287 236.034185436 -12.6523656852 56416.4252177 r.MP9601
262927 1630754p 287 241.033150024 -12.6986670498 56448.4766934 r.MP9601
262927 1630857p 287 240.854616015 -12.6815703103 56449.3433365 r.MP9601
262927 1630878p 287 240.837085939 -12.679955073 56449.4288491 r.MP9601
262927 1635431p 287 236.812950577 -12.6864725742 56475.3283955 r.MP9601
262927 1635592p 287 236.720241895 -12.7085153392 56476.3661138 r.MP9601
263250 1691927p 387 239.745838094 -15.0138585844 56713.6303013 r.MP9601
263250 1692360p 387 240.229559551 -15.0099629338 56716.6484944 r.MP9601
263250 1704850p 287 239.474415034 -12.8597378225 56777.4325564 r.MP9601
263250 1704863p 287 239.465356023 -12.8568748332 56777.4838338 r.MP9601
263250 1704876p 287 239.456209486 -12.8539841823 56777.5356067 r.MP9601
263250 1705713p 287 238.537984794 -12.5782721252 56782.4835193 r.MP9601
263250 1705892p 287 238.356197131 -12.5267530308 56783.4155231 r.MP9601
263250 1705907p 287 238.343048396 -12.5230572705 56783.482381 r.MP9601
263250 1705922p 287 238.328078326 -12.5188495813 56783.5585 r.MP9601
263250 1716715p 287 233.342314434 -11.3968174656 56807.3971895 r.MP9601
263250 1716969p 287 233.134818649 -11.3621047161 56808.4357883 r.MP9601
263250 1717103p 287 232.961899488 -11.3338969334 56809.3122414 r.MP9601
263250 1717114p 287 232.953440373 -11.3325502086 56809.355529 r.MP9601
263250 1717125p 287 232.945055841 -11.3312153577 56809.3984349 r.MP9601
263250 1721426p 287 229.801843794 -11.0453262295 56829.3696019 r.MP9601
263250 1721426p 287 229.801843794 -11.0453262295 56829.3696019 r.MP9601
263250 1721436p 287 229.797566877 -11.0454774336 56829.4084829 r.MP9601
263250 1728596p 287 228.914743449 -11.8354129594 56857.2938827 r.MP9601
263250 1728600p 287 228.915530964 -11.8362296419 56857.3100369 r.MP9601
263662 1630543p 287 239.247927045 -12.5518669879 56447.4011595 r.MP9601
263662 1630872p 287 238.839146749 -12.5169261614 56449.4046635 r.MP9601
268421 1735251p 287 25.8326875038 13.129666981 56893.4500091 r.MP9601
268421 1735267p 287 25.8327183068 13.1322133658 56893.5239364 r.MP9601
268421 1736559p 287 25.7286415337 13.2972159789 56899.4282795 r.MP9601
268421 1736588p 287 25.7247152508 13.2995326362 56899.5365908 r.MP9601
268421 1741570p 287 23.9502982655 13.2960147871 56918.4474274 r.MP9601
268421 1741581p 287 23.9439564016 13.2950765713 56918.4901816 r.MP9601
268421 1742009p 287 23.1471238869 13.1587239505 56923.4503679 r.MP9601
268421 1775266p 387 18.5824578878 11.7290134083 57041.2325025 r.MP9601
268421 1775275p 387 18.5932798698 11.7328962509 57041.2786353 r.MP9601
268421 1778890p 287 20.8190803645 12.5317524914 57050.2303205 r.MP9601
269765 1667736p 287 15.7630927163 5.50425410749 56596.2663076 r.MP9601
269765 1667747p 287 15.7553552182 5.50266144277 56596.3090956 r.MP9601
269765 1667758p 287 15.7476290887 5.50107111809 56596.3518207 r.MP9601
269765 1667864p 287 15.5809733569 5.46694642919 56597.2811942 r.MP9601
269765 1667893p 387 15.558577924 5.46241781087 56597.4085616 r.MP9601
269765 1668260p 287 14.8833100975 5.33323879085 56601.4588154 r.MP9601
272949 1667917p 387 25.1403960337 14.6124338776 56597.5306697 r.MP9601
272949 1671669p 387 21.2147948535 13.2194201889 56623.3613715 r.MP9601
272949 1672213p 387 20.8694083453 13.0541237104 56629.3046663 r.MP9601
272949 1672398p 287 20.8327825704 13.0329887265 56630.3468744 r.MP9601
272949 1681665p 287 22.0036407198 13.2503772116 56655.243085 r.MP9601
272949 1681852p 287 22.1394845097 13.290599949 56656.3467634 r.MP9601
272949 1681853p 387 22.1401449757 13.2907962842 56656.3519605 r.MP9601
272949 1681854p 387 22.1410322994 13.2910600569 56656.3589427 r.MP9601
272949 1681946p 287 22.5259494133 13.4073089173 56659.2376567 r.MP9601
272949 1681958p 287 22.5326617058 13.4093631666 56659.2847605 r.MP9601
272949 1681974p 387 22.5444197337 13.4129616274 56659.367273 r.MP9601
272949 1682226p 287 22.6653076683 13.4500180737 56660.2077138 r.MP9601
272949 1682236p 287 22.6715866297 13.4519518759 56660.2501631 r.MP9601
272949 1682249p 387 22.6809264177 13.4548283552 56660.3133054 r.MP9601
273047 1681670p 287 23.2778094723 12.006586073 56655.2635904 r.MP9601
273047 1681856p 387 23.398347412 12.0627852793 56656.3691284 r.MP9601
273047 1681948p 287 23.7434736065 12.2193914681 56659.2454555 r.MP9601
273047 1681960p 287 23.7495744028 12.2220985739 56659.2925356 r.MP9601
273047 1682228p 287 23.8702519144 12.2755877049 56660.2154941 r.MP9601
273047 1682238p 287 23.875962351 12.2781099617 56660.2579246 r.MP9601
273047 1682251p 387 23.8847742926 12.2820021299 56660.3234003 r.MP9601
274444 1671900p 387 22.040849894 14.198089776 56625.24415 r.MP9601
274444 1672407p 287 21.8320714309 13.9522310287 56630.3823376 r.MP9601
274444 1681671p 287 23.2245778387 13.6776265836 56655.2674739 r.MP9601
274444 1681672p 287 23.2251722276 13.6777136597 56655.272017 r.MP9601
274444 1681673p 287 23.2257863726 13.6778036299 56655.2767111 r.MP9601
274444 1681857p 387 23.3715527296 13.6996696684 56656.3741663 r.MP9601
274444 1681949p 287 23.7842794851 13.7688714909 56659.2493737 r.MP9601
274444 1681961p 287 23.7914534663 13.770178227 56659.2964162 r.MP9601
274444 1681962p 387 23.7924374274 13.7703574549 56659.3028684 r.MP9601
274444 1682229p 287 23.9333014336 13.7962425104 56660.2193742 r.MP9601
274444 1682239p 287 23.9399843065 13.7975036522 56660.2618051 r.MP9601
274444 1682252p 387 23.9508382015 13.7995519181 56660.3307187 r.MP9601
274444 1682253p 387 23.951773385 13.7997283989 56660.3366564 r.MP9601
274444 1682254p 387 23.9527357433 13.799910008 56660.3427666 r.MP9601
274444 1682255p 387 23.9537059184 13.8000930922 56660.3489265 r.MP9601
274464 1657411p 287 21.5688361335 11.8015284445 56568.4916533 r.MP9601
274464 1657501p 287 21.3376187837 11.7458491422 56569.5857155 r.MP9601
274464 1658260p 287 20.2929000741 11.4818408512 56574.4008314 r.MP9601
277775 1681941p 387 24.7395592905 14.7151604535 56659.2152939 r.MP9601
277775 1681954p 287 24.746224085 14.7163123933 56659.2691509 r.MP9601
277775 1681966p 387 24.752943176 14.7174737177 56659.3234465 r.MP9601
286458 1768983p 287 17.8637490919 3.17422731883 57008.2430404 r.MP9601
290499 1722514p 287 12.2471013972 4.45192289042 56834.6033394 r.MP9601
290499 1729718p 287 17.69533925 7.19727252512 56865.5956081 r.MP9601
290819 1735069p 287 22.2764656849 13.9032863683 56892.5602945 r.MP9601
290819 1735081p 287 22.2763091557 13.9046559986 56892.6072533 r.MP9601
290819 1736159p 287 22.2155085377 13.9972867082 56896.4526398 r.MP9601
290819 1736186p 287 22.2127762618 13.9991350124 56896.5490731 r.MP9601
293367 1729020p 287 18.7339007654 7.39593674974 56862.5765295 r.MP9601
293367 1729721p 287 19.1553057277 7.49471744241 56865.6073158 r.MP9601
293367 1752347p 287 11.7317305969 1.88262900807 56957.2894166 r.MP9601
293367 1774674p 387 16.1475134559 3.576980919 57039.2436666 r.MP9601
295438 1729011p 287 16.0125699504 5.56469233125 56862.5414084 r.MP9601
295438 1729712p 287 16.3914449655 5.63350471647 56865.5720701 r.MP9601
295438 1734909p 287 17.7132445848 5.32912414747 56891.5642599 r.MP9601
295438 1736284p 287 17.4885249747 5.02781406946 56897.4144781 r.MP9601
295438 1736287p 287 17.4878703249 5.02712359306 56897.4262031 r.MP9601
297181 1774675p 387 12.7336204551 2.63224740981 57039.2487676 r.MP9601
298671 1686685p 387 215.955141632 -14.1751173833 56689.6428131 r.MP9601
298671 1686794p 387 216.115036607 -14.211745714 56690.6406505 r.MP9601
298671 1686861p 387 216.26255001 -14.244880116 56691.5852292 r.MP9601
298671 1691685p 287 218.459070877 -14.5725090816 56712.6128697 r.MP9601
298671 1691920p 287 218.505814785 -14.5676349002 56713.5959219 r.MP9601
298671 1704645p 387 211.388124326 -10.7304678338 56776.3302311 r.MP9601
298671 1704646p 387 211.387110345 -10.7300087784 56776.3352695 r.MP9601
298671 1704653p 387 211.379995038 -10.7267874935 56776.3706251 r.MP9601
298671 1704654p 387 211.378981145 -10.726328478 56776.375663 r.MP9601
298671 1704661p 387 211.371874211 -10.7231109839 56776.410977 r.MP9601
298671 1704662p 387 211.37086032 -10.7226519689 56776.416015 r.MP9601
301530 1686684p 387 215.16286828 -13.9652468219 56689.6377584 r.MP9601
301530 1686793p 387 215.315037628 -14.0325504634 56690.6356086 r.MP9601
303123 1691674p 287 214.343107803 -11.332985672 56712.5701027 r.MP9601
303123 1691907p 287 214.374299574 -11.3541715273 56713.5397039 r.MP9601
303123 1692181p 287 214.422364363 -11.3944410005 56715.6505969 r.MP9601
303123 1698183p 287 212.44325295 -11.1775903852 56743.4167376 r.MP9601
303123 1698312p 287 212.286805474 -11.1457441174 56744.4179761 r.MP9601
303123 1698322p 287 212.280551488 -11.144456211 56744.4572681 r.MP9601
305278 1716973p 287 235.898807151 -14.3279145429 56808.451406 r.MP9601
305278 1717110p 287 235.711939671 -14.3180776768 56809.3400096 r.MP9601
305278 1717121p 287 235.702985721 -14.3176249156 56809.3829027 r.MP9601
305278 1717132p 287 235.694027381 -14.3171719323 56809.4258169 r.MP9601
305825 1691672p 287 212.646820417 -13.5413556579 56712.5623421 r.MP9601
305825 1691902p 287 212.658733853 -13.5310104632 56713.5200542 r.MP9601
305825 1691905p 287 212.658847779 -13.5308684681 56713.5319422 r.MP9601
305825 1691913p 387 212.659192316 -13.5304390454 56713.5678939 r.MP9601
305825 1691923p 387 212.659592359 -13.5299404409 56713.6096375 r.MP9601
305825 1692176p 287 212.665768689 -13.5009445307 56715.6310291 r.MP9601
305825 1692179p 287 212.665744149 -13.5007547496 56715.6428086 r.MP9601
305943 1686683p 387 218.931984836 -15.1549482477 56689.6327123 r.MP9601
305943 1686792p 387 219.132242209 -15.2372219224 56690.6305048 r.MP9601
305943 1686859p 387 219.317988501 -15.3139916723 56691.5751547 r.MP9601
309538 1691927p 387 240.387065307 -14.6954932411 56713.6303013 r.MP9601
309538 1705080p 287 241.497061403 -13.5148260128 56778.413836 r.MP9601
309538 1705093p 287 241.487998287 -13.5129405419 56778.4652579 r.MP9601
309538 1705107p 287 241.477659816 -13.5107897489 56778.5239159 r.MP9601
309538 1705563p 287 240.952121971 -13.4055850795 56781.4037688 r.MP9601
309538 1705565p 287 240.950633479 -13.405298115 56781.4116549 r.MP9601
309538 1705576p 287 240.94256086 -13.4037418042 56781.4544237 r.MP9601
309538 1705578p 287 240.941095622 -13.4034593228 56781.4621866 r.MP9601
309538 1705589p 287 240.932998304 -13.4018982503 56781.5050862 r.MP9601
309538 1705591p 287 240.931527692 -13.401614733 56781.5128776 r.MP9601
309538 1715398p 287 237.140231956 -12.8270143646 56799.4697614 r.MP9601
309538 1715403p 287 237.135720781 -12.8264989635 56799.4901509 r.MP9601
309538 1715689p 287 236.704343224 -12.7790141229 56801.4470138 r.MP9601
309538 1715691p 287 236.702504328 -12.7788187183 56801.4553883 r.MP9601
309538 1716721p 287 235.416898655 -12.6616460879 56807.4223523 r.MP9601
309538 1716974p 287 235.201545666 -12.6460497371 56808.4553127 r.MP9601
309538 1716978p 287 235.198303956 -12.6458279701 56808.4709668 r.MP9601
309538 1717119p 287 235.012022147 -12.6334369191 56809.3750445 r.MP9601
309538 1717130p 287 235.003246863 -12.6328769213 56809.4179379 r.MP9601
309538 1721591p 287 231.625856711 -12.7045152196 56830.3059841 r.MP9601
309538 1721602p 287 231.621254019 -12.7054191073 56830.3487998 r.MP9601
312726 1607618p 287 214.429965635 -13.7924378066 56331.5835685 r.MP9601
312726 1607632p 287 214.439549305 -13.7944187888 56331.6478166 r.MP9601
312726 1607633p 287 214.440168036 -13.7945466829 56331.6519645 r.MP9601
312726 1607634p 287 214.440782708 -13.7946737378 56331.6560852 r.MP9601
312726 1607635p 287 214.441361313 -13.7947933378 56331.6599641 r.MP9601
312726 1607636p 287 214.441939975 -13.7949129496 56331.6638434 r.MP9601
312726 1615934p 287 213.906469212 -12.1932664227 56386.5265835 r.MP9601
312726 1616317p 287 213.419541942 -11.9411781293 56389.3912307 r.MP9601
312726 1616328p 287 213.411841622 -11.9372367334 56389.4350239 r.MP9601
312726 1616500p 287 213.239434174 -11.8491196537 56390.4078093 r.MP9601
312740 1616499p 287 212.484856111 -13.6386146829 56390.4039309 r.MP9601
314293 1630545p 287 240.328101223 -13.8029974952 56447.4093001 r.MP9601
314293 1630874p 287 239.924235862 -13.7331894528 56449.4126497 r.MP9601
314334 1626166p 287 215.346563774 -11.9843971469 56423.4821748 r.MP9601
314334 1626302p 287 215.15422206 -11.9016928789 56424.4844259 r.MP9601
314334 1635771p 287 211.792156939 -10.2850792978 56477.3028547 r.MP9601
314334 1636129p 287 211.969999537 -10.3441141232 56479.3113986 r.MP9601
315802 1616723p 287 238.302307817 -12.560239247 56391.543291 r.MP9601
315802 1616919p 287 238.215521148 -12.5092040719 56392.512384 r.MP9601
315802 1616929p 287 238.211771806 -12.5070535486 56392.5529174 r.MP9601
315802 1617921p 287 237.149197364 -12.0078200886 56401.4968789 r.MP9601
315802 1617935p 287 237.141044843 -12.0045180016 56401.5537569 r.MP9601
317204 1778097p 387 26.019642949 14.2810700746 57046.2562031 r.MP9601
317204 1778106p 387 26.0346127994 14.2850474389 57046.3218843 r.MP9601
318915 1728798p 287 12.9249570742 4.48422040369 56861.5793118 r.MP9601
318915 1729709p 287 13.3738732798 4.73661641531 56865.5599023 r.MP9601
318915 1734918p 387 14.1263347014 5.57619482251 56891.6084468 r.MP9601
318915 1735075p 287 14.0744965128 5.57814849394 56892.5836445 r.MP9601
320000 1778901p 287 25.2198180149 12.7473031635 57050.2754086 r.MP9601
320116 1751524p 287 25.5371968822 15.2059470863 56952.2987263 r.MP9601
320116 1751535p 287 25.5271395944 15.2028613276 56952.3444412 r.MP9601
320116 1751546p 287 25.5175128525 15.1999076681 56952.3881992 r.MP9601
320116 1751811p 387 25.2794101934 15.126531306 56953.4713767 r.MP9601
320116 1752113p 387 24.8385910728 14.9878249487 56955.4873207 r.MP9601
320116 1757097p 387 20.3765443212 13.3399928895 56980.2552326 r.MP9601
320116 1757120p 387 20.3604029697 13.332843274 56980.3865521 r.MP9601
320116 1757545p 287 20.1415684492 13.2348416224 56982.2313596 r.MP9601
320116 1757586p 287 20.1234703678 13.2265887179 56982.3928294 r.MP9601
320801 1645486p 287 219.477283542 -15.3549667171 56508.2800009 r.MP9601
323945 1722733p 287 16.8649589062 5.29421863132 56835.5861562 r.MP9601
323945 1722896p 287 17.1082125642 5.40255580523 56836.591194 r.MP9601
327355 1751779p 287 11.3851265987 2.26124473458 56953.3227847 r.MP9601
327355 1751780p 287 11.3844666057 2.26088885602 56953.326667 r.MP9601
327355 1774674p 387 15.7747576221 3.67030721522 57039.2436666 r.MP9601
329170 1631660p 287 241.879828584 -13.8773394066 56456.4628058 r.MP9601
343580 1778492p 387 220.943566484 -15.578744347 57048.612292 r.MP9601
344481 1778495p 387 218.12912157 -14.8448620036 57048.6276336 r.MP9601
353520 1698860p 387 219.294733852 -15.0893185084 56752.5797488 r.MP9601
356551 1715377p 287 212.717009256 -13.2607258187 56799.3855021 r.MP9601
356551 1716260p 287 211.865425174 -12.8512003758 56805.3582397 r.MP9601
356551 1716263p 287 211.863924641 -12.8504574409 56805.3699702 r.MP9601
358270 1717292p 287 243.352742256 -13.1090046833 56810.4690146 r.MP9601
358270 1721619p 287 239.549183988 -12.9399736454 56830.4047783 r.MP9601
358270 1723208p 287 238.478611755 -13.0371972408 56838.4228798 r.MP9601
358270 1723209p 287 238.478167381 -13.0372701978 56838.4268593 r.MP9601
358270 1728434p 287 237.396840349 -13.6015229635 56856.3489476 r.MP9601
358270 1728436p 287 237.396786749 -13.6018780677 56856.3569877 r.MP9601
359782 1692664p 387 243.041174577 -14.9648794694 56722.6063219 r.MP9601
359782 1692838p 387 243.180812655 -14.954055297 56723.5809745 r.MP9601
359782 1705079p 287 242.143601827 -12.8775308565 56778.4099417 r.MP9601
359782 1705085p 287 242.139470558 -12.876278957 56778.4336619 r.MP9601
359782 1705092p 287 242.134654231 -12.874819464 56778.4613154 r.MP9601
359782 1705098p 287 242.130559225 -12.8735785532 56778.4848274 r.MP9601
359782 1705106p 287 242.124430492 -12.8717213611 56778.5200163 r.MP9601
359782 1705112p 287 242.12002173 -12.8703853728 56778.5453298 r.MP9601
359782 1705574p 287 241.597597539 -12.7180630521 56781.446665 r.MP9601
359782 1705587p 287 241.588233164 -12.7154255954 56781.4971694 r.MP9601
359782 1705600p 287 241.578496971 -12.7126834166 56781.5496793 r.MP9601
359782 1715400p 287 237.871852673 -11.859917809 56799.4779027 r.MP9601
359782 1716975p 287 235.971856059 -11.5478228603 56808.4591932 r.MP9601
359782 1716979p 287 235.96866322 -11.5473788663 56808.4748635 r.MP9601
359782 1721592p 287 232.382640245 -11.3195070912 56830.3098645 r.MP9601
359782 1721603p 287 232.377823527 -11.3198995644 56830.3526798 r.MP9601
359782 1728603p 287 231.39716106 -12.1792095651 56857.3218654 r.MP9601
362845 1626164p 287 214.884746949 -13.6005691225 56423.4742024 r.MP9601
362845 1626297p 287 214.696071473 -13.5152163512 56424.4634988 r.MP9601
362845 1631612p 287 211.014195643 -11.6394168994 56456.2655076 r.MP9601
362845 1631622p 287 211.013183935 -11.638438915 56456.3059759 r.MP9601
362845 1635770p 287 211.766273937 -11.6328088332 56477.29895 r.MP9601
362845 1636128p 287 211.967847888 -11.6824318941 56479.3067507 r.MP9601
362845 1645959p 287 217.731571336 -13.3612318233 56511.2754166 r.MP9601
362845 1646175p 287 217.970585089 -13.4319759274 56512.2419371 r.MP9601
362845 1646179p 287 217.97454909 -13.4331411635 56512.2577668 r.MP9601
364462 1630753p 287 240.574091981 -13.6436269121 56448.4726863 r.MP9601
364462 1630874p 287 240.376947969 -13.6293172814 56449.4126497 r.MP9601
364948 1616725p 287 239.319129384 -13.0091766595 56391.5511569 r.MP9601
364948 1616921p 287 239.232510222 -12.9589424489 56392.520251 r.MP9601
364948 1616931p 287 239.228763218 -12.9568174511 56392.5609424 r.MP9601
364948 1617938p 287 238.165867065 -12.4615157029 56401.565745 r.MP9601
365639 1645167p 287 214.667142841 -11.8163370379 56506.2744815 r.MP9601
365639 1645822p 287 215.517960905 -12.2202759518 56510.2553587 r.MP9601
365639 1645954p 287 215.741065619 -12.3237315838 56511.2551703 r.MP9601
366894 1774991p 387 12.6062505328 3.28506879905 57040.2304544 r.MP9601
374569 1681687p 387 19.3443966174 12.6270868775 56655.3120749 r.MP9601
374572 1672413p 287 23.5010017158 14.8087253269 56630.4060294 r.MP9601
374572 1672609p 387 23.4538719988 14.7686182212 56631.2992 r.MP9601
374572 1681941p 387 24.4709828208 14.4188486892 56659.2152939 r.MP9601
374572 1681954p 287 24.4773783307 14.4198809469 56659.2691509 r.MP9601
374572 1681966p 387 24.4838259433 14.4209216142 56659.3234465 r.MP9601
374583 1671728p 387 22.2774007691 13.4092142009 56624.2699913 r.MP9601
374583 1671900p 387 22.1929777473 13.3747815822 56625.24415 r.MP9601
374583 1672407p 287 21.8461404813 13.2236441583 56630.3823376 r.MP9601
374583 1681668p 287 22.4664034888 13.2835718917 56655.2557982 r.MP9601
374583 1681852p 287 22.5757045162 13.3159696479 56656.3467634 r.MP9601
374583 1681853p 387 22.5762458817 13.3161298921 56656.3519605 r.MP9601
374583 1681854p 387 22.5769731962 13.3163451772 56656.3589427 r.MP9601
374583 1681946p 287 22.8959197805 13.4126689837 56659.2376567 r.MP9601
374583 1681958p 287 22.9015526108 13.4144092077 56659.2847605 r.MP9601
374583 1681974p 387 22.9114197278 13.4174575853 56659.367273 r.MP9601
374583 1682226p 287 23.01304756 13.4488533945 56660.2077138 r.MP9601
374583 1682236p 287 23.0183537246 13.4504924098 56660.2501631 r.MP9601
374583 1682249p 387 23.0262465032 13.4529304014 56660.3133054 r.MP9601
379999 1704850p 287 239.801498367 -13.0758786536 56777.4325564 r.MP9601
379999 1704863p 287 239.792439356 -13.0728874709 56777.4838338 r.MP9601
379999 1704876p 287 239.783292819 -13.0698673878 56777.5356067 r.MP9601
379999 1705713p 287 238.867137727 -12.7816512382 56782.4835193 r.MP9601
379999 1705892p 287 238.686126734 -12.7276586676 56783.4155231 r.MP9601
379999 1705907p 287 238.673033714 -12.7237957623 56783.482381 r.MP9601
379999 1705922p 287 238.658127076 -12.7193977757 56783.5585 r.MP9601
379999 1716715p 287 233.705893084 -11.5314371643 56807.3971895 r.MP9601
379999 1716969p 287 233.500309875 -11.4936719707 56808.4357883 r.MP9601
379999 1717106p 287 233.326782515 -11.4625365583 56809.3241333 r.MP9601
379999 1717117p 287 233.318444448 -11.4610661893 56809.3671684 r.MP9601
379999 1717128p 287 233.310126168 -11.45959931 56809.4101015 r.MP9601
379999 1721426p 287 230.199805796 -11.1110386677 56829.3696019 r.MP9601
379999 1721436p 287 230.195577481 -11.1110602683 56829.4084829 r.MP9601
379999 1728593p 287 229.299716509 -11.8004680085 56857.2821588 r.MP9601
382357 1671901p 387 24.2246408129 12.6711535074 56625.2492662 r.MP9601
382357 1672411p 287 23.8969996434 12.4010827275 56630.3982059 r.MP9601
391656 1686686p 387 216.923604662 -14.7302758621 56689.647863 r.MP9601
391656 1686795p 387 217.105519321 -14.8080995502 56690.645729 r.MP9601
391656 1686862p 387 217.273617815 -14.8804813996 56691.5902666 r.MP9601
393150 1715390p 287 216.259735151 -12.5412917855 56799.4381615 r.MP9601
393150 1716267p 287 215.353168904 -12.1624013455 56805.3855695 r.MP9601
393150 1728415p 287 215.102308034 -11.7799062478 56856.2922088 r.MP9601
