    Object      Image   Exp_time               RA              DEC             time       filter
25 1617721p 287 240.919467322 -12.5334029473 56399.4875248 r.MP9601
25 1617722p 287 240.919161573 -12.5319524882 56399.4928422 r.MP9601
25 1617913p 287 240.79096723 -11.9866144065 56401.4640832 r.MP9601
25 1617926p 287 240.787087064 -11.9717551335 56401.5169946 r.MP9601
4742 1723209p 287 239.428218344 -12.9300678627 56838.4268593 r.MP9601
19169 1728793p 287 14.0963370133 2.61076311506 56861.5597529 r.MP9601
19761 1728590p 287 230.314967698 -11.722441635 56857.2703852 r.MP9601
37717 1729017p 287 17.9137675422 7.06788215602 56862.5647947 r.MP9601
38085 1616194p 287 210.422325268 -10.1590778452 56388.5868402 r.MP9601
47996 1645235p 287 14.7459890827 4.43646174428 56506.5046741 r.MP9601
47996 1645246p 287 14.745508302 4.44220737006 56506.5474102 r.MP9601
47996 1646581p 287 14.3306331178 5.58493631522 56515.5075537 r.MP9601
64969 1607613p 287 212.759751069 -12.1509851675 56331.5641669 r.MP9601
64969 1607624p 287 212.765516132 -12.1472382211 56331.6137588 r.MP9601
64969 1607625p 287 212.766089892 -12.146865311 56331.6186944 r.MP9601
64969 1607626p 287 212.766658191 -12.146495951 56331.623583 r.MP9601
85814 1723397p 287 243.643337507 -14.1389349146 56839.4027546 r.MP9601
120640 1722366p 287 12.4782237137 3.28162695406 56833.600572 r.MP9601
120640 1722513p 287 12.7206115472 3.50281732977 56834.5994251 r.MP9601
155661 1705087p 287 242.514461518 -14.6184734838 56778.4414751 r.MP9601
155661 1705100p 287 242.506195939 -14.6033057215 56778.4926024 r.MP9601
155661 1705114p 287 242.496413981 -14.5853553235 56778.5531094 r.MP9601
155661 1705570p 287 242.002509106 -13.7170693834 56781.4311425 r.MP9601
155661 1705583p 287 241.993338708 -13.7016031014 56781.4816218 r.MP9601
155661 1705596p 287 241.983961633 -13.6857882479 56781.5332387 r.MP9601
161545 1757441p 387 24.5994566265 13.8506144274 56981.2134853 r.MP9601
161545 1757463p 387 24.5799067899 13.8228700485 56981.3539632 r.MP9601
161545 1757550p 287 24.4564782852 13.6463221068 56982.2514129 r.MP9601
161545 1757592p 287 24.434286338 13.6139126172 56982.4178525 r.MP9601
165266 1775264p 387 18.6155047581 9.2964504573 57041.2222067 r.MP9601
165266 1775273p 387 18.6288596317 9.2969251262 57041.2683907 r.MP9601
175814 1646268p 287 11.1171566546 1.70824162173 56512.4759396 r.MP9601
175814 1646278p 287 11.1150216451 1.71219893723 56512.514758 r.MP9601
194213 1715385p 287 214.240449526 -12.138683747 56799.4172843 r.MP9601
194213 1715386p 287 214.239783242 -12.1379764945 56799.4211656 r.MP9601
194263 1607612p 287 212.91635659 -12.7737114706 56331.5602852 r.MP9601
194263 1607623p 287 212.922962609 -12.7700938888 56331.607471 r.MP9601
196450 1645164p 287 213.80986057 -11.9275646247 56506.262518 r.MP9601
196450 1645695p 287 214.890622803 -12.8518091237 56509.2711127 r.MP9601
203432 1635443p 287 240.891607907 -13.020436825 56475.376842 r.MP9601
203432 1635786p 287 240.617905058 -13.4165290121 56477.3681689 r.MP9601
234164 1686655p 500 157.02993676 9.13772091111 56689.539395 r.MP9601
234164 1686656p 500 157.029280671 9.13997750222 56689.545822 r.MP9601
234164 1686657p 500 157.028624173 9.14223549778 56689.552253 r.MP9601
234164 1686658p 500 157.02797186 9.14447909778 56689.558643 r.MP9601
238825 1722437p 287 212.226399798 -12.7584884597 56834.3131665 r.MP9601
238825 1722439p 287 212.226017999 -12.759291215 56834.3209983 r.MP9601
243843 1645172p 287 216.656340806 -13.8450222934 56506.2944737 r.MP9601
243843 1645959p 287 217.975365257 -13.724672918 56511.2754166 r.MP9601
243843 1646175p 287 218.243777343 -13.7074238082 56512.2419371 r.MP9601
243843 1646179p 287 218.248222829 -13.7071643783 56512.2577668 r.MP9601
259397 1645182p 287 243.274590375 -13.3646986977 56506.3341403 r.MP9601
259397 1645489p 287 243.641661704 -13.089730958 56508.2929683 r.MP9601
259397 1645961p 287 244.258317292 -12.6995704608 56511.2837362 r.MP9601
259397 1645962p 287 244.259329683 -12.6989970935 56511.2883643 r.MP9601
259397 1645963p 287 244.260505515 -12.6983311624 56511.2937395 r.MP9601
259397 1645964p 287 244.261682768 -12.697664426 56511.2991212 r.MP9601
259397 1646366p 287 244.705186819 -12.4588649239 56513.2740149 r.MP9601
271518 1671896p 287 13.7419090588 3.09280737613 56625.2239299 r.MP9601
271518 1672372p 287 13.2053263035 4.01968534207 56630.2432467 r.MP9601
271518 1672384p 287 13.2015702384 4.02872625652 56630.2906917 r.MP9601
271518 1672746p 387 13.063279943 4.39707788605 56632.2106863 r.MP9601
303261 1691690p 387 240.56790771 -11.90957903 56712.636593 r.MP9601
303261 1692665p 387 243.271428125 -13.406643414 56722.6113602 r.MP9601
303261 1692839p 387 243.512811226 -13.5578240524 56723.5860118 r.MP9601
313051 1607618p 287 214.177131676 -13.5591712815 56331.5835685 r.MP9601
313051 1607632p 287 214.18085271 -13.5667561232 56331.6478166 r.MP9601
313051 1607633p 287 214.181092943 -13.5672458079 56331.6519645 r.MP9601
313051 1607634p 287 214.181331601 -13.5677322794 56331.6560852 r.MP9601
313051 1607635p 287 214.181556255 -13.5681902072 56331.6599641 r.MP9601
313051 1607636p 287 214.181780931 -13.5686481803 56331.6638434 r.MP9601
318496 1651055p 287 13.0580188019 4.45641587256 56535.5452209 r.MP9601
318496 1651065p 287 13.05359761 4.44766049871 56535.5843754 r.MP9601
318496 1651066p 287 13.0530850621 4.44664549 56535.5889146 r.MP9601
318496 1651165p 287 12.9554808726 4.25678074963 56536.4310383 r.MP9601
318496 1651175p 287 12.9508701559 4.2479583723 56536.4698654 r.MP9601
318496 1651844p 287 12.434384697 3.32493128784 56540.4182995 r.MP9601
318496 1651854p 287 12.4288385459 3.31559607524 56540.4571064 r.MP9601
337240 1716495p 287 230.298979435 -13.2175666053 56806.3587044 r.MP9601
337240 1716505p 287 230.292100434 -13.204909243 56806.3975505 r.MP9601
337240 1716515p 287 230.285223742 -13.1922561297 56806.4363836 r.MP9601
337240 1716734p 287 230.105756273 -12.8591345348 56807.4663047 r.MP9601
337240 1716953p 287 229.951615241 -12.5676456839 56808.3825909 r.MP9601
354081 1706048p 287 217.87806963 16.5071685563 56784.5145512 r.MP9601
354081 1706049p 287 217.876999375 16.5070801767 56784.5184313 r.MP9601
354081 1706050p 287 217.875929596 16.5069918364 56784.5223096 r.MP9601
354852 1728432p 287 237.420597132 -11.2746535556 56856.341043 r.MP9601
358038 1729257p 287 23.1995876703 14.1444899159 56863.5207224 r.MP9601
358038 1729267p 287 23.2141938341 14.1426346162 56863.5622073 r.MP9601
358038 1729267p 287 23.2141938341 14.1426346162 56863.5622073 r.MP9601
358038 1729277p 287 23.22887516 14.1407697693 56863.6039058 r.MP9601
375199 1656884p 287 11.8090334281 1.68169401479 56564.3454028 r.MP9601
375199 1656894p 287 11.8010112032 1.6725504036 56564.38422 r.MP9601
375199 1656905p 287 11.7919528684 1.66222585 56564.4280506 r.MP9601