    Object      Image   Exp_time               RA              DEC             time       filter
5506 1671668p 387 21.1564974571 11.8790109598 56623.3562943 r.MP9601
5506 1672211p 287 20.5911330418 11.7588245103 56629.2940392 r.MP9601
5506 1672396p 287 20.5192145999 11.7466088261 56630.3391174 r.MP9601
5506 1681664p 287 21.200714472 12.2647881577 56655.2391209 r.MP9601
5506 1681848p 287 21.3294848098 12.3216857484 56656.330251 r.MP9601
5506 1681943p 287 21.7073261959 12.4852839092 56659.2259082 r.MP9601
5506 1681955p 287 21.7139898077 12.4881275744 56659.2730842 r.MP9601
5506 1681971p 387 21.7251531143 12.4928914634 56659.3521164 r.MP9601
5506 1682232p 387 21.8508301369 12.5464204911 56660.2316167 r.MP9601
24723 1657927p 287 14.7515491587 5.30647458871 56571.4011386 r.MP9601
24723 1657947p 287 14.7309164347 5.30059592724 56571.4838073 r.MP9601
24723 1658282p 287 13.9757846722 5.08562405517 56574.5127584 r.MP9601
62286 1728593p 287 229.322396515 -11.5813901259 56857.2821588 r.MP9601
65417 1646288p 287 21.3865987857 11.4010854413 56512.5556662 r.MP9601
65417 1646299p 287 21.3963539711 11.4031359715 56512.5993461 r.MP9601
65417 1667734p 287 15.7879296388 4.04720039059 56596.2583657 r.MP9601
65417 1667745p 287 15.7821130606 4.04280961979 56596.3013189 r.MP9601
65417 1667756p 287 15.7763275451 4.03844229726 56596.3440427 r.MP9601
65417 1667862p 287 15.6523587489 3.94462543339 56597.2729418 r.MP9601
65417 1667891p 387 15.6362386089 3.93234839035 56597.3981467 r.MP9601
65417 1668258p 287 15.1682684684 3.56541313124 56601.4510565 r.MP9601
72308 1616728p 287 239.68245242 -13.2072375414 56391.5631718 r.MP9601
72308 1616924p 287 239.573181827 -13.1536300777 56392.5319986 r.MP9601
72308 1616934p 287 239.568454439 -13.1513431822 56392.5729579 r.MP9601
72308 1617937p 287 238.288639879 -12.6217472484 56401.5617563 r.MP9601
73860 1769000p 287 12.7898715754 3.32586974399 57008.3273043 r.MP9601
86641 1667766p 287 19.4435274954 10.4842093425 56596.3850069 r.MP9601
86641 1667875p 287 19.2183108341 10.4329391087 56597.3252267 r.MP9601
86641 1667903p 387 19.1863861949 10.4256452545 56597.4598825 r.MP9601
121080 1691671p 287 213.231867272 -12.1347913946 56712.5584598 r.MP9601
121080 1691904p 287 213.248507436 -12.1668607102 56713.5278135 r.MP9601
121080 1692178p 287 213.259502517 -12.229511225 56715.638792 r.MP9601
130685 1691932p 387 242.10374065 -14.2074047106 56713.6569583 r.MP9601
130685 1692341p 387 242.792657183 -14.200599345 56716.5526474 r.MP9601
130685 1692668p 387 244.12254953 -14.1455355186 56722.6265028 r.MP9601
130685 1692842p 387 244.320562214 -14.1315384961 56723.6011373 r.MP9601
130685 1728607p 287 232.996215051 -11.0592557531 56857.3375261 r.MP9601
130685 1728607p 287 232.996215051 -11.0592557531 56857.3375261 r.MP9601
138018 1646282p 287 20.6089526812 12.9670013218 56512.530388 r.MP9601
138018 1646295p 287 20.6133387259 12.9710088753 56512.583822 r.MP9601
139185 1672377p 287 15.2242519452 3.00137170483 56630.2634242 r.MP9601
139185 1672390p 287 15.2237728544 3.00373812308 56630.3156886 r.MP9601
162743 1645693p 287 213.450798182 -11.5670949199 56509.2632026 r.MP9601
173130 1735067p 287 22.9628728907 12.4170546794 56892.5525311 r.MP9601
173130 1735079p 287 22.9628338145 12.4167811457 56892.5994226 r.MP9601
173130 1736157p 287 22.9099893029 12.3724622308 56896.444852 r.MP9601
173130 1736184p 287 22.9074572586 12.3708277895 56896.5413108 r.MP9601
173130 1774990p 387 16.7225058711 6.43957935544 57040.2253304 r.MP9601
195067 1704846p 287 239.441495316 -12.1797015919 56777.4169924 r.MP9601
195067 1704859p 287 239.430910725 -12.176451374 56777.4683116 r.MP9601
195067 1704872p 287 239.420238341 -12.1731741977 56777.5200565 r.MP9601
195067 1705709p 287 238.355426141 -11.862092192 56782.4663755 r.MP9601
195067 1705710p 287 238.354402187 -11.8618069112 56782.4709604 r.MP9601
195067 1705710p 287 238.354402187 -11.8618069112 56782.4709604 r.MP9601
195067 1705890p 287 238.143996331 -11.8036309782 56783.407751 r.MP9601
195067 1705905p 287 238.128866966 -11.7994887459 56783.4746211 r.MP9601
195067 1705920p 287 238.111659613 -11.7947775858 56783.5506757 r.MP9601
195067 1721429p 287 228.646073033 -10.1999619096 56829.3812708 r.MP9601
195067 1721439p 287 228.641423509 -10.2001563148 56829.4201518 r.MP9601
208048 1607609p 287 211.109237577 -12.4694699506 56331.5486483 r.MP9601
208048 1607619p 287 211.11384975 -12.4719647918 56331.5880406 r.MP9601
210495 1615906p 287 210.642579325 -10.7173897419 56386.4138324 r.MP9601
210495 1615916p 287 210.635556746 -10.7123959084 56386.4539615 r.MP9601
210495 1615926p 287 210.628481302 -10.7073644812 56386.4943926 r.MP9601
210495 1616087p 287 210.444342076 -10.5774248497 56387.5314329 r.MP9601
210495 1616088p 287 210.443644282 -10.576935963 56387.5353095 r.MP9601
240930 1723393p 287 239.585371 -13.4362631057 56839.3871415 r.MP9601
240930 1728437p 287 238.731875185 -13.6544369996 56856.3611193 r.MP9601
240930 1729357p 287 239.164502898 -13.9780088577 56864.2888175 r.MP9601
247829 1768998p 287 12.5704987821 5.00163193058 57008.3190842 r.MP9601
267648 1651057p 287 12.3359311211 2.8830798689 56535.5530619 r.MP9601
267648 1651166p 287 12.3304696325 2.79638766231 56536.4349153 r.MP9601
267648 1651176p 287 12.3300637381 2.79248025193 56536.4738811 r.MP9601
267648 1651843p 287 12.2283931977 2.36593289208 56540.4144191 r.MP9601
267648 1651853p 287 12.2267601041 2.36141628359 56540.4532252 r.MP9601
296380 1635766p 287 210.344020979 -12.5852866639 56477.2828929 r.MP9601
296380 1636124p 287 210.797077129 -12.8635321254 56479.290526 r.MP9601
296952 1692655p 387 238.529064461 -13.313123248 56722.5609732 r.MP9601
296952 1704850p 287 239.43906237 -12.988023287 56777.4325564 r.MP9601
296952 1704863p 287 239.428529134 -12.9870974447 56777.4838338 r.MP9601
296952 1704876p 287 239.417894127 -12.9861626571 56777.5356067 r.MP9601
296952 1705713p 287 238.335672418 -12.902478588 56782.4835193 r.MP9601
296952 1705892p 287 238.119191882 -12.8883270216 56783.4155231 r.MP9601
296952 1705907p 287 238.103508115 -12.8873427236 56783.482381 r.MP9601
296952 1705922p 287 238.085651866 -12.8862220828 56783.5585 r.MP9601
296952 1716501p 287 232.480460356 -12.8306893694 56806.3819947 r.MP9601
296952 1716511p 287 232.47173387 -12.8312398342 56806.420851 r.MP9601
296952 1716521p 287 232.463007581 -12.8317902866 56806.4597065 r.MP9601
296952 1716740p 287 232.233957265 -12.8471962575 56807.4895882 r.MP9601
296952 1716959p 287 232.034212747 -12.8623823515 56808.4059756 r.MP9601
305820 1607614p 287 212.84353532 -11.0887491685 56331.5680458 r.MP9601
305820 1607627p 287 212.850451589 -11.0891127478 56331.6275405 r.MP9601
313649 1774679p 387 17.7844862127 3.79302119085 57039.269152 r.MP9601
319484 1616724p 287 238.219699106 -11.3316888024 56391.5472797 r.MP9601
319484 1616920p 287 238.196633018 -11.2488676981 56392.5163751 r.MP9601
319484 1616930p 287 238.195518509 -11.2453778219 56392.5569027 r.MP9601
357214 1778096p 387 26.0450177523 13.4382133107 57046.2509323 r.MP9601
357214 1778105p 387 26.0609710889 13.4444447972 57046.3167193 r.MP9601
360138 1721441p 287 238.810246852 -12.5293646519 56829.4281867 r.MP9601
360138 1721618p 287 238.63976199 -12.5310022471 56830.4008988 r.MP9601
