    Object      Image   Exp_time               RA              DEC             time       filter
6776 1728412p 287 211.350354782 -11.1984434185 56856.2797859 r.MP9601
6776 1728421p 287 211.358288567 -11.2025224587 56856.3173423 r.MP9601
13773 1630874p 287 240.243005947 -13.6746661872 56449.4126497 r.MP9601
15490 1735069p 287 22.7640086375 14.48120427 56892.5602945 r.MP9601
15490 1735081p 287 22.7707002599 14.4836565605 56892.6072533 r.MP9601
15490 1735081p 287 22.7707002599 14.4836565605 56892.6072533 r.MP9601
15490 1736156p 287 23.2658462573 14.6586602683 56896.4409714 r.MP9601
15490 1736183p 287 23.2769878899 14.66241408 56896.5368134 r.MP9601
15490 1741571p 287 24.0739389872 14.632065803 56918.4513074 r.MP9601
15490 1741582p 287 24.0719437144 14.6301299134 56918.4940633 r.MP9601
15490 1742010p 287 23.748812679 14.3537318787 56923.4542479 r.MP9601
16203 1729020p 287 18.7623658172 7.51712436499 56862.5765295 r.MP9601
16203 1729721p 287 19.400317835 7.68226077637 56865.6073158 r.MP9601
16203 1752344p 287 13.5133337069 2.09942920039 56957.2777755 r.MP9601
16203 1768979p 500 13.1266696027 1.95550819935 57008.2228609 r.MP9601
16203 1768992p 500 13.1351757765 1.95953619251 57008.2797266 r.MP9601
17764 1778496p 387 215.000801485 -13.1174229036 57048.6327179 r.MP9601
22364 1715394p 287 214.901548845 -13.6716715862 56799.4537751 r.MP9601
22364 1715882p 287 214.348746503 -13.5607778707 56802.4460291 r.MP9601
22365 1691681p 287 214.023598853 -14.0406304532 56712.5973394 r.MP9601
22365 1691916p 287 214.014236877 -14.0527211813 56713.5803964 r.MP9601
22365 1692335p 287 213.951013129 -14.0778041793 56716.5283355 r.MP9601
23590 1728411p 287 212.150977164 -10.467547978 56856.2758631 r.MP9601
25538 1704846p 287 239.141368371 -11.9376038874 56777.4169924 r.MP9601
25538 1704859p 287 239.132665485 -11.9357364376 56777.4683116 r.MP9601
25538 1704872p 287 239.123890414 -11.9338534986 56777.5200565 r.MP9601
25538 1705709p 287 238.21844579 -11.759195053 56782.4663755 r.MP9601
25538 1705710p 287 238.21754983 -11.7590396768 56782.4709604 r.MP9601
25538 1705890p 287 238.032616462 -11.7276326744 56783.407751 r.MP9601
25538 1705905p 287 238.019242438 -11.7254222456 56783.4746211 r.MP9601
25538 1705920p 287 238.004031518 -11.7229082185 56783.5506757 r.MP9601
25538 1716712p 287 232.770275647 -11.3064989636 56807.3854478 r.MP9601
25538 1716966p 287 232.556087211 -11.3114806835 56808.4241118 r.MP9601
25538 1717103p 287 232.376301715 -11.3176020119 56809.3122414 r.MP9601
25538 1717114p 287 232.367644198 -11.3179627417 56809.355529 r.MP9601
25538 1717125p 287 232.359063014 -11.3183202911 56809.3984349 r.MP9601
25538 1721428p 287 229.496281152 -11.9379404645 56829.3773624 r.MP9601
25538 1721438p 287 229.493363118 -11.9400479333 56829.4162695 r.MP9601
26332 1635768p 287 210.519243131 -9.96403709911 56477.2910267 r.MP9601
26332 1636126p 287 210.669379727 -10.0824099997 56479.2985273 r.MP9601
26332 1645167p 287 214.645214678 -12.2382489206 56506.2744815 r.MP9601
26332 1645822p 287 215.503909569 -12.6256717792 56510.2553587 r.MP9601
26637 1735258p 287 27.848428272 15.3682499091 56893.481989 r.MP9601
26637 1735274p 287 27.859385032 15.3723489806 56893.5519257 r.MP9601
26637 1751519p 287 24.8694265421 13.1142378835 56952.2784735 r.MP9601
26637 1751530p 287 24.8608570134 13.108909037 56952.3230871 r.MP9601
26637 1751541p 287 24.8522705574 13.1035696645 56952.3677889 r.MP9601
26637 1751809p 387 24.6426100505 12.9726997702 56953.4612982 r.MP9601
30937 1646291p 287 20.8141870594 11.196904525 56512.5673114 r.MP9601
30937 1646303p 287 20.818884266 11.1987888301 56512.6161136 r.MP9601
30937 1651189p 287 21.4318720786 11.4000876164 56536.525701 r.MP9601
30937 1651199p 287 21.4299785079 11.3991705024 56536.5645434 r.MP9601
30937 1651359p 287 21.3805367727 11.3752097484 56537.5129678 r.MP9601
30937 1651371p 287 21.3778110529 11.3738881873 56537.5625263 r.MP9601
36395 1672416p 287 25.2513503108 15.0107893616 56630.4176949 r.MP9601
36395 1672417p 287 25.2513336451 15.0104992541 56630.4221391 r.MP9601
36395 1672611p 387 25.2507130605 14.953533765 56631.3092788 r.MP9601
41476 1646436p 287 25.9181130155 13.8897308404 56513.5153214 r.MP9601
41476 1646447p 287 25.9262104949 13.8940139028 56513.5580334 r.MP9601
41476 1658157p 287 25.0625180692 15.2493204364 56573.5170841 r.MP9601
41476 1667556p 287 20.4040687484 13.4738599505 56595.3844577 r.MP9601
41476 1667765p 287 20.2142400848 13.3868755554 56596.380984 r.MP9601
41476 1667874p 287 20.039286933 13.3053916021 56597.3212588 r.MP9601
41476 1667884p 287 20.0321248387 13.3020122273 56597.3605032 r.MP9601
41476 1667885p 287 20.0309081358 13.3014381361 56597.36717 r.MP9601
41476 1667902p 387 20.0149191311 13.2938938569 56597.454781 r.MP9601
41476 1668255p 287 19.3270904144 12.9577742107 56601.4392326 r.MP9601
41476 1681848p 287 21.2911223053 12.1818563781 56656.330251 r.MP9601
41476 1681943p 287 21.9518923957 12.3593435011 56659.2259082 r.MP9601
41476 1681955p 287 21.963077042 12.3623968375 56659.2730842 r.MP9601
41476 1681971p 387 21.9818142734 12.3675119809 56659.3521164 r.MP9601
41476 1682234p 387 22.1940345439 12.4256264701 56660.2417232 r.MP9601
43817 1607614p 287 211.982097967 -10.8118375385 56331.5680458 r.MP9601
43817 1607627p 287 211.988121814 -10.8144156461 56331.6275405 r.MP9601
43918 1729356p 287 237.21190498 -12.9856902148 56864.2848247 r.MP9601
49131 1645482p 287 218.216505325 -12.5296714495 56508.2636027 r.MP9601
49131 1646182p 287 218.963824375 -12.8679388265 56512.2696122 r.MP9601
49375 1611385p 500 150.960284062 19.9010876694 56356.37013 r.MP9601
49375 1611386p 500 150.958879469 19.9014390408 56356.376551 r.MP9601
49375 1611387p 500 150.957491062 19.9017863628 56356.382898 r.MP9601
51820 1778890p 287 20.6785069649 11.8853004252 57050.2303205 r.MP9601
53687 1615943p 287 217.46470495 -13.8003936212 56386.562711 r.MP9601
53687 1616325p 287 216.970250683 -13.7162118938 56389.422932 r.MP9601
53687 1616339p 287 216.959597284 -13.7143385897 56389.4815746 r.MP9601
53687 1616340p 287 216.958689953 -13.7141790437 56389.4865691 r.MP9601
53687 1616343p 287 216.956153382 -13.7137330106 56389.5005318 r.MP9601
53687 1616512p 287 216.780241506 -13.6826018026 56390.4552793 r.MP9601
53687 1616523p 287 216.771789515 -13.6810958799 56390.5004569 r.MP9601
53687 1616525p 287 216.770126021 -13.6807994891 56390.5093487 r.MP9601
53687 1616563p 287 216.763254466 -13.6795751585 56390.5460786 r.MP9601
53687 1616690p 287 216.600991809 -13.650493953 56391.4017742 r.MP9601
53687 1616701p 287 216.592680716 -13.6489948381 56391.4449487 r.MP9601
53687 1616712p 287 216.584252299 -13.647474561 56391.4887326 r.MP9601
53687 1616713p 287 216.582672507 -13.6471896057 56391.4969394 r.MP9601
53687 1616714p 287 216.581741268 -13.6470216333 56391.501777 r.MP9601
53687 1616715p 287 216.580413554 -13.6467821466 56391.5086742 r.MP9601
53687 1616720p 287 216.576091436 -13.6460025438 56391.5311267 r.MP9601
53687 1722359p 287 14.2990001362 3.01200949546 56833.5732595 r.MP9601
53687 1722506p 287 14.5956907174 3.13330203299 56834.5721548 r.MP9601
53687 1729022p 287 21.3851130878 5.84251545962 56862.584532 r.MP9601
53687 1734912p 287 24.188409924 6.96692878194 56891.5759797 r.MP9601
53687 1734916p 387 24.1884938151 6.96704685088 56891.5983507 r.MP9601
53687 1736290p 287 24.0836497333 6.95625608415 56897.4387302 r.MP9601
53687 1751768p 387 14.1140875819 4.03814848768 56953.2774896 r.MP9601
53687 1751781p 387 14.1029581877 4.03521342656 56953.3311252 r.MP9601
53687 1751794p 387 14.0918817303 4.03229232602 56953.3845057 r.MP9601
53687 1752057p 387 13.7095470626 3.93217982823 56955.254879 r.MP9601
53687 1752076p 387 13.6914232561 3.92751329488 56955.3456872 r.MP9601
53687 1752078p 387 13.689274165 3.92695994506 56955.3564551 r.MP9601
53687 1752107p 387 13.6692461396 3.9218031118 56955.4568043 r.MP9601
53687 1752336p 387 13.3191998339 3.83253380247 56957.2449024 r.MP9601
53687 1752340p 287 13.3159050828 3.83171191709 56957.2622053 r.MP9601
53687 1752352p 387 13.3081181695 3.82976944854 56957.3030993 r.MP9601
53687 1769005p 287 11.4134453239 4.47840015293 57008.3472395 r.MP9601
58034 1722368p 287 15.5032526652 3.34817393906 56833.6085575 r.MP9601
58034 1722515p 287 15.8229709979 3.45191271647 56834.6072198 r.MP9601
58034 1722895p 287 16.4501762685 3.65306133885 56836.5873153 r.MP9601
59042 1615943p 287 216.870457784 -14.0359040233 56386.562711 r.MP9601
59042 1616321p 287 216.354829213 -13.8127561582 56389.4071649 r.MP9601
59042 1616332p 287 216.346666445 -13.8092335355 56389.450894 r.MP9601
60453 1607615p 287 213.433561106 -13.2469541324 56331.5719268 r.MP9601
60453 1607628p 287 213.439436164 -13.2481109653 56331.6314211 r.MP9601
60453 1607629p 287 213.439897831 -13.2482018701 56331.6360962 r.MP9601
60453 1611704p 287 214.031960732 -13.0358932117 56357.5098049 r.MP9601
60453 1611705p 287 214.031651308 -13.0356884918 56357.5154308 r.MP9601
60453 1611927p 287 213.972823929 -12.9977722276 56358.5253236 r.MP9601
60453 1611940p 287 213.969448864 -12.9956446354 56358.5804267 r.MP9601
60453 1611953p 287 213.96612891 -12.9935517847 56358.63463 r.MP9601
60453 1612057p 287 213.909435677 -12.9586863974 56359.5083603 r.MP9601
60453 1612253p 287 213.837596216 -12.9160448717 56360.5241191 r.MP9601
60453 1612254p 287 213.837240551 -12.9158372329 56360.5289417 r.MP9601
60848 1778903p 287 24.8343281203 14.7772878744 57050.2832798 r.MP9601
65567 1728437p 287 239.183009328 -13.6992905428 56856.3611193 r.MP9601
68525 1646294p 287 23.5349860343 12.7447964889 56512.5799415 r.MP9601
68525 1646305p 287 23.5392171217 12.7474340499 56512.6239008 r.MP9601
68525 1651336p 287 24.1302808013 13.5792547182 56537.4211324 r.MP9601
68525 1651347p 287 24.1279511023 13.5794353151 56537.4644756 r.MP9601
68525 1651491p 287 24.0725566079 13.5824007373 56538.4404424 r.MP9601
68525 1651503p 287 24.0697399058 13.5824784394 56538.4870636 r.MP9601
70437 1698316p 287 212.872823959 -12.5068282161 56744.4339038 r.MP9601
70437 1698326p 287 212.866477715 -12.5039425736 56744.4729577 r.MP9601
71065 1715410p 287 242.144262842 -13.8842489869 56799.5180243 r.MP9601
71065 1715889p 287 241.475882569 -13.7641175044 56802.4767621 r.MP9601
71065 1717293p 287 239.688209335 -13.4713108922 56810.4729478 r.MP9601
71065 1728608p 287 233.560014274 -13.3078370748 56857.3418783 r.MP9601
72578 1715383p 287 212.302383262 -10.251815877 56799.4095077 r.MP9601
75600 1715395p 287 213.299950047 -10.6386758914 56799.4576679 r.MP9601
75600 1716266p 287 212.275400805 -10.502275238 56805.3816791 r.MP9601
75600 1728413p 287 211.505344215 -11.9844570944 56856.2836994 r.MP9601
79770 1617716p 287 216.242246597 -13.5731254093 56399.4639376 r.MP9601
79770 1617908p 287 215.818371278 -13.4005318898 56401.4419091 r.MP9601
79770 1617920p 287 215.807462316 -13.396081258 56401.4924526 r.MP9601
79770 1617933p 287 215.796047022 -13.391424053 56401.545342 r.MP9601
79770 1626153p 287 211.134821086 -11.4691685022 56423.4260941 r.MP9601
79770 1626289p 287 210.943852752 -11.3887984601 56424.4277117 r.MP9601
79778 1645487p 287 220.325686762 -14.2030994186 56508.2839336 r.MP9601
80990 1751791p 287 14.2405207013 5.36134479412 56953.3718092 r.MP9601
80990 1768980p 500 10.7246520588 3.41384298692 57008.2293569 r.MP9601
80990 1768993p 500 10.7296193248 3.41568797142 57008.2861256 r.MP9601
80990 1769007p 287 10.735655158 3.41792985233 57008.3551066 r.MP9601
81145 1722730p 287 15.7264495404 5.07766686161 56835.5744885 r.MP9601
81145 1722893p 287 15.9467040916 5.1447017087 56836.5795216 r.MP9601
81145 1736202p 287 21.7249537181 5.6586306813 56896.6191685 r.MP9601
81551 1778895p 287 22.6878317284 12.3746179629 57050.2516792 r.MP9601
84666 1774995p 387 11.9919751109 1.82193754746 57040.2508336 r.MP9601
84694 1775271p 387 19.7266392627 11.4961467587 57041.2580631 r.MP9601
84694 1775280p 387 19.743132834 11.5022966872 57041.3040916 r.MP9601
84694 1778896p 287 23.0689277485 12.7259902637 57050.2555963 r.MP9601
85035 1751780p 287 11.3455416151 2.82810922151 56953.326667 r.MP9601
88777 1729256p 287 22.3351625981 12.7777191562 56863.5168284 r.MP9601
88777 1729266p 287 22.3447767396 12.781670488 56863.5581795 r.MP9601
88777 1729276p 287 22.3544928286 12.7856637193 56863.5999692 r.MP9601
88777 1735255p 287 27.2550531684 14.7623776685 56893.4703414 r.MP9601
88777 1735271p 287 27.2608230842 14.7646312383 56893.5402798 r.MP9601
88777 1736566p 287 27.6356494201 14.9072404932 56899.4572943 r.MP9601
88777 1736595p 287 27.6402674667 14.9089278564 56899.5638646 r.MP9601
88777 1741579p 287 27.2140683411 14.6729648635 56918.4824111 r.MP9601
88777 1741590p 287 27.2102588426 14.6711609888 56918.5251345 r.MP9601
88777 1742024p 287 26.6810560936 14.4212634183 56923.511787 r.MP9601
88777 1751554p 287 21.3233186582 11.6797409043 56952.4210182 r.MP9601
88777 1751564p 287 21.315006811 11.675086708 56952.460442 r.MP9601
88777 1751574p 287 21.3066953381 11.6704327212 56952.499864 r.MP9601
88777 1751803p 387 21.1111104127 11.5605132918 56953.4309462 r.MP9601
88777 1752103p 387 20.6950057277 11.3236752625 56955.4360776 r.MP9601
89036 1671906p 387 24.3191511106 15.3080349454 56625.2745747 r.MP9601
89036 1672416p 287 24.479603021 15.0100188903 56630.4176949 r.MP9601
89036 1672417p 287 24.4798381933 15.0098003838 56630.4221391 r.MP9601
89036 1672611p 387 24.5292311256 14.9672995224 56631.3092788 r.MP9601
89392 1645762p 287 14.7376806046 3.03204681742 56509.5086909 r.MP9601
89392 1645775p 287 14.743894007 3.03522748768 56509.5619486 r.MP9601
89392 1650810p 287 15.2714210453 3.70020288562 56534.4279005 r.MP9601
89392 1651027p 287 15.1899989758 3.69242842352 56535.4320508 r.MP9601
89392 1651038p 287 15.1863045329 3.69203387136 56535.4750928 r.MP9601
89392 1651674p 287 14.7904312877 3.63721663296 56539.4120606 r.MP9601
89392 1651685p 287 14.7854587185 3.63640866474 56539.4548354 r.MP9601
89392 1651849p 287 14.6680996873 3.6167490824 56540.4377052 r.MP9601
89392 1651859p 287 14.6633068742 3.61591789635 56540.4765659 r.MP9601
90070 1757890p 287 17.1634570613 4.74693856332 56985.2438823 r.MP9601
90070 1757974p 287 17.0768623895 4.70333117316 56986.2400518 r.MP9601
90070 1768986p 287 16.6729391488 4.42459622657 57008.2548593 r.MP9601
93294 1778492p 387 221.68457118 -16.2426279723 57048.612292 r.MP9601
95135 1778499p 387 218.866643634 -13.3258082555 57048.6479896 r.MP9601
97407 1692360p 387 239.783918109 -15.0171178027 56716.6484944 r.MP9601
97407 1692658p 387 240.582577458 -14.9656943944 56722.5760909 r.MP9601
97407 1704847p 287 237.879457829 -12.6625959525 56777.4209135 r.MP9601
97407 1705090p 287 237.669967931 -12.6015066657 56778.4534085 r.MP9601
97407 1705104p 287 237.658261759 -12.5981280552 56778.5105117 r.MP9601
97407 1705117p 287 237.647057645 -12.5948943473 56778.565166 r.MP9601
97407 1705575p 287 237.042258548 -12.4251071706 56781.4505437 r.MP9601
97407 1705588p 287 237.031441786 -12.4221609707 56781.50105 r.MP9601
97407 1705601p 287 237.020174503 -12.4190920608 56781.5536599 r.MP9601
97407 1716494p 287 231.501796745 -11.1957362916 56806.3547948 r.MP9601
97407 1716504p 287 231.493729907 -11.1943864191 56806.3936711 r.MP9601
97407 1716514p 287 231.485672631 -11.1930381466 56806.4325014 r.MP9601
97407 1716733p 287 231.273312262 -11.158047625 56807.4624248 r.MP9601
97407 1716952p 287 231.087276235 -11.1283905688 56808.3787075 r.MP9601
101384 1616723p 287 238.313771533 -12.114707742 56391.543291 r.MP9601
101384 1616919p 287 238.199763922 -12.0642109519 56392.512384 r.MP9601
101384 1616929p 287 238.194899911 -12.0620829472 56392.5529174 r.MP9601
101384 1617921p 287 236.911348322 -11.5736482201 56401.4968789 r.MP9601
101384 1617935p 287 236.901963443 -11.5704409298 56401.5537569 r.MP9601
103363 1715889p 287 241.650780742 -14.6429547536 56802.4767621 r.MP9601
104381 1625357p 287 243.078227419 -12.2633935758 56420.4753921 r.MP9601
104381 1625368p 287 243.069888121 -12.260814537 56420.5191871 r.MP9601
104381 1625379p 287 243.0615415 -12.2582332331 56420.5630206 r.MP9601
104381 1625662p 287 242.867077826 -12.1993769216 56421.5705411 r.MP9601
104381 1625937p 287 242.668665319 -12.1411795253 56422.575739 r.MP9601
104381 1630538p 287 237.179785589 -11.0842860925 56447.3809342 r.MP9601
104381 1630867p 287 236.762226846 -11.0465874502 56449.3842272 r.MP9601
114068 1774682p 387 15.075094479 5.62572840211 57039.2876821 r.MP9601
119427 1645243p 287 17.6693199941 4.13467464336 56506.5357395 r.MP9601
119427 1645254p 287 17.6769724009 4.13810339615 56506.5784506 r.MP9601
119427 1657926p 287 14.927562237 4.71618124885 56571.3971361 r.MP9601
119427 1657944p 287 14.9109372194 4.71294433847 56571.4708885 r.MP9601
119427 1657946p 287 14.9089010476 4.71254789344 56571.4799214 r.MP9601
119427 1658284p 287 14.2209707934 4.57994191991 56574.5205711 r.MP9601
119531 1645558p 287 13.3595339905 2.79260948253 56508.4982057 r.MP9601
119531 1645753p 287 13.383990562 2.8075434403 56509.4736546 r.MP9601
119531 1645763p 287 13.384866244 2.80809479561 56509.5125738 r.MP9601
119531 1646262p 287 13.4262017022 2.84074261508 56512.4526219 r.MP9601
119531 1646272p 287 13.4264121537 2.84104480183 56512.4914745 r.MP9601
119531 1651056p 287 11.9940297129 2.45646606366 56535.5491304 r.MP9601
119531 1651067p 287 11.9883317724 2.45467632594 56535.5929607 r.MP9601
119531 1651068p 287 11.9877122819 2.45448174239 56535.597726 r.MP9601
119531 1651069p 287 11.9870454772 2.45427229732 56535.6028553 r.MP9601
119531 1651070p 287 11.9864259057 2.45407768832 56535.6076212 r.MP9601
119531 1651071p 287 11.9857832249 2.45387582064 56535.6125649 r.MP9601
119531 1651166p 287 11.8765218893 2.4195716562 56536.4349153 r.MP9601
119531 1651176p 287 11.8712452617 2.41791560693 56536.4738811 r.MP9601
119531 1651846p 287 11.2924790672 2.23508594726 56540.4260588 r.MP9601
119531 1651856p 287 11.2863575001 2.23314259263 56540.4649259 r.MP9601
119981 1756823p 387 45.2830277493 15.7895743815 56978.2916381 r.MP9601
119981 1756845p 387 45.2566244509 15.7795635089 56978.4005177 r.MP9601
119981 1756870p 387 45.2289490568 15.7690703182 56978.5146431 r.MP9601
119981 1757106p 500 44.7974807736 15.6048339455 56980.3067006 r.MP9601
119981 1757801p 500 43.830408368 15.2337604376 56984.4291271 r.MP9601
122974 1778494p 387 216.712551993 -14.7992533594 57048.6225432 r.MP9601
123223 1778499p 387 219.153241346 -13.1471815802 57048.6479896 r.MP9601
127968 1651341p 287 25.9190623622 13.249577892 56537.4407924 r.MP9601
127968 1651352p 287 25.9170146409 13.2501886159 56537.4839023 r.MP9601
127968 1651496p 287 25.8675902729 13.2629929142 56538.4598719 r.MP9601
127968 1651508p 287 25.8650663366 13.2635494745 56538.5064676 r.MP9601
127968 1657412p 287 21.5647146816 12.5613643866 56568.4955304 r.MP9601
127968 1657502p 287 21.3262806309 12.4982303905 56569.5922409 r.MP9601
127968 1658261p 287 20.2450019841 12.1971330577 56574.4047101 r.MP9601
129510 1686795p 387 216.550187486 -14.946850246 56690.645729 r.MP9601
129510 1686862p 387 216.814707527 -15.0126072522 56691.5902666 r.MP9601
134470 1631351p 287 212.720448449 -11.0779091269 56455.3555013 r.MP9601
134470 1631362p 287 212.717176793 -11.0765043479 56455.3998627 r.MP9601
134470 1635774p 287 212.364672851 -10.8696870174 56477.3153014 r.MP9601
134470 1636132p 287 212.455726252 -10.8974279455 56479.3231139 r.MP9601
134470 1645170p 287 215.428653246 -11.8865946143 56506.2865687 r.MP9601
134470 1645822p 287 216.109608162 -12.1114976104 56510.2553587 r.MP9601
134470 1645957p 287 216.292137806 -12.1716008616 56511.2674218 r.MP9601
134485 1611938p 287 217.327184891 -12.5523878565 56358.5706975 r.MP9601
134485 1611939p 287 217.326860078 -12.5523345055 56358.5763465 r.MP9601
134485 1611950p 287 217.32419574 -12.5518968849 56358.6226828 r.MP9601
134485 1615935p 287 213.649003208 -11.7008490995 56386.5307528 r.MP9601
134485 1616200p 287 213.235289498 -11.5965520289 56388.6109386 r.MP9601
134485 1616501p 287 212.865627329 -11.5029876766 56390.4118124 r.MP9601
139356 1722363p 287 13.6071181225 4.28926330062 56833.5888678 r.MP9601
139356 1722511p 287 13.9323018419 4.38934039202 56834.5916444 r.MP9601
139356 1729022p 287 21.442399499 6.32587728367 56862.584532 r.MP9601
139356 1734912p 287 24.9095761685 6.24599199481 56891.5759797 r.MP9601
139356 1734916p 387 24.9101261212 6.24501637257 56891.5983507 r.MP9601
139425 1722506p 287 14.3479531435 3.45959098158 56834.5721548 r.MP9601
139425 1729018p 287 18.8737058707 5.42594446578 56862.5686752 r.MP9601
139425 1729719p 287 19.1599551574 5.55709032694 56865.5994875 r.MP9601
139468 1729485p 287 26.9037537436 15.1467711051 56864.5336882 r.MP9601
139468 1729496p 287 26.9109715091 15.150466985 56864.5768868 r.MP9601
139468 1778896p 287 22.6858572606 12.8390215079 57050.2555963 r.MP9601
142423 1607612p 287 212.579423883 -12.9169149133 56331.5602852 r.MP9601
142423 1607623p 287 212.583375698 -12.917544058 56331.607471 r.MP9601
142708 1636119p 287 215.515359443 -12.6621395285 56479.2702303 r.MP9601
142708 1636322p 287 215.540371421 -12.6656511003 56480.2968867 r.MP9601
142708 1645481p 287 218.157335684 -13.4221911241 56508.2596926 r.MP9601
142708 1646182p 287 218.807613075 -13.6182995147 56512.2696122 r.MP9601
143082 1729708p 287 12.7414545824 3.3406558996 56865.5560206 r.MP9601
143082 1735261p 287 14.5076449463 2.70456699441 56893.493788 r.MP9601
143082 1736297p 287 14.3643980927 2.42551993741 56897.4659208 r.MP9601
143228 1774679p 387 17.803141306 3.60157540411 57039.269152 r.MP9601
143305 1751774p 287 11.7773315981 4.51560415153 56953.3033081 r.MP9601
143305 1752343p 287 11.2108323129 4.02440814011 56957.2738931 r.MP9601
144302 1778901p 287 25.3959765088 12.6617631063 57050.2754086 r.MP9601
145700 1616722p 287 237.922781094 -13.2583729695 56391.5394098 r.MP9601
145700 1616918p 287 237.814021841 -13.2109683279 56392.5085057 r.MP9601
145700 1616928p 287 237.809374666 -13.208970267 56392.5489159 r.MP9601
145700 1617934p 287 236.554870896 -12.7389570943 56401.5497677 r.MP9601
145732 1757103p 500 46.3749026761 16.1630041775 56980.2874926 r.MP9601
145732 1757798p 500 45.4797179645 15.7754655136 56984.4100732 r.MP9601
146348 1722515p 287 15.9898951633 3.28617382221 56834.6072198 r.MP9601
146348 1757090p 387 22.0316317224 12.41897424 56980.2178774 r.MP9601
146348 1757113p 387 22.01712792 12.4191956721 56980.3507366 r.MP9601
146348 1757538p 287 21.8260864384 12.4250146961 56982.2026453 r.MP9601
146348 1757579p 287 21.8108887231 12.425919322 56982.365478 r.MP9601
147243 1735255p 287 26.7911708502 14.7536242525 56893.4703414 r.MP9601
147243 1735271p 287 26.79970916 14.7591610404 56893.5402798 r.MP9601
147243 1736566p 287 27.392297515 15.1802238357 56899.4572943 r.MP9601
147243 1736595p 287 27.400601118 15.1869436855 56899.5638646 r.MP9601
147243 1741580p 287 27.4539215984 15.8395262349 56918.4862964 r.MP9601
147243 1741591p 287 27.4507875763 15.8397043044 56918.5290331 r.MP9601
147243 1742028p 287 26.9854764667 15.8167262964 56923.5273475 r.MP9601
147243 1751802p 387 21.4832966925 14.1197571192 56953.4258794 r.MP9601
147286 1729254p 287 24.0993853527 14.0566149795 56863.508911 r.MP9601
147286 1729264p 287 24.109511096 14.061274999 56863.5481075 r.MP9601
147286 1729274p 287 24.1203552696 14.066265651 56863.5900849 r.MP9601
147286 1729478p 287 24.3552786073 14.1745949123 56864.5059945 r.MP9601
147286 1729489p 287 24.3663429618 14.179705246 56864.5493842 r.MP9601
147286 1729500p 287 24.3773571162 14.1847923935 56864.5925769 r.MP9601
147286 1757097p 387 20.4241925793 12.9876904001 56980.2552326 r.MP9601
147286 1757120p 387 20.4117719462 12.9767835886 56980.3865521 r.MP9601
147286 1757545p 287 20.2483507014 12.8272831453 56982.2313596 r.MP9601
147286 1757586p 287 20.23556767 12.8147243775 56982.3928294 r.MP9601
152641 1626155p 287 212.154949144 -12.7937857414 56423.4378655 r.MP9601
152641 1626291p 287 211.946269067 -12.7022517901 56424.4356511 r.MP9601
152641 1645692p 287 213.792077371 -12.2834906075 56509.2592978 r.MP9601
152641 1729252p 287 23.8144834637 12.8384503632 56863.5009798 r.MP9601
152641 1729262p 287 23.8272030305 12.8431491722 56863.5403187 r.MP9601
152641 1729272p 287 23.8407035143 12.8481364643 56863.5820727 r.MP9601
153904 1650810p 287 14.8348823721 3.82065001674 56534.4279005 r.MP9601
153904 1651025p 287 14.7417399283 3.79729214198 56535.4241381 r.MP9601
153904 1651036p 287 14.7375495152 3.79622505537 56535.4673011 r.MP9601
153904 1651672p 287 14.3047193052 3.68207879119 56539.4043029 r.MP9601
153904 1651683p 287 14.2994443943 3.68065313959 56539.4470725 r.MP9601
153904 1651849p 287 14.1747130734 3.6466593693 56540.4377052 r.MP9601
153904 1651859p 287 14.1696935732 3.64527765743 56540.4765659 r.MP9601
153909 1651338p 287 25.1644652181 13.2049802088 56537.4291309 r.MP9601
153909 1651349p 287 25.1645371037 13.2065137673 56537.4722622 r.MP9601
153909 1651493p 287 25.1628021689 13.2399687654 56538.4481996 r.MP9601
153909 1651505p 287 25.1625301827 13.2414970686 56538.4948258 r.MP9601
153909 1657412p 287 21.7740282251 12.9362019083 56568.4955304 r.MP9601
153909 1657502p 287 21.5499336425 12.8783625724 56569.5922409 r.MP9601
153909 1658261p 287 20.5233843805 12.5937533273 56574.4047101 r.MP9601
153909 1681845p 387 18.2993420393 11.0956738336 56656.3046195 r.MP9601
155173 1671647p 287 11.5546080852 2.00656337786 56623.259626 r.MP9601
155173 1671657p 287 11.5576104759 2.01025767744 56623.3041058 r.MP9601
155173 1672617p 387 12.32987814 2.76177661367 56631.3477222 r.MP9601
155173 1672618p 387 12.3305158455 2.76230104256 56631.3527567 r.MP9601
155173 1672749p 387 12.4426632398 2.85378997397 56632.2262243 r.MP9601
155173 1672750p 387 12.4433344908 2.85432557634 56632.2312587 r.MP9601
155173 1672754p 387 12.4456775585 2.85619514907 56632.2488317 r.MP9601
155173 1672758p 387 12.4503501976 2.85992352571 56632.2838765 r.MP9601
155173 1672759p 387 12.4510215001 2.86045916915 56632.2889113 r.MP9601
155173 1672780p 387 12.4582200054 2.86620297653 56632.3429 r.MP9601
155173 1672810p 387 12.4653607003 2.87190065599 56632.3964553 r.MP9601
155271 1681669p 287 22.535432149 14.3870537689 56655.2596776 r.MP9601
155271 1681855p 387 22.7414067354 14.4319370295 56656.3640616 r.MP9601
155271 1681950p 287 23.3104622043 14.5611296764 56659.2532577 r.MP9601
155271 1681963p 387 23.3217333692 14.5637763467 56659.3080164 r.MP9601
155271 1682230p 287 23.5112409712 14.6084481104 56660.2232773 r.MP9601
155271 1682240p 287 23.5201819328 14.6105802765 56660.2656851 r.MP9601
156947 1658292p 287 16.6951500283 5.98080255157 56574.5544093 r.MP9601
156947 1671654p 287 9.77356161274 2.36501072762 56623.2924376 r.MP9601
156947 1671664p 287 9.77267544754 2.36426583513 56623.3386723 r.MP9601
156947 1672597p 287 9.79839292599 2.31800522574 56631.2409406 r.MP9601
160659 1704848p 287 237.539624628 -14.0556065136 56777.4247935 r.MP9601
160659 1704861p 287 237.529368654 -14.0532989194 56777.4760734 r.MP9601
160659 1704874p 287 237.519019775 -14.0509704216 56777.5278178 r.MP9601
160659 1716492p 287 231.17237793 -12.8523439422 56806.3470334 r.MP9601
160659 1716502p 287 231.164149914 -12.8511129792 56806.3859059 r.MP9601
160659 1716512p 287 231.155929974 -12.8498832245 56806.4247403 r.MP9601
160659 1716734p 287 230.936631258 -12.8174184661 56807.4663047 r.MP9601
160659 1716953p 287 230.745931205 -12.7899522086 56808.3825909 r.MP9601
162268 1705567p 287 245.163829304 -13.797808 56781.4195015 r.MP9601
162268 1705580p 287 245.154117837 -13.7958741147 56781.4699506 r.MP9601
162268 1705593p 287 245.144181042 -13.793895359 56781.5215703 r.MP9601
162268 1715413p 287 241.220402248 -13.1593872245 56799.5296851 r.MP9601
162268 1715414p 287 241.219502334 -13.1592708981 56799.5335627 r.MP9601
162268 1715418p 287 241.215793108 -13.1587914291 56799.549545 r.MP9601
162268 1715419p 287 241.214885776 -13.1586741438 56799.5534545 r.MP9601
162268 1715893p 287 240.531873994 -13.0736695895 56802.492823 r.MP9601
162268 1721600p 287 234.991121783 -12.7685867628 56830.3410108 r.MP9601
162268 1721611p 287 234.984978921 -12.7689677155 56830.383868 r.MP9601
162268 1728605p 287 233.148713663 -13.534830428 56857.3296996 r.MP9601
162344 1691928p 387 239.327235886 -14.3159116403 56713.6353439 r.MP9601
162344 1692360p 387 239.638374663 -14.3021480899 56716.6484944 r.MP9601
162344 1692658p 387 240.124542838 -14.2459721722 56722.5760909 r.MP9601
162344 1716500p 287 229.749625443 -10.9779585997 56806.3781164 r.MP9601
162344 1716510p 287 229.741712703 -10.9767503832 56806.416952 r.MP9601
162344 1716520p 287 229.733792484 -10.9755410246 56806.4558242 r.MP9601
162344 1716739p 287 229.525370259 -10.9443097014 56807.4857083 r.MP9601
162344 1716958p 287 229.342341489 -10.9177749746 56808.4020597 r.MP9601
162366 1704851p 287 239.809704892 -14.3507626219 56777.4364421 r.MP9601
162366 1704864p 287 239.800021228 -14.3474563524 56777.4877463 r.MP9601
162366 1704877p 287 239.790254568 -14.344121746 56777.5394901 r.MP9601
162366 1705715p 287 238.807404774 -14.0213967493 56782.4914055 r.MP9601
162366 1705894p 287 238.612970368 -13.9601746675 56783.4235072 r.MP9601
162366 1705896p 287 238.609628417 -13.9591290667 56783.4393897 r.MP9601
162366 1705909p 287 238.598929756 -13.9557817629 56783.4902348 r.MP9601
162366 1705924p 287 238.582923429 -13.9507738429 56783.5663045 r.MP9601
162366 1716714p 287 233.195556247 -12.4837366601 56807.3933049 r.MP9601
162366 1716965p 287 232.970508669 -12.431094097 56808.4202279 r.MP9601
162366 1717102p 287 232.777875299 -12.3867847905 56809.3083319 r.MP9601
162366 1717113p 287 232.768562031 -12.3846550123 56809.3516495 r.MP9601
162366 1717124p 287 232.759337364 -12.3825454954 56809.3945549 r.MP9601
162366 1721428p 287 229.23131239 -11.7222221644 56829.3773624 r.MP9601
162366 1721438p 287 229.226335522 -11.7216493651 56829.4162695 r.MP9601
164879 1698184p 287 212.333378184 -13.8537269905 56743.4206627 r.MP9601
164879 1698313p 287 212.159983217 -13.8182587701 56744.4218964 r.MP9601
164879 1698323p 287 212.153062816 -13.816826586 56744.4612541 r.MP9601
167146 1716740p 287 232.963427803 -13.0572103945 56807.4895882 r.MP9601
167146 1716959p 287 232.77293419 -13.0098056894 56808.4059756 r.MP9601
167146 1721427p 287 229.263565822 -12.2613121523 56829.3734808 r.MP9601
167146 1721437p 287 229.258948628 -12.2606101228 56829.4123624 r.MP9601
167280 1686685p 387 216.319577165 -14.393390226 56689.6428131 r.MP9601
167280 1686686p 387 216.320284159 -14.3936918205 56689.647863 r.MP9601
167280 1686794p 387 216.456338094 -14.4520935038 56690.6406505 r.MP9601
167280 1686795p 387 216.457025797 -14.4523897451 56690.645729 r.MP9601
167280 1686861p 387 216.582055175 -14.5062185422 56691.5852292 r.MP9601
167280 1686862p 387 216.582718431 -14.5065039942 56691.5902666 r.MP9601
167280 1691685p 287 218.280093192 -15.3813880232 56712.6128697 r.MP9601
167280 1691920p 287 218.302831706 -15.4057903342 56713.5959219 r.MP9601
167280 1692339p 287 218.338289604 -15.4693135304 56716.5438943 r.MP9601
171509 1704643p 387 211.947325218 -13.7870330784 56776.3201085 r.MP9601
171509 1704644p 387 211.946173325 -13.786504777 56776.3251533 r.MP9601
171509 1704651p 387 211.938091507 -13.7827981525 56776.3605481 r.MP9601
171509 1704652p 387 211.936941288 -13.7822706193 56776.3655856 r.MP9601
171509 1704659p 387 211.928877956 -13.7785724728 56776.4008995 r.MP9601
171509 1704660p 387 211.92772761 -13.7780448811 56776.4059375 r.MP9601
172165 1704849p 287 238.417183223 -13.4782090333 56777.4286748 r.MP9601
172165 1704862p 287 238.407675112 -13.4756023155 56777.4799544 r.MP9601
172165 1704875p 287 238.3980759 -13.4729706212 56777.5317255 r.MP9601
172165 1705714p 287 237.421552 -13.2214639911 56782.4875255 r.MP9601
172165 1705893p 287 237.226182604 -13.1743419519 56783.4196097 r.MP9601
172165 1705895p 287 237.222852348 -13.1735465364 56783.4353432 r.MP9601
172165 1705908p 287 237.212073038 -13.1709719504 56783.4862691 r.MP9601
172165 1705923p 287 237.195953984 -13.1671219928 56783.5624221 r.MP9601
172165 1716493p 287 231.937733044 -12.1936539039 56806.3509138 r.MP9601
172165 1716503p 287 231.929034892 -12.1925200667 56806.3897882 r.MP9601
172165 1716513p 287 231.920345814 -12.1913874121 56806.4286221 r.MP9601
172165 1716732p 287 231.69124146 -12.1622400374 56807.4585292 r.MP9601
172165 1716951p 287 231.490149125 -12.1379219491 56808.3747933 r.MP9601
172655 1631127p 287 212.866957161 -12.0893939376 56451.3030292 r.MP9601
172655 1631350p 287 212.57896708 -12.1109153891 56455.3512972 r.MP9601
172655 1631361p 287 212.576414888 -12.1113469192 56455.3956831 r.MP9601
172655 1635772p 287 212.785149248 -12.7711251806 56477.3075455 r.MP9601
172655 1636130p 287 212.944433457 -12.873586255 56479.3153185 r.MP9601
172655 1645171p 287 216.99660187 -14.7704474152 56506.2905269 r.MP9601
172655 1645480p 287 217.413755888 -14.9382090786 56508.2557964 r.MP9601
172655 1645958p 287 218.081456419 -15.2012776936 56511.2714724 r.MP9601
173203 1611932p 287 216.697494505 -14.5644441627 56358.5455468 r.MP9601
173203 1611945p 287 216.694077762 -14.5642689451 56358.6028907 r.MP9601
173203 1616198p 287 212.508719975 -13.695622044 56388.6029981 r.MP9601
173303 1691671p 287 213.736817969 -12.341262804 56712.5584598 r.MP9601
173303 1691904p 287 213.722649852 -12.3498073868 56713.5278135 r.MP9601
173303 1692178p 287 213.673301396 -12.3627387401 56715.638792 r.MP9601
175615 1729011p 287 16.4420049262 5.76753740151 56862.5414084 r.MP9601
175615 1729714p 287 16.9292696022 5.86002540172 56865.57991 r.MP9601
175615 1735264p 287 18.719632435 5.47932613089 56893.5122522 r.MP9601
175615 1736285p 287 18.5482652037 5.24210383165 56897.4184425 r.MP9601
175615 1736302p 287 18.5440865732 5.23729389716 56897.4905915 r.MP9601
175615 1736486p 287 18.4805580557 5.16689335862 56898.526843 r.MP9601
175615 1736506p 287 18.4748879676 5.16082087712 56898.6146379 r.MP9601
175615 1774683p 387 15.2453892853 2.72402161669 57039.292889 r.MP9601
176733 1615936p 287 215.385204825 -13.5649227043 56386.5347254 r.MP9601
176733 1616318p 287 214.820801507 -13.438830245 56389.3952189 r.MP9601
176733 1616329p 287 214.811928556 -13.436821964 56389.4390359 r.MP9601
176733 1616506p 287 214.609486601 -13.3908478213 56390.431644 r.MP9601
176733 1616517p 287 214.600176636 -13.3887244959 56390.4768746 r.MP9601
176733 1616684p 287 214.413389015 -13.3459911017 56391.3782198 r.MP9601
176733 1616695p 287 214.404346219 -13.3439135404 56391.4214523 r.MP9601
176733 1616706p 287 214.395319631 -13.3418397027 56391.4646073 r.MP9601
183362 1729024p 287 12.5343527594 2.42072353622 56862.592458 r.MP9601
183362 1729707p 287 12.8304500555 2.56390785 56865.5519288 r.MP9601
183362 1736298p 287 12.8382153134 2.94639062113 56897.4698044 r.MP9601
185367 1735254p 287 26.5291032673 13.6041706099 56893.4616377 r.MP9601
185367 1735270p 287 26.5296285607 13.6071163732 56893.5357968 r.MP9601
185367 1736562p 287 26.445423641 13.7966296092 56899.4416658 r.MP9601
185367 1736591p 287 26.4416009991 13.7992373029 56899.5483442 r.MP9601
185367 1741570p 287 24.5113609032 13.781248443 56918.4474274 r.MP9601
185367 1741581p 287 24.5043242845 13.7801202088 56918.4901816 r.MP9601
185367 1742009p 287 23.6193251691 13.6159992758 56923.4503679 r.MP9601
185367 1775266p 387 19.2961975029 11.7972432744 57041.2325025 r.MP9601
185367 1775275p 387 19.3075961447 11.8012158196 57041.2786353 r.MP9601
185367 1778893p 287 21.6410020273 12.6135719663 57050.2437764 r.MP9601
186532 1768980p 500 10.3242009019 2.90275988452 57008.2293569 r.MP9601
186532 1768993p 500 10.3344192776 2.90605562605 57008.2861256 r.MP9601
193608 1686793p 387 214.359899641 -13.575784884 56690.6356086 r.MP9601
193608 1686860p 387 214.482307956 -13.635267572 56691.5801931 r.MP9601
198612 1728414p 287 211.835366781 -13.3260886208 56856.287683 r.MP9601
203155 1778493p 387 215.643443849 -13.7173356071 57048.6174421 r.MP9601
205009 1715390p 287 216.630531693 -12.7224470784 56799.4381615 r.MP9601
205009 1715871p 287 216.120432032 -12.4955742925 56802.3742792 r.MP9601
205009 1715872p 287 216.119667024 -12.4952321533 56802.3788923 r.MP9601
205009 1715873p 287 216.118859314 -12.4948709158 56802.3837629 r.MP9601
205009 1715877p 287 216.115913019 -12.4935532261 56802.4015295 r.MP9601
205009 1716267p 287 215.644152556 -12.2808114033 56805.3855695 r.MP9601
207727 1715697p 287 245.222114046 -18.0768653356 56801.4788181 r.MP9601
207727 1715698p 287 245.221018406 -18.0766103268 56801.4834313 r.MP9601
207727 1715699p 287 245.219439736 -18.0762428938 56801.4900783 r.MP9601
207727 1715727p 287 245.20937919 -18.0739013165 56801.5324385 r.MP9601
208293 1698691p 287 217.69009518 -14.5369310465 56751.4351321 r.MP9601
208293 1698701p 287 217.682471528 -14.5354259479 56751.4743956 r.MP9601
208293 1698856p 387 217.469500371 -14.4930634496 56752.5592418 r.MP9601
213088 1692672p 387 244.216890942 -16.9972036683 56722.6466603 r.MP9601
213088 1692846p 387 244.324651826 -17.0022732641 56723.6213195 r.MP9601
213278 1722366p 287 13.1253916566 3.39406339759 56833.600572 r.MP9601
213278 1722510p 287 13.5119531487 3.50232880419 56834.5877135 r.MP9601
216208 1635777p 287 213.784364603 -11.1326123558 56477.3270224 r.MP9601
216208 1636135p 287 213.908435754 -11.246939582 56479.3348231 r.MP9601
216208 1645481p 287 218.209139805 -13.5892918223 56508.2596926 r.MP9601
216208 1646181p 287 219.13303808 -13.9922311397 56512.2656697 r.MP9601
216208 1646360p 287 219.37087618 -14.0933514048 56513.2501749 r.MP9601
216208 1768983p 287 16.9795551918 3.17632164609 57008.2430404 r.MP9601
216903 1645166p 287 214.502527979 -12.5652015231 56506.2705465 r.MP9601
216903 1645698p 287 215.680271425 -12.882825089 56509.2842977 r.MP9601
216903 1645956p 287 216.470333285 -13.0950362589 56511.263223 r.MP9601
219787 1646581p 287 14.5527454939 5.75653237938 56515.5075537 r.MP9601
219787 1650809p 287 14.1063864088 4.91834492441 56534.4239621 r.MP9601
219787 1651026p 287 14.0224748545 4.84546592783 56535.4281748 r.MP9601
219787 1651037p 287 14.0187473457 4.84227604046 56535.4711845 r.MP9601
219787 1651842p 287 13.5182790293 4.44340808935 56540.4105408 r.MP9601
219787 1651852p 287 13.5137843837 4.44000207494 56540.4493434 r.MP9601
219788 1671654p 287 9.91814577298 2.351225975 56623.2924376 r.MP9601
219788 1671664p 287 9.9266799291 2.35256164428 56623.3386723 r.MP9601
219788 1672593p 287 11.5888863684 2.69713674317 56631.2218245 r.MP9601
222620 1646292p 287 20.7846013506 12.6318490102 56512.5711885 r.MP9601
222620 1646293p 287 20.785430357 12.6321699588 56512.5759828 r.MP9601
222620 1646304p 287 20.7930426548 12.6351170492 56512.6200057 r.MP9601
222620 1646429p 287 20.9403981579 12.6919691088 56513.4874517 r.MP9601
222620 1646452p 287 20.9554706674 12.6977681506 56513.5774368 r.MP9601
222620 1651333p 287 23.1796023551 13.4186489309 56537.4090982 r.MP9601
222620 1651344p 287 23.1800936858 13.4182971139 56537.4527721 r.MP9601
222620 1651488p 287 23.1878579333 13.409124642 56538.4287822 r.MP9601
222620 1651500p 287 23.1880328302 13.4086064292 56538.4754214 r.MP9601
222620 1658263p 287 19.0829485193 10.7912362682 56574.4124706 r.MP9601
222620 1658264p 287 19.0799311381 10.7893517283 56574.4277164 r.MP9601
222620 1658265p 287 19.0791468646 10.7888619014 56574.431679 r.MP9601
222620 1658266p 287 19.0763742227 10.7871302163 56574.4456881 r.MP9601
222634 1681686p 387 19.1156509592 11.7232645152 56655.3070352 r.MP9601
222634 1681688p 387 19.1181366214 11.7244024565 56655.3179014 r.MP9601
222754 1672598p 287 9.3605837565 3.26382945044 56631.244875 r.MP9601
224338 1645756p 287 12.3077952606 2.20493332094 56509.4853855 r.MP9601
224338 1645768p 287 12.3116512431 2.20423345675 56509.5338376 r.MP9601
224338 1646265p 287 12.5186314605 2.1491664744 56512.464294 r.MP9601
224338 1646275p 287 12.5210254697 2.14826063308 56512.5031157 r.MP9601
224362 1646282p 287 20.5825784011 12.7118063975 56512.530388 r.MP9601
224362 1646295p 287 20.5882112402 12.7149827547 56512.583822 r.MP9601
224362 1651191p 287 21.4115224395 13.4498332266 56536.5334615 r.MP9601
224362 1651201p 287 21.4099040246 13.4498008583 56536.5723034 r.MP9601
224362 1651361p 287 21.3669147466 13.4472747387 56537.5207294 r.MP9601
224362 1651373p 287 21.3645192807 13.447068233 56537.5702907 r.MP9601
225907 1646437p 287 25.7476778615 15.28015187 56513.5192009 r.MP9601
225907 1646448p 287 25.7568790775 15.2845062817 56513.5619145 r.MP9601
225907 1667562p 287 22.4311338894 14.1846288204 56595.4077822 r.MP9601
225907 1667589p 287 22.4164889449 14.1758265645 56595.4864128 r.MP9601
225907 1667908p 387 22.0518069275 13.9524783556 56597.4851948 r.MP9601
225907 1671671p 387 19.5795719211 11.6883018896 56623.3715763 r.MP9601
225907 1672399p 287 19.7925759857 11.4080298435 56630.3509256 r.MP9601
225955 1667912p 387 24.453555435 12.2047209898 56597.5054241 r.MP9601
225955 1671668p 387 20.6181621254 12.0059158038 56623.3562943 r.MP9601
225955 1672212p 387 20.5103266445 12.1673945422 56629.2993826 r.MP9601
225955 1672397p 287 20.524919451 12.2056480849 56630.3429935 r.MP9601
225955 1681858p 387 23.9179063243 14.0531310945 56656.3792043 r.MP9601
225955 1681859p 387 23.9193110241 14.0537375362 56656.3852352 r.MP9601
225955 1681941p 387 24.6032911289 14.3459604375 56659.2152939 r.MP9601
225955 1681954p 287 24.6169348833 14.351690216 56659.2691509 r.MP9601
225955 1681966p 387 24.6306897901 14.3574666735 56659.3234465 r.MP9601
227494 1681939p 387 25.0946152987 12.4494992589 56659.2051861 r.MP9601
227494 1681952p 287 25.1048905929 12.4543053191 56659.2613609 r.MP9601
227494 1681964p 387 25.1143989709 12.4587526698 56659.3133429 r.MP9601
231157 1646288p 287 21.8607542491 11.4453446083 56512.5556662 r.MP9601
231157 1646299p 287 21.8660868412 11.4473587387 56512.5993461 r.MP9601
231157 1651194p 287 23.1279617335 11.8422021234 56536.5451291 r.MP9601
231157 1651204p 287 23.1271035529 11.8415868241 56536.5839901 r.MP9601
231157 1651366p 287 23.1020768351 11.8248926789 56537.5430799 r.MP9601
231157 1651377p 287 23.1008294198 11.8240967092 56537.5858485 r.MP9601
231880 1778494p 387 216.3168044 -14.7913885587 57048.6225432 r.MP9601
232090 1667593p 287 24.5578584017 12.2583593839 56595.502021 r.MP9601
232090 1667912p 387 24.0933403216 12.1467835038 56597.5054241 r.MP9601
232090 1671670p 387 19.9963973565 11.1810568257 56623.3665397 r.MP9601
232090 1672399p 287 19.7216369627 11.1736748945 56630.3509256 r.MP9601
232090 1681664p 287 21.8514113601 12.2028918213 56655.2391209 r.MP9601
232090 1681848p 287 22.0463793503 12.2826409079 56656.330251 r.MP9601
232090 1681945p 287 22.6018260523 12.5072953594 56659.2337784 r.MP9601
232090 1681957p 287 22.6113437992 12.5111155409 56659.2808765 r.MP9601
232090 1681973p 387 22.6277818601 12.5177133606 56659.3622195 r.MP9601
232090 1682226p 287 22.7999403779 12.5866962306 56660.2077138 r.MP9601
232090 1682236p 287 22.8087839855 12.5902218822 56660.2501631 r.MP9601
232090 1682249p 387 22.8219386164 12.5954661951 56660.3133054 r.MP9601
233175 1646292p 287 20.5363315417 12.2922756499 56512.5711885 r.MP9601
233175 1646293p 287 20.5370806438 12.2927936956 56512.5759828 r.MP9601
233175 1646304p 287 20.5439592262 12.2975506175 56512.6200057 r.MP9601
233175 1651188p 287 22.2785855812 14.1547137006 56536.5218196 r.MP9601
233175 1651198p 287 22.2779223058 14.1564285103 56536.5606455 r.MP9601
233175 1651357p 287 22.2576240505 14.1963854052 56537.503316 r.MP9601
233175 1651358p 287 22.2574793528 14.1966178703 56537.5090091 r.MP9601
233175 1651370p 287 22.2562177263 14.1986447457 56537.5586468 r.MP9601
241292 1686685p 387 216.13579555 -13.7625179934 56689.6428131 r.MP9601
241292 1686794p 387 216.31508268 -13.8033039801 56690.6406505 r.MP9601
241292 1686861p 387 216.481094081 -13.8403741265 56691.5852292 r.MP9601
241292 1698833p 387 217.155870754 -12.5323211184 56752.4226622 r.MP9601
243303 1645559p 287 13.1278266325 3.73693241378 56508.5021655 r.MP9601
243303 1645754p 287 13.2715716017 3.72965600427 56509.4775995 r.MP9601
243303 1645764p 287 13.2771603872 3.72928881836 56509.5164781 r.MP9601
243303 1646263p 287 13.6674340621 3.6856163713 56512.4565009 r.MP9601
243303 1646273p 287 13.6721449375 3.68481773491 56512.4953534 r.MP9601
243651 1686861p 387 215.962848256 -14.4782955095 56691.5852292 r.MP9601
243651 1691683p 287 217.558604269 -14.6855059039 56712.605107 r.MP9601
243651 1691918p 287 217.575489017 -14.6748048388 56713.5881567 r.MP9601
243651 1692337p 287 217.592409738 -14.6307470288 56716.5361046 r.MP9601
243651 1698318p 287 215.309506494 -13.3564349766 56744.4416696 r.MP9601
243651 1698328p 287 215.303418696 -13.3536135369 56744.4807356 r.MP9601
243651 1698828p 387 213.942316981 -12.734050921 56752.3974148 r.MP9601
246394 1691671p 287 213.492299982 -12.2770277472 56712.5584598 r.MP9601
246394 1691904p 287 213.499722401 -12.2935036625 56713.5278135 r.MP9601
246394 1692178p 287 213.496725223 -12.3235404558 56715.638792 r.MP9601
247663 1768986p 287 16.3788885213 4.39008033965 57008.2548593 r.MP9601
248916 1757901p 287 10.8267185996 4.36701551054 56985.2866514 r.MP9601
249701 1728797p 287 13.4682410539 3.92873913898 56861.5754007 r.MP9601
249701 1729705p 287 13.7510511198 4.08040693181 56865.5440722 r.MP9601
249701 1734920p 387 13.4869485865 4.26589699967 56891.6185243 r.MP9601
249701 1735086p 287 13.3988435411 4.24360288551 56892.6268628 r.MP9601
249701 1736299p 287 12.8937279727 4.10698827655 56897.473685 r.MP9601
251027 1611938p 287 217.342769773 -12.6000284287 56358.5706975 r.MP9601
251027 1611939p 287 217.342524986 -12.5998087483 56358.5763465 r.MP9601
251027 1611950p 287 217.34051708 -12.5980067808 56358.6226828 r.MP9601
251648 1607612p 287 211.935966397 -13.3513692015 56331.5602852 r.MP9601
251648 1607623p 287 211.938679583 -13.3517886312 56331.607471 r.MP9601
251999 1728796p 287 12.6503626334 2.24329607422 56861.5715195 r.MP9601
251999 1729024p 287 12.7090820476 2.26920452894 56862.592458 r.MP9601
251999 1729707p 287 12.850870428 2.33320310047 56865.5519288 r.MP9601
253215 1722366p 287 12.4744280376 3.33974738339 56833.600572 r.MP9601
253215 1722513p 287 12.784072263 3.48019713342 56834.5994251 r.MP9601
253217 1607779p 287 214.68246391 -12.366754865 56332.5626729 r.MP9601
253217 1611931p 287 215.33748715 -11.9176431933 56358.5415673 r.MP9601
253217 1611944p 287 215.334895637 -11.9151705564 56358.5986282 r.MP9601
253252 1722735p 287 17.2690894106 4.35199225695 56835.5939185 r.MP9601
253252 1722735p 287 17.2690894106 4.35199225695 56835.5939185 r.MP9601
253252 1722898p 287 17.5835989389 4.48098102231 56836.5989819 r.MP9601
253252 1729021p 287 24.8743649508 7.40591632326 56862.5805761 r.MP9601
253260 1722740p 287 18.6687509166 6.90205981282 56835.6133812 r.MP9601
254048 1757899p 287 14.8670596428 4.40183487523 56985.2788898 r.MP9601
254048 1757987p 287 14.7831404546 4.40108767076 56986.3052049 r.MP9601
254048 1768990p 287 14.5584742862 4.9911492275 57008.2705673 r.MP9601
254048 1768991p 287 14.5587024378 4.99135753982 57008.2745351 r.MP9601
254636 1757088p 387 14.0518225437 4.19228865326 56980.2073796 r.MP9601
254636 1757101p 387 14.0555213276 4.19086891803 56980.2746302 r.MP9601
254636 1757899p 287 14.4162139766 4.13262283898 56985.2788898 r.MP9601
254636 1757987p 287 14.5131828206 4.13332435108 56986.3052049 r.MP9601
256090 1774682p 387 14.8500566188 6.11894017533 57039.2876821 r.MP9601
256245 1757889p 287 16.2484000002 4.76418889009 56985.24 r.MP9601
256245 1757973p 287 16.243726955 4.72830428107 56986.236173 r.MP9601
256872 1735263p 287 12.1688478387 4.70602754011 56893.5015508 r.MP9601
259203 1757800p 500 44.2941393918 13.8406815836 56984.4227796 r.MP9601
259234 1729480p 287 26.1311697201 13.1183992723 56864.5138912 r.MP9601
259234 1729491p 287 26.1451937252 13.1250928206 56864.5571529 r.MP9601
259234 1729502p 287 26.1592288969 13.1317916986 56864.600449 r.MP9601
259264 1722359p 287 14.3307392591 3.01029905302 56833.5732595 r.MP9601
259264 1722506p 287 14.7008639263 3.17313407969 56834.5721548 r.MP9601
259264 1729021p 287 24.2644681055 7.3608330126 56862.5805761 r.MP9601
259264 1757098p 387 23.0927120067 12.691880831 56980.2604228 r.MP9601
259264 1757121p 387 23.0783373048 12.6928282131 56980.3915987 r.MP9601
259264 1757546p 287 22.889053644 12.7090704723 56982.2354561 r.MP9601
259264 1757587p 287 22.8741375445 12.710906989 56982.3967112 r.MP9601
259264 1757588p 287 22.8736879118 12.7109623492 56982.4015721 r.MP9601
264137 1645239p 287 15.517565327 5.59666403135 56506.5201901 r.MP9601
264137 1645250p 287 15.5247596124 5.60106845358 56506.5629284 r.MP9601
267353 1646294p 287 23.4926871071 12.4415798385 56512.5799415 r.MP9601
267353 1646305p 287 23.4961122732 12.4442051886 56512.6239008 r.MP9601
267353 1651488p 287 23.6077819856 13.334247437 56538.4287822 r.MP9601
267353 1651500p 287 23.6043229148 13.3345583647 56538.4754214 r.MP9601
267353 1656930p 287 19.7355524969 12.6906137522 56564.4963984 r.MP9601
270314 1645757p 287 12.3793865122 2.95872188914 56509.4892643 r.MP9601
270314 1645769p 287 12.3802748399 2.95947562171 56509.5377185 r.MP9601
270314 1646266p 287 12.4095302915 2.9960883187 56512.4681749 r.MP9601
270314 1646276p 287 12.4095949976 2.99645498663 56512.5069986 r.MP9601
270314 1651060p 287 10.8823578391 2.63795852301 56535.5649258 r.MP9601
270375 1645242p 287 16.8884242492 5.91595656655 56506.5318629 r.MP9601
270375 1645253p 287 16.8938516127 5.91668021503 56506.5745701 r.MP9601
276040 1778497p 387 215.591918911 -10.9978330367 57048.6378056 r.MP9601
286877 1691927p 387 239.916714326 -14.3531329827 56713.6303013 r.MP9601
286877 1692360p 387 240.455615281 -14.3714933084 56716.6484944 r.MP9601
286877 1704852p 287 240.346868387 -12.7101612974 56777.4403511 r.MP9601
286877 1704865p 287 240.33733557 -12.7077423093 56777.4918798 r.MP9601
286877 1704878p 287 240.327755806 -12.7053114083 56777.5436623 r.MP9601
286877 1704879p 287 240.326821221 -12.7050742538 56777.5487141 r.MP9601
286877 1705711p 287 239.359964116 -12.4745036652 56782.4749215 r.MP9601
286877 1705712p 287 239.359007773 -12.4742872806 56782.4795583 r.MP9601
286877 1705891p 287 239.165051567 -12.4310190014 56783.4116361 r.MP9601
286877 1705906p 287 239.150982175 -12.4279358078 56783.4785006 r.MP9601
286877 1705921p 287 239.134979027 -12.4244288472 56783.5545551 r.MP9601
286877 1705921p 287 239.134979027 -12.4244288472 56783.5545551 r.MP9601
286877 1716715p 287 233.645718029 -11.5295108026 56807.3971895 r.MP9601
286877 1716969p 287 233.412257274 -11.5055935928 56808.4357883 r.MP9601
286877 1717106p 287 233.214805629 -11.4863928164 56809.3241333 r.MP9601
286877 1717117p 287 233.205319956 -11.4855082042 56809.3671684 r.MP9601
286877 1717128p 287 233.195856795 -11.4846256915 56809.4101015 r.MP9601
286877 1721425p 287 229.632049193 -11.4345302678 56829.3657207 r.MP9601
286877 1721435p 287 229.627172924 -11.435189077 56829.4046013 r.MP9601
286877 1728595p 287 228.645720491 -12.6411607075 56857.289994 r.MP9601
286877 1728599p 287 228.646642923 -12.6422469783 56857.3061534 r.MP9601
288010 1728416p 287 214.614446539 -14.2168561352 56856.2968209 r.MP9601
288010 1728417p 287 214.614981979 -14.2169783817 56856.3012217 r.MP9601
291912 1611935p 287 217.752433099 -14.7237312534 56358.5577856 r.MP9601
291912 1611936p 287 217.752284063 -14.7235863579 56358.5627534 r.MP9601
291912 1611948p 287 217.750724713 -14.7220703226 56358.6147318 r.MP9601
291912 1611948p 287 217.750724713 -14.7220703226 56358.6147318 r.MP9601
291912 1615937p 287 214.64675829 -13.0879957937 56386.5386638 r.MP9601
291912 1616316p 287 214.11661129 -12.8421822081 56389.3872454 r.MP9601
291912 1616327p 287 214.108199861 -12.8383056363 56389.4311312 r.MP9601
291912 1616344p 287 214.0941341 -12.8318231555 56389.5045177 r.MP9601
291912 1616345p 287 214.093152525 -12.831370777 56389.509639 r.MP9601
291912 1616346p 287 214.092206114 -12.8309346052 56389.5145768 r.MP9601
291912 1616347p 287 214.091258937 -12.8304980801 56389.5195186 r.MP9601
291912 1616348p 287 214.09028522 -12.8300493234 56389.5245989 r.MP9601
291912 1616503p 287 213.917483222 -12.7503913834 56390.4197864 r.MP9601
291912 1616514p 287 213.90895063 -12.7464570119 56390.463637 r.MP9601
291912 1616566p 287 213.890368285 -12.7378887074 56390.5591351 r.MP9601
291912 1616567p 287 213.889366929 -12.7374269827 56390.5642813 r.MP9601
291912 1616681p 287 213.732030573 -12.6650354347 56391.3665824 r.MP9601
291912 1616692p 287 213.723497064 -12.6611190036 56391.409699 r.MP9601
291912 1616703p 287 213.714984174 -12.6572120347 56391.4527115 r.MP9601
292405 1616725p 287 238.797459931 -12.9630151346 56391.5511569 r.MP9601
292405 1616921p 287 238.691055098 -12.9170880088 56392.520251 r.MP9601
292405 1616931p 287 238.68647731 -12.9151438619 56392.5609424 r.MP9601
292405 1617938p 287 237.445676013 -12.4616872765 56401.565745 r.MP9601
294487 1691924p 387 237.711608889 -13.5714972349 56713.6151835 r.MP9601
294487 1692357p 387 238.074963589 -13.542508733 56716.6333795 r.MP9601
294487 1692656p 387 238.662458589 -13.4518086457 56722.5660129 r.MP9601
294487 1698714p 387 238.828968658 -12.4127944366 56751.5351914 r.MP9601
294487 1698717p 387 238.82753952 -12.4118468554 56751.5538324 r.MP9601
307290 1691924p 387 237.940665407 -13.853461315 56713.6151835 r.MP9601
307290 1692357p 387 238.515133491 -13.8495554015 56716.6333795 r.MP9601
307290 1692659p 387 239.521741642 -13.8020639804 56722.5811289 r.MP9601
307290 1704843p 287 238.859223178 -11.3076063072 56777.405158 r.MP9601
307290 1704856p 287 238.849800236 -11.3042292163 56777.456673 r.MP9601
307290 1704869p 287 238.840335792 -11.3008372518 56777.5084148 r.MP9601
307290 1705705p 287 237.880774411 -10.9797110962 56782.4503898 r.MP9601
307290 1705886p 287 237.686619489 -10.9194944839 56783.3922265 r.MP9601
307290 1705901p 287 237.672687871 -10.9152406966 56783.4590982 r.MP9601
307290 1705914p 287 237.662070844 -10.9119989643 56783.51006 r.MP9601
307290 1705916p 287 237.656843979 -10.9104030282 56783.5351489 r.MP9601
308765 1692360p 387 239.810795281 -14.8035154932 56716.6484944 r.MP9601
309428 1715867p 287 218.177648375 -14.0722604939 56802.3577269 r.MP9601
311781 1774675p 387 12.6353323091 2.51428971196 57039.2487676 r.MP9601
313805 1723397p 287 243.893308118 -14.1748379243 56839.4027546 r.MP9601
313805 1728442p 287 241.962528845 -14.394871908 56856.3811235 r.MP9601
313805 1729358p 287 241.643940394 -14.6275874903 56864.2928626 r.MP9601
318064 1757891p 287 14.7140058303 5.5124491939 56985.2477669 r.MP9601
318064 1757975p 287 14.6477706895 5.47383250267 56986.243962 r.MP9601
318064 1768991p 287 14.6676160055 5.27657455283 57008.2745351 r.MP9601
318088 1774672p 387 10.5227897341 1.43606220249 57039.233382 r.MP9601
319682 1729253p 287 23.8125573706 13.4779618639 56863.5049477 r.MP9601
319682 1729263p 287 23.8179704566 13.4805239489 56863.5441967 r.MP9601
319682 1729273p 287 23.8237360072 13.4832528601 56863.5860013 r.MP9601
319682 1735252p 287 25.903679165 14.6682760826 56893.4538891 r.MP9601
319682 1735268p 287 25.9031246973 14.6690359086 56893.5278181 r.MP9601
319682 1736560p 287 25.7582431821 14.6909017222 56899.4321636 r.MP9601
319682 1736589p 287 25.7537303543 14.6905707815 56899.5404715 r.MP9601
319682 1741570p 287 23.9419211217 14.195530692 56918.4474274 r.MP9601
319682 1741581p 287 23.9356148862 14.1934048612 56918.4901816 r.MP9601
319682 1742010p 287 23.1428541187 13.9169880491 56923.4542479 r.MP9601
319861 1735255p 287 26.7262662158 14.1276273148 56893.4703414 r.MP9601
319861 1735271p 287 26.7355621913 14.1332223847 56893.5402798 r.MP9601
319861 1736566p 287 27.3881560462 14.555652365 56899.4572943 r.MP9601
319861 1736595p 287 27.3974365437 14.562342612 56899.5638646 r.MP9601
319861 1741579p 287 27.5639468831 15.1840033488 56918.4824111 r.MP9601
319861 1741590p 287 27.5609384473 15.1840626868 56918.5251345 r.MP9601
319861 1742027p 287 27.1086685734 15.14739969 56923.5234675 r.MP9601
319861 1751556p 287 21.8843625568 13.498911208 56952.4287777 r.MP9601
319861 1751566p 287 21.8762966615 13.495592856 56952.4682037 r.MP9601
319861 1751576p 287 21.8682270741 13.492272985 56952.5076477 r.MP9601
319861 1751802p 387 21.6814368726 13.4148701845 56953.4258794 r.MP9601
319861 1752102p 387 21.2816585836 13.2451480792 56955.4310391 r.MP9601
321339 1722512p 287 12.2806173587 2.52910357491 56834.5955377 r.MP9601
321970 1734921p 387 13.5432842407 4.55246171907 56891.6235645 r.MP9601
321970 1735260p 287 13.5251681784 4.59700359024 56893.4899093 r.MP9601
321970 1736295p 287 13.4002858597 4.66244015726 56897.4581602 r.MP9601
321970 1736296p 287 13.4001047908 4.66248434668 56897.4620402 r.MP9601
321970 1778889p 287 21.4332106307 11.8117302269 57050.2260208 r.MP9601
322106 1722897p 287 16.301329766 6.44936196342 56836.5951006 r.MP9601
324468 1735064p 287 23.8998223413 12.2577080107 56892.540888 r.MP9601
324468 1735076p 287 23.9032012079 12.2584241481 56892.5877624 r.MP9601
324468 1736154p 287 24.1290778553 12.2944995942 56896.4332116 r.MP9601
324468 1736181p 287 24.1333905034 12.2948190496 56896.5290482 r.MP9601
324468 1757087p 387 13.7633367691 5.52194585497 56980.2022828 r.MP9601
324468 1757100p 387 13.7609809338 5.51871125566 56980.2695924 r.MP9601
324468 1757969p 387 13.6764466089 5.29255747974 56986.2188745 r.MP9601
324468 1768985p 287 15.6369230463 5.53170960835 57008.2509202 r.MP9601
324541 1729484p 287 26.807381156 14.6496846469 56864.5297474 r.MP9601
324541 1729495p 287 26.8141719438 14.6532631699 56864.5729779 r.MP9601
324541 1775272p 387 20.0617822721 12.4340222303 57041.2631838 r.MP9601
324541 1775281p 387 20.0723617562 12.4371526332 57041.3091815 r.MP9601
324541 1778893p 287 22.2800174104 13.1043528497 57050.2437764 r.MP9601
324541 1778893p 287 22.2800174104 13.1043528497 57050.2437764 r.MP9601
325142 1635600p 287 250.85173038 -17.3998024136 56476.398113 r.MP9601
325203 1756823p 387 45.135701099 15.9378263239 56978.2916381 r.MP9601
325203 1756845p 387 45.1102958634 15.9292369348 56978.4005177 r.MP9601
325203 1756870p 387 45.0836666183 15.9202337138 56978.5146431 r.MP9601
325203 1757801p 500 43.7413663059 15.4642043548 56984.4291271 r.MP9601
325909 1625661p 287 242.988267899 -12.7353379338 56421.5665804 r.MP9601
325909 1625936p 287 242.777805803 -12.6820506403 56422.5716721 r.MP9601
325909 1630537p 287 237.156024214 -11.6057758926 56447.3769883 r.MP9601
325909 1630866p 287 236.722832424 -11.5504599897 56449.3800434 r.MP9601
325909 1722366p 287 12.3463973767 3.01545864212 56833.600572 r.MP9601
325909 1722513p 287 12.7482690857 3.13643069376 56834.5994251 r.MP9601
326026 1625235p 287 237.156055642 -13.0565796185 56419.4399738 r.MP9601
326026 1625245p 287 237.146528719 -13.0534715442 56419.4841994 r.MP9601
326026 1625255p 287 237.137870555 -13.050646895 56419.524392 r.MP9601
326026 1625622p 287 236.712565997 -12.9137529267 56421.4722904 r.MP9601
326026 1625897p 287 236.489091576 -12.8430796981 56422.4798138 r.MP9601
327837 1735064p 287 23.4339208613 12.8131081283 56892.540888 r.MP9601
327837 1735076p 287 23.4372216039 12.8141237414 56892.5877624 r.MP9601
327837 1736154p 287 23.6564530074 12.874767335 56896.4332116 r.MP9601
327837 1736181p 287 23.6606458598 12.87569908 56896.5290482 r.MP9601
327837 1741549p 287 22.9490537213 12.3302781646 56918.36363 r.MP9601
327837 1741560p 287 22.9441742877 12.3275466751 56918.4083271 r.MP9601
327837 1742011p 287 22.315254361 11.9789161714 56923.4581292 r.MP9601
328913 1735071p 287 21.5423553015 12.4668576301 56892.5680553 r.MP9601
328913 1735083p 287 21.546855662 12.4686186407 56892.6150156 r.MP9601
328913 1736161p 287 21.8608522321 12.5880488016 56896.460401 r.MP9601
328913 1736198p 287 21.8705546895 12.5915805755 56896.6032592 r.MP9601
328913 1741557p 287 21.582257249 12.3053009933 56918.3963832 r.MP9601
328913 1741567p 287 21.5785484296 12.3032332444 56918.4357689 r.MP9601
328913 1742014p 287 21.0201338966 11.9944035772 56923.472806 r.MP9601
329588 1729487p 287 28.1697509633 15.1661249873 56864.5415604 r.MP9601
329588 1729498p 287 28.1792367936 15.1698929199 56864.5847596 r.MP9601
329588 1751816p 387 27.3526691123 14.7244118582 56953.4966027 r.MP9601
329588 1752118p 387 26.8801784931 14.4938263309 56955.5125606 r.MP9601
329588 1757089p 387 21.8892863842 11.6775856001 56980.2127973 r.MP9601
329588 1757112p 387 21.870637332 11.6646364066 56980.3456095 r.MP9601
329588 1757540p 287 21.6183051898 11.4860027779 56982.2107485 r.MP9601
329588 1757581p 287 21.5977229616 11.4709271985 56982.3732398 r.MP9601
331090 1671905p 387 24.4592266401 14.3537032932 56625.269535 r.MP9601
331090 1672413p 287 24.2134175245 14.3124310458 56630.4060294 r.MP9601
331090 1672609p 387 24.1913486662 14.3111942222 56631.2992 r.MP9601
335757 1646282p 287 20.3472698481 13.4037109098 56512.530388 r.MP9601
335757 1646295p 287 20.3494294742 13.4055959442 56512.583822 r.MP9601
335757 1651364p 287 19.6764805511 13.593854854 56537.5323769 r.MP9601
335757 1651365p 287 19.675834937 13.5937032751 56537.5391137 r.MP9601
335757 1651369p 287 19.6743345661 13.5933510141 56537.5547697 r.MP9601
335757 1651376p 287 19.6717291403 13.5927393054 56537.5819568 r.MP9601
335757 1651499p 287 19.5837265073 13.5715447696 56538.4715426 r.MP9601
337325 1715384p 287 215.141809065 -12.2377871427 56799.4134056 r.MP9601
337325 1716268p 287 214.145656173 -12.1219827091 56805.3894558 r.MP9601
337325 1716269p 287 214.145073617 -12.1219273826 56805.3933612 r.MP9601
337325 1722437p 287 212.393300691 -12.4751472638 56834.3131665 r.MP9601
337325 1728416p 287 214.308839965 -13.6851394549 56856.2968209 r.MP9601
337325 1728417p 287 214.309465256 -13.6854462937 56856.3012217 r.MP9601
344920 1778494p 387 216.108591736 -14.375171151 57048.6225432 r.MP9601
347120 1728411p 287 211.916824935 -10.7057568253 56856.2758631 r.MP9601
347491 1691670p 287 213.313946593 -11.1478056543 56712.5545778 r.MP9601
347491 1691903p 287 213.29979944 -11.1497488169 56713.5239352 r.MP9601
347491 1692177p 287 213.2498152 -11.1478571759 56715.6349074 r.MP9601
352352 1698858p 387 216.423333433 -13.9862615938 56752.5694439 r.MP9601
353098 1715414p 287 241.339225511 -13.3242670761 56799.5335627 r.MP9601
353098 1715419p 287 241.334691836 -13.3233387915 56799.5534545 r.MP9601
353098 1715892p 287 240.664818485 -13.1906285466 56802.4889134 r.MP9601
353098 1715893p 287 240.663927423 -13.1904558727 56802.492823 r.MP9601
353098 1721601p 287 235.236442486 -12.4559575268 56830.3448897 r.MP9601
353098 1721612p 287 235.230460096 -12.455731327 56830.3877486 r.MP9601
353098 1728609p 287 233.48015607 -12.9004578045 56857.3458189 r.MP9601
354402 1698696p 287 218.047042671 -15.4038805479 56751.4547729 r.MP9601
354402 1698706p 287 218.039909743 -15.4024173832 56751.4946774 r.MP9601
354402 1698861p 387 217.842366921 -15.3616333609 56752.5848168 r.MP9601
360315 1756822p 387 45.3634325383 14.4091354359 56978.2865738 r.MP9601
360315 1756844p 387 45.3383229081 14.4001612359 56978.395352 r.MP9601
360315 1756869p 387 45.3120551096 14.3907731057 56978.5091475 r.MP9601
360315 1757105p 500 44.9031360361 14.2444186081 56980.3003207 r.MP9601
360315 1757800p 500 43.9996783172 13.9220629798 56984.4227796 r.MP9601
361603 1626152p 287 211.186410282 -12.2159553624 56423.4221042 r.MP9601
361603 1626288p 287 211.006986734 -12.1240124695 56424.4237159 r.MP9601
361603 1635768p 287 210.125569596 -10.805171339 56477.2910267 r.MP9601
361603 1636126p 287 210.416277863 -10.8882968836 56479.2985273 r.MP9601
361603 1645170p 287 216.018196926 -12.6066551836 56506.2865687 r.MP9601
361603 1645479p 287 216.530903465 -12.7643156657 56508.251837 r.MP9601
361603 1646176p 287 217.611134162 -13.0936778616 56512.2458288 r.MP9601
361603 1646180p 287 217.615540507 -13.0950099097 56512.2617075 r.MP9601
362245 1645170p 287 215.226595055 -12.4975989296 56506.2865687 r.MP9601
362245 1645824p 287 216.584896223 -13.144382613 56510.2636753 r.MP9601
362245 1645956p 287 216.936141487 -13.3074375379 56511.263223 r.MP9601
362245 1646179p 287 217.289449752 -13.4698080784 56512.2577668 r.MP9601
365233 1626154p 287 211.534511707 -10.9330726759 56423.4338894 r.MP9601
365233 1626290p 287 211.333196205 -10.9146683323 56424.4316509 r.MP9601
365233 1636124p 287 210.14038066 -12.8411192753 56479.290526 r.MP9601
365685 1756826p 387 43.9453995321 15.733280868 56978.3070609 r.MP9601
365685 1756848p 387 43.9207477043 15.7239155903 56978.415819 r.MP9601
365685 1756873p 387 43.8948518895 15.7140777194 56978.5300652 r.MP9601
372577 1645559p 287 13.86323969 4.19557600768 56508.5021655 r.MP9601
372577 1645754p 287 14.0059559353 4.20319644168 56509.4775995 r.MP9601
372577 1646580p 287 14.7643552323 4.1841196722 56515.5036778 r.MP9601
372577 1650810p 287 15.6184071146 3.34441651795 56534.4279005 r.MP9601
372577 1651027p 287 15.5940085616 3.26611150827 56535.4320508 r.MP9601
372577 1651038p 287 15.5927890367 3.2626801001 56535.4750928 r.MP9601
374493 1646433p 287 24.4224404882 14.1531567207 56513.5029697 r.MP9601
374493 1646444p 287 24.4307091738 14.1566668411 56513.5463939 r.MP9601
374493 1658153p 287 23.4416836368 13.5455642763 56573.4999151 r.MP9601
374493 1667557p 287 19.0825015308 11.0650144727 56595.3883406 r.MP9601
374493 1667766p 287 18.9131717572 10.9549784053 56596.3850069 r.MP9601
374493 1667875p 287 18.7577028374 10.8523574471 56597.3252267 r.MP9601
374493 1667903p 387 18.7358773811 10.8378071429 56597.4598825 r.MP9601
379225 1650818p 287 17.5192913218 5.84702190739 56534.4616805 r.MP9601
379225 1650819p 287 17.5191741852 5.84675769922 56534.4663659 r.MP9601
379225 1650820p 287 17.5190564684 5.84649218249 56534.4710746 r.MP9601
379225 1650821p 287 17.5189373371 5.84622347513 56534.4758398 r.MP9601
379225 1651034p 287 17.4910906502 5.78909593454 56535.4595122 r.MP9601
379225 1651050p 287 17.4889862838 5.78516049611 56535.5251028 r.MP9601
379225 1651681p 287 17.3082260052 5.5262071174 56539.4392888 r.MP9601
379225 1651698p 287 17.3037317084 5.5207765088 56539.5141937 r.MP9601
379225 1656890p 287 13.9574028858 2.92860531192 56564.3686995 r.MP9601
379225 1656900p 287 13.9499617477 2.92370939973 56564.4076074 r.MP9601
379225 1657359p 287 13.177834378 2.42286334276 56568.357406 r.MP9601
379225 1657385p 287 13.1657185091 2.41514021411 56568.4181119 r.MP9601
379225 1657475p 287 12.9536340132 2.28007668249 56569.4797466 r.MP9601
379225 1657477p 287 12.9515633176 2.27875948996 56569.4901001 r.MP9601
379225 1658273p 287 11.9479639575 1.65105736149 56574.476943 r.MP9601