    Object      Image   Exp_time               RA              DEC             time       filter
1662 1735065p 287 23.9743930752 13.7575759446 56892.5447658 r.MP9601
1662 1735077p 287 23.977029919 13.7610005862 56892.591643 r.MP9601
1662 1736156p 287 24.1401779274 14.0233284578 56896.4409714 r.MP9601
1662 1736183p 287 24.142933385 14.029425074 56896.5368134 r.MP9601
1662 1736557p 287 24.1952372391 14.2020460321 56899.4205208 r.MP9601
1662 1736586p 287 24.196049563 14.2081535047 56899.5288306 r.MP9601
1662 1741551p 287 23.0641915315 14.7929368648 56918.3715142 r.MP9601
1662 1741562p 287 23.0585356455 14.7931229137 56918.416166 r.MP9601
1662 1778903p 287 25.4852727946 15.2213228889 57050.2832798 r.MP9601
4325 1728413p 287 211.590288722 -12.3132201636 56856.2836994 r.MP9601
10504 1635772p 287 212.687046328 -12.8499307603 56477.3075455 r.MP9601
10504 1636130p 287 212.762676568 -12.9228329546 56479.3153185 r.MP9601
10504 1645168p 287 215.66331238 -14.4543108929 56506.2784819 r.MP9601
10504 1645697p 287 216.180874731 -14.6779245629 56509.2793008 r.MP9601
10504 1645823p 287 216.357546089 -14.7527327271 56510.2593423 r.MP9601
10504 1645955p 287 216.541723305 -14.8299567193 56511.259232 r.MP9601
15575 1704848p 287 237.199381518 -13.7088829103 56777.4247935 r.MP9601
15575 1704861p 287 237.190001575 -13.7051936084 56777.4760734 r.MP9601
15575 1704874p 287 237.180536662 -13.7014708867 56777.5278178 r.MP9601
15575 1716493p 287 231.185460414 -11.7417133776 56806.3509138 r.MP9601
15575 1716503p 287 231.177572146 -11.7395644861 56806.3897882 r.MP9601
15575 1716513p 287 231.169692107 -11.7374178361 56806.4286221 r.MP9601
15575 1716735p 287 230.959712956 -11.6803649672 56807.4701852 r.MP9601
15575 1716954p 287 230.777582569 -11.631484176 56808.3864732 r.MP9601
16759 1774673p 387 16.8496729199 5.0606111176 57039.2385488 r.MP9601
17281 1616943p 287 242.677861679 -13.8900500359 56392.6092655 r.MP9601
17281 1617915p 287 242.10514548 -13.3145495133 56401.4721528 r.MP9601
17281 1617928p 287 242.100123685 -13.3109226614 56401.5250138 r.MP9601
17281 1625346p 287 239.278531249 -11.9538445395 56420.4303112 r.MP9601
17281 1625358p 287 239.269003094 -11.9503549719 56420.4793832 r.MP9601
17281 1625369p 287 239.260487546 -11.947236259 56420.5232401 r.MP9601
17281 1625652p 287 239.063195005 -11.8757749314 56421.5302363 r.MP9601
17281 1625904p 287 238.868669272 -11.8069624483 56422.5076793 r.MP9601
17281 1722514p 287 12.2562349735 4.607117183 56834.6033394 r.MP9601
17281 1729016p 287 18.3548716815 6.22363531902 56862.5608715 r.MP9601
17281 1729720p 287 18.8146534086 6.29701498676 56865.603386 r.MP9601
31728 1734910p 287 17.5798975432 6.58574046711 56891.5681404 r.MP9601
31728 1734914p 387 17.5790692649 6.58485362371 56891.5882198 r.MP9601
31728 1736288p 287 17.2432201292 6.2854189346 56897.4309135 r.MP9601
31728 1774995p 387 12.2073809723 2.26938660322 57040.2508336 r.MP9601
34335 1722366p 287 12.9743156272 3.18260036287 56833.600572 r.MP9601
34335 1722509p 287 13.2289131204 3.25848710262 56834.5838312 r.MP9601
34335 1729018p 287 19.2806697562 4.73457096255 56862.5686752 r.MP9601
34335 1756647p 500 10.9866404948 -2.41952514468 56977.3664236 r.MP9601
34335 1756648p 500 10.9862354167 -2.41959398148 56977.3727778 r.MP9601
34335 1756649p 500 10.9858310764 -2.4196626929 56977.3791204 r.MP9601
34335 1757677p 500 10.7185271991 -2.42884670782 56983.1922454 r.MP9601
34335 1757678p 500 10.7183666088 -2.42878960905 56983.198669 r.MP9601
34335 1757679p 500 10.7182077546 -2.42873312757 56983.2050231 r.MP9601
34335 1757772p 500 10.6941946615 -2.41890755208 56984.2207292 r.MP9601
34335 1757773p 500 10.6940757378 -2.41882826968 56984.2270718 r.MP9601
38248 1681687p 387 19.5575875177 13.1478391919 56655.3120749 r.MP9601
54446 1616726p 287 238.89951088 -12.5615384211 56391.5551561 r.MP9601
54446 1616922p 287 238.846945834 -12.4977035633 56392.5241304 r.MP9601
54446 1616932p 287 238.844599925 -12.4949950025 56392.5649288 r.MP9601
54446 1617938p 287 238.048108296 -11.8621231446 56401.565745 r.MP9601
54446 1728794p 287 14.5263806771 4.07244972605 56861.5636502 r.MP9601
54446 1729702p 287 15.0250494031 4.11798520419 56865.531114 r.MP9601
54446 1734908p 287 16.0707852576 3.38228701594 56891.5603804 r.MP9601
57189 1615943p 287 216.759207784 -13.601311709 56386.562711 r.MP9601
57499 1617917p 287 242.842446522 -14.4612954397 56401.4801506 r.MP9601
57499 1617930p 287 242.83537482 -14.4596945767 56401.5330232 r.MP9601
57499 1625926p 287 239.059647125 -13.7878975239 56422.5318653 r.MP9601
60541 1686683p 387 219.118947393 -15.4990009268 56689.6327123 r.MP9601
60541 1686792p 387 219.290365196 -15.571194652 56690.6305048 r.MP9601
60541 1686859p 387 219.449192451 -15.6385179029 56691.5751547 r.MP9601
62670 1757441p 387 24.2812215834 13.1932708118 56981.2134853 r.MP9601
62670 1757463p 387 24.2600913708 13.1868322429 56981.3539632 r.MP9601
62670 1757549p 287 24.1269334442 13.1462244847 56982.2474491 r.MP9601
62670 1757591p 287 24.1027211064 13.1388243433 56982.4139523 r.MP9601
62670 1778097p 387 26.1674389212 14.0506408249 57046.2562031 r.MP9601
62670 1778106p 387 26.1800278265 14.0552202673 57046.3218843 r.MP9601
64702 1757891p 287 15.0192123028 5.56434584584 56985.2477669 r.MP9601
64702 1757975p 287 14.9541122771 5.5780293991 56986.243962 r.MP9601
65312 1667878p 287 22.4976524804 11.3952048131 56597.3368702 r.MP9601
65312 1667906p 387 22.4710579742 11.3815046129 56597.4750235 r.MP9601
84241 1715389p 287 216.458589098 -14.2064405567 56799.4342528 r.MP9601
84241 1715880p 287 215.948245284 -13.9866171208 56802.4381967 r.MP9601
84241 1728415p 287 214.329380524 -12.7397366804 56856.2922088 r.MP9601
93765 1671730p 387 22.6942351244 13.8005935898 56624.286966 r.MP9601
93765 1672409p 287 22.5796149436 13.4542313496 56630.3904511 r.MP9601
93765 1672604p 287 22.5864243087 13.4132084718 56631.2715594 r.MP9601
93765 1672605p 387 22.5864941408 13.4129681895 56631.2769657 r.MP9601
93765 1672606p 387 22.5865844096 13.4126575869 56631.2839543 r.MP9601
103910 1704847p 287 238.479103763 -12.6298643149 56777.4209135 r.MP9601
103910 1704860p 287 238.469958549 -12.6259897073 56777.4721951 r.MP9601
103910 1704873p 287 238.460731208 -12.6220803042 56777.5239371 r.MP9601
103910 1705575p 287 237.729561543 -12.3262092193 56781.4505437 r.MP9601
103910 1705588p 287 237.719796995 -12.322421248 56781.50105 r.MP9601
103910 1705601p 287 237.709625751 -12.3184755068 56781.5536599 r.MP9601
103910 1705887p 287 237.34744551 -12.1812877392 56783.3961058 r.MP9601
103910 1705902p 287 237.334070794 -12.1763465249 56783.4629794 r.MP9601
103910 1705917p 287 237.318860556 -12.1707271867 56783.5390306 r.MP9601
103910 1721429p 287 229.273209316 -10.3239046815 56829.3812708 r.MP9601
103910 1721439p 287 229.270179835 -10.3242178899 56829.4201518 r.MP9601
103910 1728593p 287 229.548407781 -11.3478769684 56857.2821588 r.MP9601
109938 1631660p 287 242.109305202 -13.2965243797 56456.4628058 r.MP9601
109938 1635437p 287 239.154888505 -13.3272403763 56475.3530621 r.MP9601
109938 1635598p 287 239.041643734 -13.343227463 56476.3899805 r.MP9601
116438 1691673p 287 214.134457779 -13.1723150825 56712.5662232 r.MP9601
116438 1691906p 287 214.132544151 -13.1909345065 56713.5358216 r.MP9601
116438 1692180p 287 214.10922183 -13.225631828 56715.6466902 r.MP9601
120133 1751560p 287 23.8591064176 12.5910204202 56952.4449162 r.MP9601
120133 1751570p 287 23.8502093721 12.5886019121 56952.4843127 r.MP9601
120133 1751580p 287 23.8414270839 12.5862145989 56952.5232011 r.MP9601
120133 1751806p 387 23.6333697152 12.5295567371 56953.4461346 r.MP9601
120133 1752059p 387 23.2254934347 12.4171911143 56955.2650762 r.MP9601
120133 1778899p 287 23.5432247055 13.1106668572 57050.2674944 r.MP9601
122706 1728799p 287 16.1903362617 4.07610918975 56861.5832809 r.MP9601
122706 1729713p 287 16.9893320614 4.20246520449 56865.5760282 r.MP9601
128885 1657412p 287 22.0249025294 12.6876191885 56568.4955304 r.MP9601
128885 1657502p 287 21.7914950685 12.6570574844 56569.5922409 r.MP9601
128885 1658261p 287 20.7296049427 12.4974357925 56574.4047101 r.MP9601
138186 1716500p 287 229.82234532 -10.6872356831 56806.3781164 r.MP9601
138186 1716510p 287 229.815225473 -10.6852399683 56806.416952 r.MP9601
138186 1716520p 287 229.808098895 -10.6832423671 56806.4558242 r.MP9601
138186 1716739p 287 229.621108226 -10.631262203 56807.4857083 r.MP9601
138186 1716958p 287 229.458054499 -10.5869588631 56808.4020597 r.MP9601
141168 1729485p 287 27.0763054543 15.3610628664 56864.5336882 r.MP9601
141168 1729496p 287 27.0830552351 15.3642067643 56864.5768868 r.MP9601
141168 1751576p 287 21.9513297683 14.1792734682 56952.5076477 r.MP9601
141168 1751802p 387 21.7613290418 14.091804858 56953.4258794 r.MP9601
141168 1752102p 387 21.3504516565 13.8996834677 56955.4310391 r.MP9601
141168 1778895p 287 22.8708028851 11.9319883467 57050.2516792 r.MP9601
143421 1625355p 287 242.205543639 -14.2168337353 56420.4672596 r.MP9601
143421 1625366p 287 242.19641366 -14.215489294 56420.5112595 r.MP9601
143421 1625377p 287 242.187320836 -14.2141503239 56420.5550803 r.MP9601
143421 1625657p 287 241.979445608 -14.1838949356 56421.550259 r.MP9601
143421 1625932p 287 241.766892047 -14.1536037138 56422.5558021 r.MP9601
152288 1635446p 287 241.307021844 -13.4851080039 56475.388814 r.MP9601
152288 1635786p 287 241.107874304 -13.4890340372 56477.3681689 r.MP9601
153095 1734912p 287 24.5269382607 6.55636508048 56891.5759797 r.MP9601
153095 1734916p 387 24.5288584344 6.55566288104 56891.5983507 r.MP9601
153095 1736290p 287 24.9097428596 6.31874091437 56897.4387302 r.MP9601
154917 1646289p 287 21.2606073822 12.6540154816 56512.5595474 r.MP9601
154917 1646300p 287 21.2647204615 12.6557383644 56512.6032261 r.MP9601
154917 1646301p 287 21.2651956237 12.6559373999 56512.6082721 r.MP9601
154917 1646429p 287 21.3451415659 12.6893975207 56513.4874517 r.MP9601
154917 1646452p 287 21.3530902525 12.6927219714 56513.5774368 r.MP9601
154917 1651187p 287 21.7185369871 12.8220117051 56536.5179374 r.MP9601
154917 1651197p 287 21.7162719481 12.8209546869 56536.5567666 r.MP9601
154917 1651356p 287 21.6581610817 12.7937669157 56537.4994413 r.MP9601
154917 1651368p 287 21.6548411374 12.7922104687 56537.5508469 r.MP9601
155138 1729011p 287 16.2165213597 5.66916525723 56862.5414084 r.MP9601
155138 1729712p 287 16.4733237977 5.81308424753 56865.5720701 r.MP9601
155138 1734911p 287 16.7852638061 6.34547322876 56891.5720209 r.MP9601
155138 1734915p 387 16.7840514375 6.34536703589 56891.5932595 r.MP9601
155138 1736289p 287 16.3519372134 6.28028962795 56897.4347958 r.MP9601
161598 1728799p 287 15.6262795913 3.49022923989 56861.5832809 r.MP9601
161598 1729710p 287 15.9783956879 3.64532917444 56865.5639455 r.MP9601
161598 1734908p 287 16.3042112989 3.91838307646 56891.5603804 r.MP9601
161855 1729253p 287 24.1999418067 13.6925245034 56863.5049477 r.MP9601
161855 1729263p 287 24.2060908107 13.6960242025 56863.5441967 r.MP9601
161855 1729273p 287 24.2126401975 13.6997517791 56863.5860013 r.MP9601
161855 1729478p 287 24.3546641671 13.7809411888 56864.5059945 r.MP9601
161855 1729489p 287 24.361281085 13.784737781 56864.5493842 r.MP9601
161855 1729500p 287 24.3678679812 13.7885171477 56864.5925769 r.MP9601
161855 1735256p 287 26.8293471053 15.6698168369 56893.4742297 r.MP9601
161855 1735272p 287 26.8299881477 15.672575262 56893.5441616 r.MP9601
161855 1736564p 287 26.7792631904 15.868500561 56899.4495054 r.MP9601
161855 1736593p 287 26.7764205127 15.87137285 56899.5561058 r.MP9601
161855 1775267p 387 19.0832752621 12.6224243856 57041.2376053 r.MP9601
161855 1775276p 387 19.0943408705 12.6258055438 57041.283712 r.MP9601
161855 1778891p 287 21.3856293199 13.3366364307 57050.2358937 r.MP9601
168656 1692357p 387 238.262133606 -13.0898890429 56716.6333795 r.MP9601
168656 1692656p 387 239.266552802 -13.0831238209 56722.5660129 r.MP9601
168656 1704841p 287 237.892998588 -11.2660059486 56777.3973987 r.MP9601
168656 1704854p 287 237.88312503 -11.2636878091 56777.4489129 r.MP9601
168656 1704867p 287 237.873208588 -11.2613596009 56777.5006508 r.MP9601
174458 1691673p 287 213.566651484 -13.7338143434 56712.5662232 r.MP9601
174458 1691906p 287 213.566353854 -13.7540497647 56713.5358216 r.MP9601
174458 1692180p 287 213.547088555 -13.7929022507 56715.6466902 r.MP9601
181558 1645691p 287 213.779167856 -13.6794412992 56509.2553622 r.MP9601
182139 1635444p 287 240.849340428 -12.8132366144 56475.3808197 r.MP9601
182139 1635787p 287 240.634983724 -12.8778154772 56477.3720622 r.MP9601
187320 1729482p 287 25.7028560604 15.0444653999 56864.5219441 r.MP9601
187320 1729493p 287 25.7129514322 15.0488645673 56864.5649795 r.MP9601
187320 1729504p 287 25.7231249758 15.0532977988 56864.608348 r.MP9601
187320 1751518p 287 23.9504291122 14.6087150006 56952.2741028 r.MP9601
187320 1751529p 287 23.9409250384 14.6038536138 56952.3190925 r.MP9601
187320 1751540p 287 23.931457708 14.5990110214 56952.3639083 r.MP9601
187320 1751808p 387 23.7014608526 14.4807239143 56953.4562504 r.MP9601
187320 1752110p 387 23.2819744289 14.2609526998 56955.472189 r.MP9601
187320 1778100p 387 26.6622910914 12.3532935206 57046.2878527 r.MP9601
187320 1778110p 387 26.677020777 12.3574289844 57046.3436118 r.MP9601
199290 1681665p 287 21.5420662535 13.5429265651 56655.243085 r.MP9601
199290 1681849p 287 21.6616274275 13.5529722441 56656.3342126 r.MP9601
199290 1681944p 287 22.0097873885 13.5920782897 56659.2298705 r.MP9601
199290 1681956p 287 22.0158897732 13.592902406 56659.2769629 r.MP9601
199290 1681972p 387 22.0262848617 13.5943062443 56659.3571822 r.MP9601
199290 1682227p 287 22.1381486482 13.6097286777 56660.2115949 r.MP9601
199290 1682237p 287 22.1438789957 13.6105658272 56660.2540419 r.MP9601
199290 1682250p 387 22.1525599059 13.611834026 56660.318345 r.MP9601
199433 1667594p 287 23.8478888681 13.502688598 56595.5058975 r.MP9601
199433 1667910p 387 23.4216172283 13.379039806 56597.4953215 r.MP9601
199433 1671671p 387 19.3550348749 12.0825351677 56623.3715763 r.MP9601
199433 1672403p 287 18.8979082847 11.9186409608 56630.3665358 r.MP9601
199433 1681686p 387 19.7456342109 12.2023252366 56655.3070352 r.MP9601
199433 1681688p 387 19.7468068639 12.2027417775 56655.3179014 r.MP9601
208016 1698861p 387 217.433268973 -15.6183088973 56752.5848168 r.MP9601
208016 1728412p 287 211.225426176 -11.08089916 56856.2797859 r.MP9601
208016 1728421p 287 211.232530591 -11.0829960579 56856.3173423 r.MP9601
208148 1698690p 287 214.801060232 -13.6139719888 56751.4311386 r.MP9601
208148 1698700p 287 214.79452123 -13.6109967429 56751.4703726 r.MP9601
208148 1698854p 287 214.613797129 -13.528582144 56752.5451766 r.MP9601
208148 1698855p 387 214.612300303 -13.5278980908 56752.5540031 r.MP9601
209295 1692669p 387 244.839532785 -14.6248687656 56722.6315425 r.MP9601
209295 1692843p 387 245.01467955 -14.6149903658 56723.6061759 r.MP9601
209295 1728609p 287 234.182197304 -12.5880778222 56857.3458189 r.MP9601
210138 1691901p 287 212.398628744 -11.7486571406 56713.5160758 r.MP9601
210138 1691912p 387 212.398865029 -11.7476514171 56713.5596976 r.MP9601
210138 1691922p 387 212.399106825 -11.7466222307 56713.604337 r.MP9601
210138 1692175p 287 212.397593531 -11.6951586994 56715.6268233 r.MP9601
210364 1728420p 287 216.221779983 -13.6903910649 56856.313239 r.MP9601
210821 1686858p 387 216.479399541 -12.1981865049 56691.5701158 r.MP9601
210821 1686923p 387 216.627615117 -12.2527818209 56692.6500809 r.MP9601
210821 1686924p 387 216.628333597 -12.2530471057 56692.6553866 r.MP9601
210821 1698320p 287 216.690157302 -12.8053763061 56744.4494839 r.MP9601
210821 1698321p 287 216.689597873 -12.8052613848 56744.4533869 r.MP9601
210821 1698330p 287 216.684553434 -12.8042251241 56744.4885807 r.MP9601
210821 1698331p 287 216.683995107 -12.8041104289 56744.492476 r.MP9601
210821 1698332p 287 216.68320977 -12.8039491001 56744.4979551 r.MP9601
210821 1698831p 387 215.399076302 -12.5286130316 56752.4125391 r.MP9601
210821 1698832p 387 215.398164281 -12.5284117678 56752.4176058 r.MP9601
212202 1715393p 287 214.525329873 -14.267536261 56799.4498917 r.MP9601
212202 1722437p 287 212.152442149 -12.7102382416 56834.3131665 r.MP9601
214851 1728440p 287 243.596830722 -13.792517986 56856.3732472 r.MP9601
217434 1615939p 287 215.849759395 -14.2881337651 56386.5466441 r.MP9601
217434 1616318p 287 215.343551171 -14.2273351094 56389.3952189 r.MP9601
217434 1616329p 287 215.335445018 -14.2263005404 56389.4390359 r.MP9601
217434 1616505p 287 215.150583779 -14.2023633067 56390.42769 r.MP9601
217434 1616516p 287 215.142008361 -14.2012324823 56390.4729229 r.MP9601
217434 1616683p 287 214.969398574 -14.1781770832 56391.3743421 r.MP9601
217434 1616694p 287 214.961026384 -14.1770392319 56391.4174607 r.MP9601
217434 1616705p 287 214.952646909 -14.1759003906 56391.4606168 r.MP9601
218955 1751776p 287 13.0655854675 2.31804431314 56953.311099 r.MP9601
218955 1751777p 287 13.0648995639 2.31768974039 56953.3149907 r.MP9601
218955 1751778p 287 13.0642130905 2.31733487317 56953.3188855 r.MP9601
218958 1722364p 287 13.9475910579 5.17241149928 56833.5927872 r.MP9601
218958 1722508p 287 14.1729464787 5.24438511862 56834.5799478 r.MP9601
218958 1729019p 287 19.198066536 6.59562146107 56862.5726235 r.MP9601
219044 1735070p 287 21.7675411682 11.3567395078 56892.5641735 r.MP9601
219044 1735082p 287 21.7665040897 11.3578091989 56892.6111356 r.MP9601
219044 1736160p 287 21.6359330824 11.4290941675 56896.4565193 r.MP9601
219044 1736197p 287 21.6294448823 11.4311576929 56896.5993787 r.MP9601
221278 1722367p 287 12.7005090211 4.55458915503 56833.6044934 r.MP9601
221278 1722514p 287 13.0346978607 4.65984971022 56834.6033394 r.MP9601
227633 1681858p 387 23.4053070301 14.6835915709 56656.3792043 r.MP9601
227633 1681859p 387 23.4058221704 14.6836133492 56656.3852352 r.MP9601
227633 1681950p 287 23.67116453 14.7022547989 56659.2532577 r.MP9601
227633 1681963p 387 23.6767316642 14.7028023859 56659.3080164 r.MP9601
227633 1682230p 287 23.77080655 14.7124511674 56660.2232773 r.MP9601
227633 1682240p 287 23.7753123706 14.712969484 56660.2656851 r.MP9601
229153 1646431p 287 23.700575199 14.8090930688 56513.4952085 r.MP9601
229153 1646442p 287 23.7066904478 14.8122773404 56513.5386304 r.MP9601
236930 1778494p 387 216.335760314 -15.1907959034 57048.6225432 r.MP9601
241180 1778493p 387 215.348950143 -13.195583029 57048.6174421 r.MP9601
241180 1778496p 387 215.351387895 -13.196580195 57048.6327179 r.MP9601
258615 1757440p 387 24.123753888 12.9501645705 56981.2084387 r.MP9601
258615 1757462p 387 24.1057844282 12.9381068874 56981.3489165 r.MP9601
258615 1757549p 287 23.9923936936 12.8614639927 56982.2474491 r.MP9601
258615 1757591p 287 23.9721358063 12.8474962257 56982.4139523 r.MP9601
260983 1607612p 287 212.162009679 -13.1442199037 56331.5602852 r.MP9601
260983 1607623p 287 212.169126878 -13.1456748007 56331.607471 r.MP9601
260983 1611704p 287 214.231274512 -13.1856862469 56357.5098049 r.MP9601
260983 1611705p 287 214.231288577 -13.1855221584 56357.5154308 r.MP9601
260983 1611927p 287 214.230311152 -13.1548995647 56358.5253236 r.MP9601
260983 1611940p 287 214.230081555 -13.1531699394 56358.5804267 r.MP9601
260983 1611953p 287 214.229855708 -13.1514685572 56358.63463 r.MP9601
260983 1612057p 287 214.223037913 -13.1226310219 56359.5083603 r.MP9601
260983 1612253p 287 214.209181348 -13.0867612213 56360.5241191 r.MP9601
260983 1612254p 287 214.209100972 -13.086585733 56360.5289417 r.MP9601
260983 1612606p 287 214.16172542 -13.0076252355 56362.5473097 r.MP9601
260983 1615909p 287 211.748186627 -11.3565262539 56386.4258323 r.MP9601
260983 1615919p 287 211.74156205 -11.3527391756 56386.4662877 r.MP9601
260983 1615929p 287 211.73496799 -11.3489695438 56386.5065568 r.MP9601
260983 1616094p 287 211.560144606 -11.2494518332 56387.5613257 r.MP9601
260983 1616095p 287 211.559467149 -11.2490676036 56387.5653703 r.MP9601
260983 1616197p 287 211.383850098 -11.1500474391 56388.5989315 r.MP9601
260983 1616494p 287 211.071449814 -10.9756874652 56390.3834975 r.MP9601
275445 1646437p 287 25.7108870712 15.0197738326 56513.5192009 r.MP9601
275445 1646448p 287 25.7142507653 15.0223603768 56513.5619145 r.MP9601
275445 1651343p 287 25.9554691122 15.8755315027 56537.4488197 r.MP9601
275445 1651354p 287 25.9528090934 15.8759004539 56537.4916656 r.MP9601
275445 1651498p 287 25.8892949634 15.8831355453 56538.4676347 r.MP9601
275445 1651510p 287 25.8861110318 15.8834202871 56538.5142288 r.MP9601
275569 1681669p 287 22.3217043134 14.1811603969 56655.2596776 r.MP9601
275569 1681855p 387 22.4232225729 14.2034435575 56656.3640616 r.MP9601
275569 1681947p 287 22.7191591481 14.273099128 56659.2415686 r.MP9601
275569 1681959p 287 22.7244368761 14.2744071151 56659.2886561 r.MP9601
275569 1681975p 387 22.7338133045 14.2767308892 56659.372312 r.MP9601
275569 1682227p 287 22.8290290704 14.3004557381 56660.2115949 r.MP9601
275569 1682237p 287 22.834016595 14.3017173578 56660.2540419 r.MP9601
275569 1682250p 387 22.841572202 14.303628587 56660.318345 r.MP9601
287560 1722366p 287 12.6375437002 3.22009321277 56833.600572 r.MP9601
287560 1722513p 287 12.8578737636 3.28468549311 56834.5994251 r.MP9601
287560 1729015p 287 17.7048025642 4.39949399353 56862.5569867 r.MP9601
287560 1729716p 287 18.0494260681 4.42947345125 56865.5876844 r.MP9601
288385 1691932p 387 241.660996572 -14.2261111111 56713.6569583 r.MP9601
288385 1692664p 387 243.356886982 -14.1688098652 56722.6063219 r.MP9601
288385 1692838p 387 243.516424218 -14.1559811798 56723.5809745 r.MP9601
288385 1705083p 287 243.073866069 -11.9627207586 56778.4258348 r.MP9601
288385 1705084p 287 243.073195063 -11.9625202652 56778.4297153 r.MP9601
288385 1705096p 287 243.065012591 -11.9600753819 56778.4770356 r.MP9601
288385 1705097p 287 243.0643415 -11.9598748632 56778.4809166 r.MP9601
288385 1705110p 287 243.054552742 -11.9569500296 56778.5375263 r.MP9601
288385 1705111p 287 243.053881913 -11.9567495891 56778.5414058 r.MP9601
288385 1705569p 287 242.536373178 -11.8085586209 56781.4272621 r.MP9601
288385 1705582p 287 242.527039665 -11.8059940069 56781.4777135 r.MP9601
288385 1705595p 287 242.517490231 -11.8033700635 56781.5293321 r.MP9601
288385 1715402p 287 238.789361681 -11.0146594489 56799.4856934 r.MP9601
288385 1715694p 287 238.359400541 -10.9493743246 56801.4671266 r.MP9601
288385 1715695p 287 238.358561491 -10.949251458 56801.4710066 r.MP9601
288385 1728607p 287 232.498261698 -11.8918349553 56857.3375261 r.MP9601
288868 1667912p 387 24.431338349 12.4967714504 56597.5054241 r.MP9601
288868 1671667p 387 20.4645679138 11.4070438808 56623.3512607 r.MP9601
288868 1672399p 287 20.0652395932 11.3153701147 56630.3509256 r.MP9601
288868 1681847p 387 21.2103368915 11.8818635514 56656.3220161 r.MP9601
288868 1681951p 287 21.5741137712 12.0289375897 56659.2574624 r.MP9601
288868 1681967p 387 21.5835431273 12.0327132858 56659.3286274 r.MP9601
288868 1681968p 387 21.58444586 12.0330747574 56659.3354405 r.MP9601
288868 1681969p 387 21.5852122066 12.0333816173 56659.3412242 r.MP9601
288868 1681970p 387 21.5859767053 12.0336877374 56659.346994 r.MP9601
288868 1682225p 287 21.7004425331 12.0794876981 56660.2038361 r.MP9601
288868 1682235p 287 21.7062574211 12.0818089401 56660.2462547 r.MP9601
288868 1682246p 287 21.7130443913 12.0845182271 56660.2957646 r.MP9601
288868 1682247p 387 21.7139404637 12.0848759298 56660.3023013 r.MP9601
288868 1682248p 387 21.7147467481 12.08519779 56660.308183 r.MP9601
290051 1611930p 287 215.589365544 -12.7761557772 56358.5376891 r.MP9601
290051 1611943p 287 215.586516638 -12.7760133319 56358.5946672 r.MP9601
290051 1615908p 287 212.147329222 -12.0934299933 56386.4218483 r.MP9601
290051 1615918p 287 212.139753989 -12.0916528784 56386.4623395 r.MP9601
290051 1615928p 287 212.132221384 -12.0898857639 56386.5026028 r.MP9601
290051 1615940p 287 212.123229339 -12.0877762715 56386.5506672 r.MP9601
290051 1616092p 287 211.934072077 -12.0431647316 56387.5531294 r.MP9601
290051 1616093p 287 211.93333223 -12.0429895048 56387.5570233 r.MP9601
290051 1616196p 287 211.734385269 -11.9956204051 56388.5949792 r.MP9601
290051 1616322p 287 211.575582294 -11.957533956 56389.4110456 r.MP9601
290051 1616333p 287 211.566992101 -11.9554669598 56389.4548173 r.MP9601
290051 1616497p 287 211.381191356 -11.9107070264 56390.3956919 r.MP9601
290051 1616509p 287 211.371684831 -11.9084132623 56390.4434234 r.MP9601
290051 1616520p 287 211.36268248 -11.9062411469 56390.4886235 r.MP9601
290666 1774678p 387 13.3836043528 4.42820731703 57039.2640711 r.MP9601
298213 1698826p 387 212.479034175 -14.0711571807 56752.3873101 r.MP9601
304272 1704647p 387 213.868679405 -11.0583088733 56776.3403081 r.MP9601
304272 1704648p 387 213.867525027 -11.0580905911 56776.3453453 r.MP9601
304272 1704655p 387 213.859422957 -11.0565585632 56776.3806998 r.MP9601
304272 1704656p 387 213.858267382 -11.0563400544 56776.3857423 r.MP9601
304272 1704663p 387 213.850175241 -11.0548099042 56776.4210535 r.MP9601
304272 1704664p 387 213.848708286 -11.0545325163 56776.4274548 r.MP9601
304272 1704665p 387 213.847535078 -11.0543106733 56776.4325742 r.MP9601
308290 1716492p 287 231.001656875 -12.6232875789 56806.3470334 r.MP9601
308290 1716734p 287 230.786624472 -12.5523743715 56807.4663047 r.MP9601
308290 1716953p 287 230.613742437 -12.4961049348 56808.3825909 r.MP9601
308290 1728595p 287 228.585578439 -12.3367663598 56857.289994 r.MP9601
308290 1728599p 287 228.587537766 -12.3375922847 56857.3061534 r.MP9601
309670 1645162p 287 213.369140604 -13.3578116327 56506.2546339 r.MP9601
309670 1645691p 287 214.039770513 -13.6526165782 56509.2553622 r.MP9601
309933 1692347p 387 247.620126676 -17.222523735 56716.5829108 r.MP9601
309933 1728441p 287 242.299816969 -13.4770725427 56856.3771687 r.MP9601
312771 1645169p 287 215.931428501 -12.8116548837 56506.2825644 r.MP9601
312771 1645824p 287 217.012688951 -13.3322904922 56510.2636753 r.MP9601
312771 1645959p 287 217.297545639 -13.4658606383 56511.2754166 r.MP9601
312771 1646175p 287 217.573508538 -13.5937905407 56512.2419371 r.MP9601
312771 1646179p 287 217.578072746 -13.5958923629 56512.2577668 r.MP9601
326060 1729486p 287 27.6065431749 14.1767042084 56864.5376248 r.MP9601
326060 1729497p 287 27.6178760249 14.1824845615 56864.5807976 r.MP9601
327331 1722732p 287 16.6742814282 4.27554925436 56835.5822479 r.MP9601
327331 1722895p 287 16.8880650698 4.36646948726 56836.5873153 r.MP9601
327331 1729022p 287 21.3177524991 6.25038866775 56862.584532 r.MP9601
327331 1751773p 287 13.3012397239 4.47089179955 56953.2994276 r.MP9601
327331 1752340p 287 12.529060596 4.26760452382 56957.2622053 r.MP9601
327331 1752650p 387 12.1583123947 4.17286490172 56959.2680144 r.MP9601
327331 1752661p 387 12.1493237071 4.17060908021 56959.3178363 r.MP9601
330000 1729479p 287 24.7929017165 15.0427915063 56864.5099424 r.MP9601
330000 1729490p 287 24.8010068427 15.0470877647 56864.553266 r.MP9601
330000 1729501p 287 24.8090956823 15.0513753901 56864.5965025 r.MP9601
330000 1778902p 287 25.0320668589 14.0047119475 57050.2793367 r.MP9601
330443 1751521p 287 25.1008006786 15.1348195237 56952.2866513 r.MP9601
330443 1751532p 287 25.09072983 15.1318907248 56952.3313279 r.MP9601
330443 1751543p 287 25.0807611758 15.1289916461 56952.3755512 r.MP9601
330443 1751811p 387 24.8337438292 15.0568923163 56953.4713767 r.MP9601
330443 1752113p 387 24.3813786515 14.9219704833 56955.4873207 r.MP9601
330443 1757097p 387 19.7335840491 13.294437334 56980.2552326 r.MP9601
330443 1778903p 287 24.8075562831 14.4438521836 57050.2832798 r.MP9601
332683 1698696p 287 217.995574877 -15.1933417774 56751.4547729 r.MP9601
332683 1698706p 287 217.990104636 -15.190393279 56751.4946774 r.MP9601
332683 1698861p 387 217.837740614 -15.1085444996 56752.5848168 r.MP9601
332683 1728411p 287 212.280919763 -10.7854023672 56856.2758631 r.MP9601
347383 1778498p 387 216.715008032 -14.2181963186 57048.642903 r.MP9601
351196 1692357p 387 237.88543612 -13.3819163201 56716.6333795 r.MP9601
351196 1692655p 387 238.506320919 -13.3136517988 56722.5609732 r.MP9601
351196 1698714p 387 238.746914651 -12.4014523912 56751.5351914 r.MP9601
351196 1698717p 387 238.745501047 -12.4006031928 56751.5538324 r.MP9601
363871 1775265p 387 18.8807174392 10.342788719 57041.2273846 r.MP9601
363871 1775274p 387 18.8953982906 10.3472980206 57041.2735025 r.MP9601
363871 1778894p 287 21.8565222975 11.2667048356 57050.2477537 r.MP9601
363965 1729260p 287 21.5233664483 13.6797919298 56863.5324452 r.MP9601
363965 1729270p 287 21.5322244098 13.6843335852 56863.5740481 r.MP9601
363965 1729280p 287 21.5410847289 13.6888764494 56863.6156621 r.MP9601
363965 1778901p 287 24.6020064756 12.7700563621 57050.2754086 r.MP9601
377835 1681669p 287 23.0949113068 13.9669475817 56655.2596776 r.MP9601
377835 1681858p 387 23.2316245371 13.9762920425 56656.3792043 r.MP9601
377835 1681859p 387 23.2323859397 13.9763523517 56656.3852352 r.MP9601
377835 1681950p 287 23.6163002664 14.0138061044 56659.2532577 r.MP9601
377835 1681963p 387 23.6241490128 14.0147491708 56659.3080164 r.MP9601
377835 1682230p 287 23.7566388689 14.0309461489 56660.2232773 r.MP9601
377835 1682240p 287 23.7629646876 14.0317589636 56660.2656851 r.MP9601
380048 1645759p 287 11.4056393017 2.34430690306 56509.4970527 r.MP9601
380048 1645772p 287 11.4091441042 2.34679132 56509.5502902 r.MP9601
380048 1646268p 287 11.5734605153 2.47375980677 56512.4759396 r.MP9601
380048 1646278p 287 11.5752720385 2.47531254092 56512.514758 r.MP9601
380048 1651060p 287 10.8807558608 2.79686338611 56535.5649258 r.MP9601
380048 1651170p 287 10.7831141356 2.78541022903 56536.4504635 r.MP9601
380048 1651180p 287 10.7787008665 2.78486938723 56536.4894041 r.MP9601
380048 1651182p 287 10.7776948318 2.78474609866 56536.4982809 r.MP9601
386437 1778497p 387 215.167967606 -11.1137713857 57048.6378056 r.MP9601
390878 1671904p 387 25.1393098873 13.1332484832 56625.2644976 r.MP9601
390878 1672414p 287 25.0223085554 12.8439126014 56630.4099112 r.MP9601
