    Object      Image   Exp_time               RA              DEC             time       filter
3395 1667593p 287 24.4249838389 13.0991803667 56595.502021 r.MP9601
3395 1667912p 387 24.0013654692 12.9750806768 56597.5054241 r.MP9601
3395 1671671p 387 20.0561072269 11.724329311 56623.3715763 r.MP9601
3395 1672400p 287 19.6484142842 11.5852061975 56630.35483 r.MP9601
3395 1681683p 387 20.7113659218 11.9767288445 56655.2917667 r.MP9601
3395 1681943p 287 21.2109280921 12.1592614432 56659.2259082 r.MP9601
3395 1681955p 287 21.2174737639 12.1616595571 56659.2730842 r.MP9601
3395 1681971p 387 21.2284394898 12.1656770303 56659.3521164 r.MP9601
3395 1682232p 387 21.3516282407 12.2108353283 56660.2316167 r.MP9601
4917 1751788p 287 16.4184366665 4.54918365285 56953.3601644 r.MP9601
4917 1751790p 287 16.4170198224 4.54841161303 56953.3679279 r.MP9601
4917 1752062p 387 16.0726652447 4.36090742227 56955.2803863 r.MP9601
4917 1752075p 387 16.0623916965 4.35532133221 56955.338676 r.MP9601
4917 1752354p 387 15.7204428357 4.16960269265 56957.3134252 r.MP9601
4917 1752365p 387 15.7118520026 4.16493606727 56957.3643338 r.MP9601
4917 1752375p 287 15.704717803 4.16106069958 56957.4066106 r.MP9601
4917 1768984p 287 14.5954173652 3.23954974765 57008.2469563 r.MP9601
7684 1651341p 287 25.8960881019 13.0874250836 56537.4407924 r.MP9601
7684 1651352p 287 25.8936272439 13.0875807583 56537.4839023 r.MP9601
7684 1651496p 287 25.8354246738 13.0900831554 56538.4598719 r.MP9601
7684 1651508p 287 25.8325124397 13.0901478717 56538.5064676 r.MP9601
7684 1657411p 287 21.5716971557 12.1507832149 56568.4916533 r.MP9601
7684 1657501p 287 21.348017602 12.083718177 56569.5857155 r.MP9601
7684 1658261p 287 20.3371638183 11.7696794549 56574.4047101 r.MP9601
7684 1658261p 287 20.3371638183 11.7696794549 56574.4047101 r.MP9601
11969 1646291p 287 20.2497759533 11.6339345062 56512.5673114 r.MP9601
11969 1646303p 287 20.2538427988 11.636686405 56512.6161136 r.MP9601
11969 1651193p 287 20.5754775971 12.3332058955 56536.5412237 r.MP9601
11969 1651203p 287 20.5731780111 12.3332166917 56536.58009 r.MP9601
11969 1651363p 287 20.5137612796 12.3318653056 56537.52849 r.MP9601
11969 1651375p 287 20.5105172134 12.3317275533 56537.5780808 r.MP9601
12587 1671730p 387 23.2589485254 14.4676445197 56624.286966 r.MP9601
12587 1672410p 287 22.8898079554 14.2402829273 56630.3943253 r.MP9601
12587 1672607p 387 22.8564376801 14.2138336668 56631.289097 r.MP9601
12587 1681858p 387 24.0066538474 14.2093170059 56656.3792043 r.MP9601
12587 1681859p 387 24.0073825826 14.209482856 56656.3852352 r.MP9601
12587 1681940p 387 24.3687307147 14.2945658871 56659.2102247 r.MP9601
12587 1681953p 287 24.3762533731 14.2964159719 56659.2652686 r.MP9601
16042 1722364p 287 14.0987746824 5.34614010391 56833.5927872 r.MP9601
16042 1722508p 287 14.3790768974 5.4398895286 56834.5799478 r.MP9601
16042 1751771p 287 15.9608685105 2.41022012905 56953.2916642 r.MP9601
17522 1757441p 387 24.4495081464 13.3510922204 56981.2134853 r.MP9601
17522 1757463p 387 24.4313630885 13.3404783371 56981.3539632 r.MP9601
17522 1757550p 287 24.3169090805 13.2731598866 56982.2514129 r.MP9601
17522 1757592p 287 24.2963815293 13.2609080824 56982.4178525 r.MP9601
18277 1751789p 287 17.3742030647 4.29751242583 56953.3640456 r.MP9601
18657 1757442p 387 24.3166956665 14.2782531326 56981.2185325 r.MP9601
18657 1757464p 387 24.2979656811 14.2683808694 56981.3590074 r.MP9601
18657 1757551p 287 24.1797363707 14.2057459306 56982.255301 r.MP9601
18657 1757593p 287 24.1583775431 14.1942805859 56982.4217334 r.MP9601
18657 1778101p 387 27.5512205638 14.0284764379 57046.2929294 r.MP9601
18657 1778111p 387 27.5630001727 14.0317420721 57046.3489117 r.MP9601
18657 1778112p 387 27.564850883 14.0322551403 57046.3577072 r.MP9601
31701 1729258p 287 22.2299394941 11.2664037869 56863.5246828 r.MP9601
31701 1729268p 287 22.2364979826 11.2689994947 56863.5662141 r.MP9601
31701 1729278p 287 22.2430754598 11.2716027179 56863.6078657 r.MP9601
34253 1722508p 287 14.4261512231 5.53532622783 56834.5799478 r.MP9601
34253 1778900p 287 23.6735755954 12.4632334585 57050.2714228 r.MP9601
34310 1645487p 287 219.371113241 -14.2106159649 56508.2839336 r.MP9601
34310 1646360p 287 220.295451061 -14.6048059003 56513.2501749 r.MP9601
36911 1722364p 287 13.6819705864 4.39558454835 56833.5927872 r.MP9601
36911 1722511p 287 13.9730733985 4.49076409585 56834.5916444 r.MP9601
36911 1734912p 287 24.209262641 6.68189612405 56891.5759797 r.MP9601
36911 1734916p 387 24.210026982 6.68126849446 56891.5983507 r.MP9601
36911 1736290p 287 24.2973386241 6.4723772463 56897.4387302 r.MP9601
37082 1757445p 387 25.6497042922 14.7394490907 56981.2337528 r.MP9601
37082 1757467p 387 25.6297528161 14.7286054732 56981.3741737 r.MP9601
37082 1757556p 287 25.5027938041 14.6590931619 56982.278338 r.MP9601
37082 1757596p 287 25.4815765325 14.6472770391 56982.4335863 r.MP9601
38385 1645237p 287 15.2662639585 4.06901741746 56506.5124324 r.MP9601
38385 1645248p 287 15.27060897 4.06898180261 56506.5551702 r.MP9601
40860 1667592p 287 23.1564186107 14.3869802561 56595.4981113 r.MP9601
40860 1667911p 387 22.762222368 14.2023282253 56597.5003577 r.MP9601
40860 1671671p 387 19.2336093818 12.1921665175 56623.3715763 r.MP9601
40860 1671721p 387 19.1791546395 12.1459361198 56624.2255554 r.MP9601
40860 1672403p 287 18.919100221 11.8627920896 56630.3665358 r.MP9601
40860 1681663p 387 20.1388420476 11.6357910344 56655.2339962 r.MP9601
42966 1671902p 387 23.8449517408 13.6937105022 56625.254395 r.MP9601
42966 1672412p 287 23.4998922672 13.4302363738 56630.4021547 r.MP9601
42966 1672608p 387 23.4572542045 13.3907509455 56631.2941337 r.MP9601
42966 1681939p 387 24.6551569115 13.1189543433 56659.2051861 r.MP9601
42966 1681952p 287 24.6622723772 13.120265087 56659.2613609 r.MP9601
42966 1681964p 387 24.6688567665 13.1214780008 56659.3133429 r.MP9601
42966 1682231p 287 24.7858371942 13.1432420638 56660.2271586 r.MP9601
42966 1682241p 287 24.7914423288 13.1443147604 56660.2695949 r.MP9601
42966 1682245p 387 24.7942516775 13.1448524066 56660.2908644 r.MP9601
48263 1722740p 287 18.5438300634 6.48133400218 56835.6133812 r.MP9601
48263 1723122p 287 19.0918042623 6.65885877593 56837.5890019 r.MP9601
52630 1645696p 287 214.970705476 -11.5364540369 56509.275333 r.MP9601
52630 1645954p 287 215.454723618 -11.7594748591 56511.2551703 r.MP9601
54214 1715392p 287 215.723680946 -13.9022679819 56799.4459892 r.MP9601
54214 1715880p 287 215.250206828 -13.6983742703 56802.4381967 r.MP9601
58077 1626158p 287 213.247228825 -12.8737653197 56423.4503352 r.MP9601
58077 1626295p 287 213.060687644 -12.7955056725 56424.4522566 r.MP9601
58077 1631609p 287 209.391138133 -11.1345811438 56456.2535326 r.MP9601
58077 1631619p 287 209.389850791 -11.1337567929 56456.2941856 r.MP9601
58077 1635764p 287 209.888743499 -11.1586886188 56477.2750497 r.MP9601
58077 1636125p 287 210.055732303 -11.2067781039 56479.2946363 r.MP9601
58077 1645163p 287 213.998679199 -12.4585326769 56506.2585179 r.MP9601
58077 1645695p 287 214.613183667 -12.6554470205 56509.2711127 r.MP9601
58772 1722362p 287 13.3169106847 2.98627319118 56833.5849744 r.MP9601
58772 1722509p 287 13.5482744302 3.0559372109 56834.5838312 r.MP9601
58809 1722738p 287 18.8380944725 4.75191704677 56835.6055923 r.MP9601
58809 1722901p 287 19.0782023047 4.84616138282 56836.6106577 r.MP9601
58809 1729021p 287 24.211629286 6.79769327819 56862.5805761 r.MP9601
58809 1752058p 387 17.6407106951 4.94105291416 56955.2599467 r.MP9601
58809 1752077p 387 17.6224196351 4.93606904304 56955.3510226 r.MP9601
58809 1752079p 387 17.6201477232 4.93545000202 56955.362335 r.MP9601
58809 1752108p 387 17.6001417812 4.92999886707 56955.4619496 r.MP9601
58809 1752337p 387 17.2453159006 4.83451479281 56957.2499826 r.MP9601
58809 1752353p 387 17.2339382548 4.83149045769 56957.3082051 r.MP9601
58809 1752367p 387 17.2209448094 4.82803662075 56957.3746961 r.MP9601
58809 1752649p 387 16.8570350875 4.73214472711 56959.2629488 r.MP9601
58809 1757088p 387 13.8361783954 4.10605986401 56980.2073796 r.MP9601
58809 1757101p 387 13.8302099032 4.10559284584 56980.2746302 r.MP9601
58809 1757970p 387 13.3984744314 4.10245051103 56986.2239169 r.MP9601
58809 1768997p 287 13.6143610749 4.79825418144 57008.315151 r.MP9601
59828 1651055p 287 12.8247974502 4.97860097788 56535.5452209 r.MP9601
59828 1651065p 287 12.8206536025 4.97606681377 56535.5843754 r.MP9601
59828 1651066p 287 12.8201732071 4.97577302864 56535.5889146 r.MP9601
59828 1651845p 287 12.2482742402 4.63548480846 56540.4221784 r.MP9601
59828 1651855p 287 12.2432051079 4.63253726186 56540.4610471 r.MP9601
60082 1681847p 387 21.6095249968 11.1704323687 56656.3220161 r.MP9601
60082 1681951p 287 21.9326569962 11.3057141248 56659.2574624 r.MP9601
60082 1681967p 387 21.9411078343 11.3092130682 56659.3286274 r.MP9601
60082 1681968p 387 21.9419168871 11.3095480445 56659.3354405 r.MP9601
60082 1681969p 387 21.9426037072 11.3098324121 56659.3412242 r.MP9601
60082 1681970p 387 21.9432888711 11.310116094 56659.346994 r.MP9601
60082 1682225p 287 22.0460580517 11.352583891 56660.2038361 r.MP9601
60082 1682235p 287 22.0513073578 11.3547401717 56660.2462547 r.MP9601
60082 1682246p 287 22.0574341972 11.3572569205 56660.2957646 r.MP9601
60082 1682247p 387 22.0582431136 11.3575892027 56660.3023013 r.MP9601
60082 1682248p 387 22.0589709752 11.3578881896 56660.308183 r.MP9601
62305 1768988p 287 16.4500003415 3.76987552381 57008.2627153 r.MP9601
62356 1729481p 287 26.3089567672 13.7244559481 56864.5180502 r.MP9601
62356 1729492p 287 26.3168978121 13.7281247228 56864.5610717 r.MP9601
62356 1729503p 287 26.3248874375 13.7318159418 56864.6043563 r.MP9601
62356 1742027p 287 27.8926095427 15.331680632 56923.5234675 r.MP9601
62356 1751552p 287 22.2865505524 13.3428441889 56952.4132513 r.MP9601
62356 1751562p 287 22.2782707071 13.3394052055 56952.4526792 r.MP9601
62356 1751576p 287 22.2667273157 13.3346107281 56952.5076477 r.MP9601
62356 1751802p 387 22.0744310099 13.2545205196 56953.4258794 r.MP9601
62356 1752101p 387 21.6601697624 13.0795510094 56955.4260012 r.MP9601
62356 1778901p 287 24.5840516085 12.4346856958 57050.2754086 r.MP9601
62798 1757796p 500 46.486577609 16.5130895349 56984.3973795 r.MP9601
63077 1751526p 287 27.1397744169 14.7190211949 56952.3066819 r.MP9601
63077 1751537p 287 27.1297214861 14.7159484123 56952.3522046 r.MP9601
63077 1751548p 287 27.1200574122 14.7129944878 56952.3959664 r.MP9601
63077 1751549p 287 27.1188541312 14.7126266925 56952.4014153 r.MP9601
63077 1751816p 387 26.8770002309 14.6385635929 56953.4966027 r.MP9601
63077 1752118p 387 26.433080469 14.5001034475 56955.5125606 r.MP9601
63077 1757090p 387 21.8576535975 12.8767132079 56980.2178774 r.MP9601
63077 1757113p 387 21.8402158198 12.8696273808 56980.3507366 r.MP9601
63077 1757541p 287 21.603814389 12.7725962732 56982.2147412 r.MP9601
63077 1757582p 287 21.5843282012 12.7644770283 56982.3771261 r.MP9601
65614 1722364p 287 13.404661554 4.55981987977 56833.5927872 r.MP9601
65614 1722511p 287 13.6462376963 4.63779688651 56834.5916444 r.MP9601
65614 1729019p 287 19.0454629234 6.12415885002 56862.5726235 r.MP9601
65614 1729720p 287 19.443921843 6.19428994284 56865.603386 r.MP9601
65614 1736202p 287 20.8093599913 5.70249365251 56896.6191685 r.MP9601
65614 1774683p 387 15.3583703932 2.55094976351 57039.292889 r.MP9601
66824 1646439p 287 26.7750572745 14.5621148326 56513.5269875 r.MP9601
66824 1646450p 287 26.7800907817 14.5645811918 56513.5696745 r.MP9601
66824 1658153p 287 23.3154339196 13.7275071652 56573.4999151 r.MP9601
66824 1667558p 287 18.8953228293 11.6885013791 56595.392224 r.MP9601
68596 1722740p 287 18.6253573428 6.59446701655 56835.6133812 r.MP9601
68596 1723122p 287 19.151844658 6.75810181857 56837.5890019 r.MP9601
68596 1774988p 387 21.1538654031 4.48601219799 57040.2151121 r.MP9601
72510 1778496p 387 214.817855369 -13.4726004231 57048.6327179 r.MP9601
81556 1715381p 287 211.405136775 -11.4256235319 56799.4017448 r.MP9601
81556 1716265p 287 210.532875906 -11.3062104956 56805.3777349 r.MP9601
81613 1716497p 287 230.672066897 -10.7181640959 56806.3664643 r.MP9601
81613 1716507p 287 230.664556651 -10.7168800166 56806.4053104 r.MP9601
81613 1716517p 287 230.657048337 -10.7155962674 56806.4441465 r.MP9601
81613 1716736p 287 230.459511149 -10.682605245 56807.4740641 r.MP9601
81613 1716955p 287 230.286876811 -10.65500308 56808.3903706 r.MP9601
82512 1715407p 287 244.788210031 -18.3274667756 56799.5062899 r.MP9601
82512 1715697p 287 244.355293855 -18.2299362186 56801.4788181 r.MP9601
82512 1715698p 287 244.354277024 -18.2297081204 56801.4834313 r.MP9601
82512 1715699p 287 244.352811907 -18.2293794617 56801.4900783 r.MP9601
82512 1715727p 287 244.343475015 -18.2272849855 56801.5324385 r.MP9601
82644 1717294p 287 238.491271163 -14.3979178978 56810.4769445 r.MP9601
82644 1721599p 287 234.99477295 -13.8108700098 56830.3371314 r.MP9601
82644 1721610p 287 234.989076525 -13.8102390578 56830.3799885 r.MP9601
82644 1728608p 287 233.44421648 -14.0107098188 56857.3418783 r.MP9601
83336 1645692p 287 213.386783808 -12.8859607705 56509.2592978 r.MP9601
99318 1611934p 287 216.793201052 -12.7388590182 56358.5537673 r.MP9601
99318 1611947p 287 216.791512282 -12.7388273042 56358.6108524 r.MP9601
99318 1615935p 287 213.642474177 -12.0527657067 56386.5307528 r.MP9601
99318 1616199p 287 213.252919216 -11.9557223752 56388.6069735 r.MP9601
99318 1616500p 287 212.902791004 -11.8680561507 56390.4078093 r.MP9601
100707 1645487p 287 219.579220351 -14.6006640563 56508.2839336 r.MP9601
102401 1646292p 287 20.2546258545 11.9829280399 56512.5711885 r.MP9601
102401 1646293p 287 20.2549654474 11.9830971706 56512.5759828 r.MP9601
102401 1646304p 287 20.2580837381 11.9846502016 56512.6200057 r.MP9601
102401 1651193p 287 20.2760554971 12.1181131718 56536.5412237 r.MP9601
102401 1651203p 287 20.2733186658 12.1171199234 56536.58009 r.MP9601
102401 1651363p 287 20.203452638 12.0914150058 56537.52849 r.MP9601
102401 1651375p 287 20.1996713379 12.0900099325 56537.5780808 r.MP9601
110316 1607609p 287 211.569824294 -12.478903147 56331.5486483 r.MP9601
110316 1607619p 287 211.57373069 -12.4797019338 56331.5880406 r.MP9601
110316 1611933p 287 212.235738486 -12.2642988371 56358.5494257 r.MP9601
110316 1611946p 287 212.232727984 -12.2621962639 56358.6067686 r.MP9601
111013 1645163p 287 213.462123621 -13.0174688875 56506.2585179 r.MP9601
114254 1691677p 287 216.197210058 -12.6268493953 56712.5817484 r.MP9601
114254 1691910p 287 216.222907614 -12.6129654931 56713.5513495 r.MP9601
114254 1692331p 287 216.269262418 -12.5593173567 56716.5127669 r.MP9601
118797 1751523p 287 25.9607699232 14.3371065802 56952.2948446 r.MP9601
118797 1751534p 287 25.9508347321 14.3340123181 56952.3395809 r.MP9601
118797 1751545p 287 25.9408996356 14.3309180854 56952.3843168 r.MP9601
118797 1751813p 387 25.6974444159 14.2547653071 56953.4814538 r.MP9601
118797 1752112p 387 25.2555649957 14.113760066 56955.4822803 r.MP9601
118797 1757093p 387 20.8145545248 12.476200067 56980.2332227 r.MP9601
118797 1757116p 387 20.7990933646 12.4694392729 56980.366222 r.MP9601
118797 1757544p 287 20.5923516269 12.3777286917 56982.2272423 r.MP9601
118797 1757585p 287 20.575646544 12.3701844607 56982.3889044 r.MP9601
118797 1778101p 387 26.8844865638 14.0078872157 57046.2929294 r.MP9601
118797 1778111p 387 26.8994385031 14.012739015 57046.3489117 r.MP9601
118797 1778112p 387 26.9017876225 14.0135012878 57046.3577072 r.MP9601
118870 1729024p 287 12.289075991 2.1058073362 56862.592458 r.MP9601
118870 1735262p 287 12.7855875621 2.3388102018 56893.4976696 r.MP9601
118870 1736298p 287 12.4475022428 2.22018996252 56897.4698044 r.MP9601
118870 1736300p 287 12.4466772184 2.21990072981 56897.4783391 r.MP9601
118870 1736301p 287 12.4458985147 2.21962773598 56897.4863947 r.MP9601
118870 1736314p 287 12.4419512924 2.21824393969 56897.527228 r.MP9601
118870 1736507p 287 12.3328522014 2.18005876419 56898.6185151 r.MP9601
120535 1646283p 287 22.1805969037 12.2483622307 56512.5342923 r.MP9601
120535 1646284p 287 22.1809522555 12.2486059787 56512.539222 r.MP9601
120535 1646296p 287 22.1844469393 12.2510031029 56512.5877032 r.MP9601
120535 1651187p 287 22.3244964408 12.8325940455 56536.5179374 r.MP9601
120535 1651197p 287 22.3220534345 12.8324969724 56536.5567666 r.MP9601
120535 1651356p 287 22.2600381767 12.8288916823 56537.4994413 r.MP9601
120535 1651368p 287 22.2565254615 12.8286346544 56537.5508469 r.MP9601
120539 1681856p 387 23.3486633919 11.9537863886 56656.3691284 r.MP9601
120539 1681948p 287 23.6404357097 12.0789545893 56659.2454555 r.MP9601
120539 1681960p 287 23.6456341374 12.0811516606 56659.2925356 r.MP9601
120539 1682228p 287 23.7487114 12.1245822149 56660.2154941 r.MP9601
120539 1682238p 287 23.753626265 12.1266330218 56660.2579246 r.MP9601
120539 1682251p 387 23.7612105367 12.129797682 56660.3234003 r.MP9601
120611 1658159p 287 26.0574066128 14.4012456206 56573.5248458 r.MP9601
120611 1667389p 287 21.5574502553 12.8494296461 56594.4566316 r.MP9601
120611 1667552p 287 21.3709693956 12.7769034147 56595.3689393 r.MP9601
120611 1667760p 287 21.1709628138 12.6985626469 56596.3597693 r.MP9601
120611 1667870p 287 20.982945266 12.6240330412 56597.3055868 r.MP9601
120611 1667880p 287 20.9752749223 12.620960561 56597.3446713 r.MP9601
120611 1667898p 387 20.9577412555 12.6139371672 56597.4340148 r.MP9601
120611 1681685p 387 19.0908680691 11.1420262651 56655.3019637 r.MP9601
121412 1681685p 387 19.9454906145 10.5119860239 56655.3019637 r.MP9601
121480 1645238p 287 15.6458549094 4.88376519375 56506.5163146 r.MP9601
121480 1645249p 287 15.6508227161 4.88416879096 56506.5590485 r.MP9601
121480 1650813p 287 16.6083533155 4.07464822567 56534.4396163 r.MP9601
121480 1651030p 287 16.5532784582 4.00547753928 56535.4437979 r.MP9601
121480 1651041p 287 16.5507714918 4.00245724167 56535.4867744 r.MP9601
121480 1651043p 287 16.5502778453 4.00186251516 56535.4952369 r.MP9601
121480 1651044p 287 16.5499967185 4.00152382436 56535.5000563 r.MP9601
121480 1651045p 287 16.5497226602 4.00119364937 56535.5047544 r.MP9601
121480 1651677p 287 16.2732014025 3.70531292031 56539.4237017 r.MP9601
121480 1651688p 287 16.269649289 3.7018619558 56539.4665412 r.MP9601
122400 1774676p 387 10.5636315905 2.47629028036 57039.2538797 r.MP9601
122943 1757444p 387 25.4081990131 14.0843366959 56981.2286842 r.MP9601
122943 1757466p 387 25.389182034 14.0786413544 56981.3691173 r.MP9601
122943 1757553p 287 25.2694433917 14.042759896 56982.2647455 r.MP9601
122943 1757555p 287 25.2681857222 14.0423824604 56982.274451 r.MP9601
122943 1757595p 287 25.2480673587 14.036344795 56982.4297053 r.MP9601
123229 1756824p 387 44.8756378487 16.477784809 56978.2966772 r.MP9601
123229 1756846p 387 44.8506296173 16.4739117859 56978.405606 r.MP9601
123229 1756871p 387 44.8244397555 16.4698557637 56978.5196816 r.MP9601
123229 1757110p 500 44.4112650734 16.4058572388 56980.3326503 r.MP9601
126532 1722506p 287 14.4687792988 2.88125341217 56834.5721548 r.MP9601
127746 1774677p 387 9.88470952638 3.90393269067 57039.2589707 r.MP9601
138494 1698318p 287 215.190773886 -12.9580161163 56744.4416696 r.MP9601
138494 1698318p 287 215.190773886 -12.9580161163 56744.4416696 r.MP9601
138494 1698328p 287 215.185093025 -12.9568332819 56744.4807356 r.MP9601
138494 1698828p 387 213.885719645 -12.6716069986 56752.3974148 r.MP9601
145774 1625241p 287 239.501347547 -13.7295190179 56419.4682623 r.MP9601
145774 1625251p 287 239.493306706 -13.7276651572 56419.5084665 r.MP9601
145774 1625261p 287 239.485299847 -13.7258191315 56419.5485008 r.MP9601
145774 1625651p 287 239.084886649 -13.6350577692 56421.5260123 r.MP9601
145774 1625903p 287 238.883615056 -13.5905282863 56422.5036698 r.MP9601
149866 1625355p 287 242.763884384 -14.3735268985 56420.4672596 r.MP9601
149866 1625366p 287 242.755304403 -14.3714002367 56420.5112595 r.MP9601
149866 1625377p 287 242.74675934 -14.3692822295 56420.5550803 r.MP9601
149866 1625660p 287 242.54845513 -14.3207507995 56421.5624111 r.MP9601
149866 1625935p 287 242.347885244 -14.2724399129 56422.5677244 r.MP9601
149866 1630536p 287 237.105452954 -13.2530881473 56447.3727352 r.MP9601
149866 1630865p 287 236.709903671 -13.1958746682 56449.3760326 r.MP9601
151280 1774988p 387 21.5797883665 4.18647887752 57040.2151121 r.MP9601
151786 1769005p 287 10.6959570851 4.17439503387 57008.3472395 r.MP9601
152407 1757442p 387 24.3080228853 14.3939907985 56981.2185325 r.MP9601
152407 1757464p 387 24.2898782119 14.3842355978 56981.3590074 r.MP9601
152407 1757551p 287 24.1754898337 14.3224184873 56982.255301 r.MP9601
152407 1757593p 287 24.1548938213 14.3111380675 56982.4217334 r.MP9601
154098 1729480p 287 25.9747053254 13.4343867696 56864.5138912 r.MP9601
154098 1729491p 287 25.9835198993 13.4381000666 56864.5571529 r.MP9601
154098 1729502p 287 25.9923414918 13.4418163203 56864.600449 r.MP9601
154098 1751560p 287 23.6590216881 12.9152953416 56952.4449162 r.MP9601
154098 1751570p 287 23.6507812512 12.9116073904 56952.4843127 r.MP9601
154098 1751580p 287 23.6426471023 12.9079670077 56952.5232011 r.MP9601
154098 1751806p 387 23.4497860691 12.8213223252 56953.4461346 r.MP9601
154098 1752060p 387 23.0714848267 12.6492114364 56955.2701142 r.MP9601
154782 1757442p 387 24.4288838915 14.5429734215 56981.2185325 r.MP9601
154782 1757464p 387 24.4096856564 14.534349824 56981.3590074 r.MP9601
154782 1757551p 287 24.2885750761 14.4798237735 56982.255301 r.MP9601
154782 1757593p 287 24.2667308206 14.4699302905 56982.4217334 r.MP9601
154782 1778102p 387 27.5546687329 14.69115603 57046.2980257 r.MP9601
154782 1778103p 387 27.5559204299 14.6915235919 57046.3039862 r.MP9601
154782 1778113p 387 27.5682933019 14.6951568955 57046.3629046 r.MP9601
156625 1645243p 287 17.6409394858 4.6269741293 56506.5357395 r.MP9601
156625 1645254p 287 17.6443029855 4.62684362314 56506.5784506 r.MP9601
157606 1757447p 387 26.0602665115 14.6343249052 56981.2439629 r.MP9601
157606 1757469p 387 26.0419700129 14.6241926589 56981.3842555 r.MP9601
157606 1757558p 287 25.9261108521 14.5595182471 56982.2863556 r.MP9601
157606 1757598p 287 25.9068619299 14.5485803808 56982.4413804 r.MP9601
158539 1645239p 287 15.1416785455 5.77401887196 56506.5201901 r.MP9601
158539 1645250p 287 15.1443496911 5.77576402039 56506.5629284 r.MP9601
159071 1671895p 287 12.3470496883 4.76436014618 56625.2200534 r.MP9601
159071 1672373p 287 12.3845162716 4.70327746091 56630.2471259 r.MP9601
159071 1672385p 287 12.3856233249 4.7030534144 56630.2945711 r.MP9601
159071 1672746p 387 12.4386240195 4.69761704793 56632.2106863 r.MP9601
169994 1691676p 287 217.833623429 -12.2558036548 56712.5778631 r.MP9601
169994 1691909p 287 217.865174069 -12.268357954 56713.547469 r.MP9601
169994 1698319p 287 215.998444438 -11.8532909588 56744.4455744 r.MP9601
169994 1698329p 287 215.992682882 -11.8518261565 56744.4846358 r.MP9601
169994 1698687p 287 214.857817149 -11.5597222955 56751.4191601 r.MP9601
169994 1698697p 287 214.850741252 -11.5578902414 56751.4586535 r.MP9601
169994 1698835p 387 214.674545973 -11.5123302689 56752.4330061 r.MP9601
169994 1698836p 387 214.673446645 -11.5120464637 56752.4390161 r.MP9601
169994 1698844p 387 214.666680115 -11.5102995994 56752.4760085 r.MP9601
169994 1698851p 387 214.656571174 -11.5076898499 56752.5312738 r.MP9601
172707 1691673p 287 213.439918546 -13.8451627464 56712.5662232 r.MP9601
172707 1691906p 287 213.462829616 -13.872939488 56713.5358216 r.MP9601
172707 1692180p 287 213.492472418 -13.9273931549 56715.6466902 r.MP9601
173721 1721443p 287 241.756903282 -14.0992585989 56829.4360803 r.MP9601
173721 1721620p 287 241.596836215 -14.0964274402 56830.4087451 r.MP9601
173729 1686686p 387 217.236368909 -15.116089728 56689.647863 r.MP9601
175524 1715867p 287 218.102780563 -14.877520215 56802.3577269 r.MP9601
176212 1692349p 387 243.923264131 -16.1988081095 56716.5930149 r.MP9601
176212 1715415p 287 239.653695163 -13.8383250289 56799.5375365 r.MP9601
176212 1715895p 287 239.007773898 -13.7313659146 56802.5006564 r.MP9601
176212 1721597p 287 233.874411429 -13.1996273894 56830.3293009 r.MP9601
176212 1721608p 287 233.868848666 -13.1996512383 56830.3722289 r.MP9601
176212 1728605p 287 232.364922784 -13.7641129025 56857.3296996 r.MP9601
178988 1716716p 287 234.626315565 -13.8013116708 56807.4017374 r.MP9601
178988 1716970p 287 234.417470773 -13.7555451316 56808.4397295 r.MP9601
178988 1717107p 287 234.240747729 -13.7171655897 56809.3281299 r.MP9601
178988 1717118p 287 234.232266317 -13.7153366171 56809.3711646 r.MP9601
178988 1717129p 287 234.22381287 -13.713513675 56809.4140573 r.MP9601
178988 1721421p 287 230.998580771 -13.1384835023 56829.3501998 r.MP9601
178988 1721431p 287 230.994031978 -13.1379762822 56829.3890507 r.MP9601
182172 1751791p 287 13.9520648208 5.3816296626 56953.3718092 r.MP9601
182172 1757901p 287 10.966313819 3.49217056517 56985.2866514 r.MP9601
182172 1757989p 287 10.972974155 3.47992556629 56986.3129989 r.MP9601
182172 1769000p 287 12.663458975 3.93682985136 57008.3273043 r.MP9601
184641 1625238p 287 238.341738362 -13.6149304497 56419.4519252 r.MP9601
184641 1625248p 287 238.332865618 -13.6126969236 56419.4961048 r.MP9601
184641 1625258p 287 238.324793894 -13.6106650374 56419.536296 r.MP9601
184706 1722736p 287 17.6138409628 5.09115958589 56835.5978274 r.MP9601
184706 1722899p 287 17.9171937543 5.22242816631 56836.6028601 r.MP9601
184879 1774991p 387 12.539535766 3.97971210956 57040.2304544 r.MP9601
185439 1616937p 287 240.716032085 -13.6162810076 56392.5849879 r.MP9601
185439 1617943p 287 239.836179464 -13.2551013556 56401.5858505 r.MP9601
185439 1625232p 287 236.807911762 -12.4690715435 56419.4280158 r.MP9601
185439 1625242p 287 236.798825217 -12.4671669939 56419.4722505 r.MP9601
185439 1625252p 287 236.790563503 -12.4654353296 56419.5124698 r.MP9601
185439 1625622p 287 236.38250878 -12.3820032955 56421.4722904 r.MP9601
185439 1625897p 287 236.169089637 -12.3398632606 56422.4798138 r.MP9601
186915 1757677p 500 11.6744089988 -1.84042946245 56983.1922454 r.MP9601
186915 1757678p 500 11.674208261 -1.8402117734 56983.198669 r.MP9601
186915 1757679p 500 11.6740096933 -1.83999643776 56983.2050231 r.MP9601
186915 1757772p 500 11.643740408 -1.80496215278 56984.2207292 r.MP9601
186915 1757773p 500 11.6435844859 -1.80472959105 56984.2270718 r.MP9601
186915 1757774p 500 11.6434285639 -1.80449702932 56984.2334144 r.MP9601
187386 1774683p 387 14.9367961344 2.41283149433 57039.292889 r.MP9601
188477 1722738p 287 18.8194894898 5.43487775935 56835.6055923 r.MP9601
189301 1757446p 387 26.8484414976 13.5916613834 56981.2388769 r.MP9601
189301 1757468p 387 26.8286774332 13.5812141067 56981.3792135 r.MP9601
189301 1757557p 287 26.7028866204 13.5145238404 56982.2824298 r.MP9601
189301 1757597p 287 26.6818234791 13.5032815502 56982.4374959 r.MP9601
192769 1646433p 287 24.3197004341 13.4302144813 56513.5029697 r.MP9601
192769 1646444p 287 24.3244589993 13.4333506713 56513.5463939 r.MP9601
192769 1651340p 287 25.3035348557 14.5764459997 56537.4369158 r.MP9601
192769 1651351p 287 25.3021159158 14.5773560371 56537.4800228 r.MP9601
192769 1651495p 287 25.2667602581 14.596693215 56538.4559935 r.MP9601
192769 1651507p 287 25.2648966337 14.5975473762 56538.5025842 r.MP9601
192769 1658262p 287 20.2025106808 13.6397556229 56574.408594 r.MP9601
195330 1645240p 287 16.888951178 4.07800199729 56506.5241012 r.MP9601
195330 1645251p 287 16.8922609349 4.07790709386 56506.5668078 r.MP9601
195477 1667591p 287 22.8847259327 12.8415146744 56595.4942348 r.MP9601
195477 1667907p 387 22.4819041541 12.7027734331 56597.4800626 r.MP9601
195477 1671720p 387 18.7419161867 11.2638786938 56624.2205202 r.MP9601
195477 1672403p 287 18.448517542 11.1153541055 56630.3665358 r.MP9601
195477 1681686p 387 19.551591916 11.3661726683 56655.3070352 r.MP9601
195477 1681688p 387 19.5528279556 11.3665680802 56655.3179014 r.MP9601
196541 1667914p 387 24.5569003909 14.6906443306 56597.515498 r.MP9601
196541 1671669p 387 20.8362655203 12.8437754897 56623.3613715 r.MP9601
196541 1672212p 387 20.5006893057 12.5810785376 56629.2993826 r.MP9601
196541 1672397p 287 20.4644243665 12.5430905028 56630.3429935 r.MP9601
196541 1681664p 287 21.5055514682 12.3804587307 56655.2391209 r.MP9601
196541 1681848p 287 21.6293626168 12.4048337739 56656.330251 r.MP9601
196541 1681943p 287 21.986505371 12.4808811595 56659.2259082 r.MP9601
196541 1681955p 287 21.992736536 12.4822833355 56659.2730842 r.MP9601
196541 1681971p 387 22.0031753802 12.4846323498 56659.3521164 r.MP9601
196541 1682234p 387 22.1217855047 12.5115434571 56660.2417232 r.MP9601
199394 1646268p 287 11.0630839493 1.54111842793 56512.4759396 r.MP9601
199394 1646278p 287 11.0648307752 1.53998622595 56512.514758 r.MP9601
199450 1667559p 287 22.1333908394 11.8124713522 56595.3961006 r.MP9601
199450 1667878p 287 21.7362311699 11.6893140159 56597.3368702 r.MP9601
199450 1667906p 387 21.7083702586 11.6806026842 56597.4750235 r.MP9601
199450 1681689p 387 18.8798839486 10.839529659 56655.3230713 r.MP9601
199450 1681841p 387 18.9861528143 10.8802981746 56656.2039153 r.MP9601
199450 1681843p 387 18.9972790143 10.884579397 56656.2935223 r.MP9601
199450 1681844p 387 18.9980178681 10.8848636987 56656.2994728 r.MP9601
199527 1667557p 287 19.5495082634 10.3183338436 56595.3883406 r.MP9601
199527 1667766p 287 19.3507882157 10.2616232198 56596.3850069 r.MP9601
199527 1667875p 287 19.1665706582 10.2088762939 56597.3252267 r.MP9601
199527 1667903p 387 19.1404811025 10.2013954177 56597.4598825 r.MP9601
199631 1671725p 387 22.3664072122 12.4378416141 56624.2458999 r.MP9601
199631 1671727p 387 22.3651974309 12.4369033088 56624.2648769 r.MP9601
199631 1672405p 287 22.0936611067 12.1768289369 56630.3743212 r.MP9601
199631 1681670p 287 23.5383043631 12.1123370561 56655.2635904 r.MP9601
199631 1681856p 387 23.6906265194 12.1449925692 56656.3691284 r.MP9601
199631 1681948p 287 24.1187615118 12.2419823584 56659.2454555 r.MP9601
208955 1716947p 387 192.299480792 -4.37911015625 56808.3556192 r.MP9601
208955 1716948p 387 192.299426124 -4.37903446181 56808.3606655 r.MP9601
208955 1716949p 387 192.299370954 -4.37895807292 56808.3657581 r.MP9601
210652 1691676p 287 217.832328912 -12.6281442043 56712.5778631 r.MP9601
210652 1691682p 287 217.833652728 -12.628754198 56712.6012246 r.MP9601
210652 1691909p 287 217.884079672 -12.6523971666 56713.547469 r.MP9601
210652 1691917p 287 217.885950764 -12.653286702 56713.5842773 r.MP9601
210652 1692336p 287 218.008574077 -12.7171453722 56716.5322223 r.MP9601
210652 1698320p 287 216.537320528 -12.5992777938 56744.4494839 r.MP9601
210652 1698321p 287 216.536787119 -12.5991726299 56744.4533869 r.MP9601
210652 1698330p 287 216.531977306 -12.5982243536 56744.4885807 r.MP9601
210652 1698331p 287 216.531444947 -12.5981193967 56744.492476 r.MP9601
210652 1698332p 287 216.530696138 -12.5979717656 56744.4979551 r.MP9601
210652 1698832p 387 215.288063636 -12.340612668 56752.4176058 r.MP9601
211473 1729015p 287 17.5961429887 5.27133435315 56862.5569867 r.MP9601
211473 1729717p 287 18.0322871047 5.47347264079 56865.5917096 r.MP9601
211847 1716740p 287 232.980780303 -13.4481103125 56807.4895882 r.MP9601
211847 1716959p 287 232.803268845 -13.4071821801 56808.4059756 r.MP9601
211847 1721424p 287 229.715279674 -12.8510983239 56829.3618414 r.MP9601
211847 1721434p 287 229.711683287 -12.8508283248 56829.4007212 r.MP9601
212738 1698835p 387 214.98776765 -11.4856177605 56752.4330061 r.MP9601
212738 1698836p 387 214.986678338 -11.485325608 56752.4390161 r.MP9601
212738 1698844p 387 214.979973462 -11.4835273654 56752.4760085 r.MP9601
212738 1698851p 387 214.96995663 -11.4808408586 56752.5312738 r.MP9601
214676 1729839p 500 240.928536121 -23.5405330504 56867.2471065 r.MP9601
214676 1729840p 500 240.928777927 -23.5405826517 56867.2534838 r.MP9601
214676 1729841p 500 240.929018417 -23.540631983 56867.2598264 r.MP9601
214760 1717290p 287 245.070314534 -18.269080656 56810.4611332 r.MP9601
217795 1735070p 287 21.844850723 11.6532502283 56892.5641735 r.MP9601
217795 1735082p 287 21.8450463982 11.6548156299 56892.6111356 r.MP9601
217795 1736160p 287 21.8103351991 11.7634298945 56896.4565193 r.MP9601
217795 1736197p 287 21.8071803862 11.7667632817 56896.5993787 r.MP9601
217795 1778889p 287 20.5354004172 11.7149155758 57050.2260208 r.MP9601
218717 1774680p 387 12.8998583038 5.70117647014 57039.2742714 r.MP9601
218742 1729484p 287 27.3369658523 14.41662049 56864.5297474 r.MP9601
218742 1729495p 287 27.3470889896 14.4211957157 56864.5729779 r.MP9601
218742 1751527p 287 26.7435368955 15.7025159032 56952.3110687 r.MP9601
218742 1751538p 287 26.7338566015 15.6987388376 56952.3560933 r.MP9601
218742 1751550p 287 26.7232606553 15.694604502 56952.4053768 r.MP9601
218742 1751817p 387 26.4877725623 15.6020826158 56953.5016424 r.MP9601
218742 1752116p 387 26.0596830925 15.4303417589 56955.5024669 r.MP9601
218742 1757091p 387 21.8096872847 13.3787761411 56980.222975 r.MP9601
218742 1757113p 387 21.7958996741 13.3701167408 56980.3507366 r.MP9601
218742 1757542p 287 21.6033921519 13.246705879 56982.2186791 r.MP9601
218742 1757583p 287 21.5879667439 13.2364222737 56982.3810518 r.MP9601
218770 1722734p 287 16.5092808301 6.33693237878 56835.5900355 r.MP9601
218770 1722897p 287 16.7902196745 6.46637124712 56836.5951006 r.MP9601
218770 1778900p 287 23.8989685153 12.8680112588 57050.2714228 r.MP9601
218973 1722740p 287 18.3533638154 7.00587860611 56835.6133812 r.MP9601
218973 1723122p 287 18.9181338603 7.18938378109 56837.5890019 r.MP9601
218973 1768983p 287 17.5246457674 3.10823428527 57008.2430404 r.MP9601
219864 1729253p 287 24.1437412837 13.4400080111 56863.5049477 r.MP9601
219864 1729263p 287 24.1502827774 13.4433768803 56863.5441967 r.MP9601
219864 1729273p 287 24.1572502101 13.4469651082 56863.5860013 r.MP9601
219864 1735256p 287 27.0734751396 15.2728981474 56893.4742297 r.MP9601
219864 1735272p 287 27.0747863628 15.2752097853 56893.5441616 r.MP9601
219864 1736564p 287 27.082508244 15.4326012183 56899.4495054 r.MP9601
219864 1736593p 287 27.0807315704 15.4347332266 56899.5561058 r.MP9601
219864 1741574p 287 25.6966088678 15.3881679678 56918.4629926 r.MP9601
219864 1741585p 287 25.6911446449 15.3870763098 56918.5057096 r.MP9601
219864 1742022p 287 24.985427228 15.2277645834 56923.5039963 r.MP9601
219864 1775271p 387 20.3155776078 11.8546235482 57041.2580631 r.MP9601
219864 1775280p 387 20.3266052863 11.8580245482 57041.3040916 r.MP9601
219864 1778895p 287 22.6086846525 12.5704214436 57050.2516792 r.MP9601
219867 1757444p 387 25.7342810306 14.4176839912 56981.2286842 r.MP9601
219867 1757466p 387 25.7136256656 14.4096090893 56981.3691173 r.MP9601
219867 1757553p 287 25.5833277165 14.3584781675 56982.2647455 r.MP9601
219867 1757555p 287 25.5819527724 14.3579335817 56982.274451 r.MP9601
219867 1757595p 287 25.55995842 14.3492220931 56982.4297053 r.MP9601
221276 1728799p 287 16.4953724031 3.94478978897 56861.5832809 r.MP9601
221276 1729012p 287 16.6682657912 3.97789848287 56862.5452878 r.MP9601
221276 1729713p 287 17.1840846073 4.06770074438 56865.5760282 r.MP9601
221307 1757893p 287 12.4407043161 4.99691438226 56985.2555293 r.MP9601
221307 1757977p 287 12.4190329649 4.96717419765 56986.2517289 r.MP9601
221307 1768997p 287 13.5109570137 5.03180638098 57008.315151 r.MP9601
221730 1751521p 287 24.9284283158 15.132864147 56952.2866513 r.MP9601
221730 1751532p 287 24.9187670026 15.1294141213 56952.3313279 r.MP9601
221730 1751543p 287 24.9092037281 15.1259991048 56952.3755512 r.MP9601
221730 1751811p 387 24.6728206701 15.0411151434 56953.4713767 r.MP9601
221730 1752110p 387 24.2448797568 14.884007259 56955.472189 r.MP9601
221730 1757097p 387 19.9543982462 13.0344733476 56980.2552326 r.MP9601
221730 1757120p 387 19.9392965072 13.0264847466 56980.3865521 r.MP9601
221730 1757545p 287 19.735259512 12.9167610918 56982.2313596 r.MP9601
221730 1757586p 287 19.718574292 12.907521427 56982.3928294 r.MP9601
221730 1778902p 287 25.4531255322 13.8084626561 57050.2793367 r.MP9601
229974 1671730p 387 23.0249739903 14.0910937713 56624.286966 r.MP9601
229974 1672410p 287 22.7285632621 13.8534558991 56630.3943253 r.MP9601
229974 1672607p 387 22.7074960975 13.8261730574 56631.289097 r.MP9601
229974 1681940p 387 24.7843367078 13.9776198511 56659.2102247 r.MP9601
229974 1681953p 287 24.7933272021 13.9797604449 56659.2652686 r.MP9601
229974 1681965p 387 24.8020067398 13.9818270015 56659.3184086 r.MP9601
233688 1667916p 387 25.4238053199 14.3969370898 56597.525605 r.MP9601
233688 1671723p 387 21.5052342887 12.2820487394 56624.235765 r.MP9601
233688 1672397p 287 21.1510185817 11.9780180514 56630.3429935 r.MP9601
233688 1681850p 287 22.1492889233 11.6825918166 56656.3381238 r.MP9601
233688 1681851p 287 22.1498151445 11.6826814691 56656.3428013 r.MP9601
233688 1681945p 287 22.4935567464 11.7459093985 56659.2337784 r.MP9601
233688 1681957p 287 22.4995617578 11.7470999346 56659.2808765 r.MP9601
233688 1681973p 387 22.509932988 11.7491561044 56659.3622195 r.MP9601
233688 1682234p 387 22.6232783247 11.7719923113 56660.2417232 r.MP9601
236658 1778493p 387 215.951198214 -13.9946137097 57048.6174421 r.MP9601
237419 1778495p 387 218.634954903 -14.4382812146 57048.6276336 r.MP9601
251483 1626166p 287 215.607017204 -12.5131932015 56423.4821748 r.MP9601
251483 1626166p 287 215.607017204 -12.5131932015 56423.4821748 r.MP9601
251483 1626302p 287 215.401298226 -12.4747550221 56424.4844259 r.MP9601
251483 1631615p 287 211.256081571 -12.0078263618 56456.2779393 r.MP9601
251483 1631625p 287 211.254480711 -12.0083993012 56456.318382 r.MP9601
251483 1635769p 287 211.712668544 -12.7042110588 56477.2949723 r.MP9601
251483 1636127p 287 211.887283302 -12.8107256418 56479.3026006 r.MP9601
253326 1625232p 287 236.563386795 -13.1462224269 56419.4280158 r.MP9601
253326 1625242p 287 236.554392406 -13.1436789317 56419.4722505 r.MP9601
253326 1625252p 287 236.546214481 -13.1413663219 56419.5124698 r.MP9601
253326 1625622p 287 236.143446536 -13.0292167983 56421.4722904 r.MP9601
253326 1625897p 287 235.933805606 -12.9721104975 56422.4798138 r.MP9601
255054 1625232p 287 236.218981801 -13.0625302529 56419.4280158 r.MP9601
255054 1625242p 287 236.210005844 -13.0601219192 56419.4722505 r.MP9601
255054 1625252p 287 236.201844677 -13.0579322018 56419.5124698 r.MP9601
255217 1774678p 387 13.6825202788 4.18347545542 57039.2640711 r.MP9601
256346 1616719p 287 236.735922329 -12.9755862158 56391.5269302 r.MP9601
256346 1616915p 287 236.63109224 -12.9313047738 56392.4958001 r.MP9601
256346 1616925p 287 236.626610712 -12.9294472613 56392.5360835 r.MP9601
257072 1631352p 287 213.949104691 -13.0633895777 56455.359504 r.MP9601
257072 1631363p 287 213.945663413 -13.0633272357 56455.4043903 r.MP9601
257072 1635775p 287 213.688410388 -13.4731604335 56477.319263 r.MP9601
257072 1636133p 287 213.804871683 -13.5537177384 56479.3270454 r.MP9601
260969 1645164p 287 214.074550881 -11.500970649 56506.262518 r.MP9601
260969 1645696p 287 214.758525756 -11.821063668 56509.275333 r.MP9601
261126 1631357p 287 215.194308586 -12.0890830951 56455.3795791 r.MP9601
261126 1631368p 287 215.191577586 -12.0879072475 56455.4250958 r.MP9601
261126 1636120p 287 215.494663487 -12.1130174148 56479.2741091 r.MP9601
261126 1636323p 287 215.583862501 -12.1415506277 56480.3007834 r.MP9601
261126 1645488p 287 220.093467993 -13.5953920665 56508.287888 r.MP9601
261282 1757594p 287 25.8045110864 12.6363857618 56982.4258252 r.MP9601
261311 1774672p 387 11.1650681604 2.23344198072 57039.233382 r.MP9601
261311 1774992p 387 11.4254754822 2.37365899382 57040.2355185 r.MP9601
261466 1768988p 287 15.7454275189 3.30656332579 57008.2627153 r.MP9601
263449 1631352p 287 213.770540639 -13.4423702969 56455.359504 r.MP9601
263449 1631363p 287 213.768371137 -13.4410361782 56455.4043903 r.MP9601
263449 1635779p 287 214.130698569 -13.3077158132 56477.3351117 r.MP9601
263449 1636136p 287 214.300950581 -13.3452161162 56479.3391845 r.MP9601
263449 1645484p 287 218.931384712 -14.6208144935 56508.2716324 r.MP9601
263449 1646360p 287 220.082438024 -14.9469562977 56513.2501749 r.MP9601
263597 1728790p 287 15.1960865539 3.03905410945 56861.5480517 r.MP9601
264036 1722363p 287 13.2833599524 3.7657913419 56833.5888678 r.MP9601
264036 1722510p 287 13.5561570503 3.85315739291 56834.5877135 r.MP9601
264036 1774679p 387 17.6730738796 3.19887978648 57039.269152 r.MP9601
269280 1671730p 387 22.3751948746 13.674741088 56624.286966 r.MP9601
269280 1672407p 287 21.9829541171 13.4154662374 56630.3823376 r.MP9601
269280 1681668p 287 22.7227793987 13.2127516315 56655.2557982 r.MP9601
269280 1681852p 287 22.8357380912 13.2347354282 56656.3467634 r.MP9601
269280 1681853p 387 22.8362924496 13.2348480323 56656.3519605 r.MP9601
269280 1681854p 387 22.8370372196 13.2349993137 56656.3589427 r.MP9601
269280 1681949p 287 23.1655482749 13.304982602 56659.2493737 r.MP9601
269280 1681961p 287 23.1713109811 13.3062893381 56659.2964162 r.MP9601
269280 1681962p 387 23.1721013761 13.306468566 56659.3028684 r.MP9601
269280 1682229p 287 23.2854702081 13.3322926842 56660.2193742 r.MP9601
269280 1682239p 287 23.2908801529 13.3335420397 56660.2618051 r.MP9601
269280 1682252p 387 23.2996666393 13.3355711629 56660.3307187 r.MP9601
269280 1682253p 387 23.3004236926 13.3357459944 56660.3366564 r.MP9601
269280 1682254p 387 23.3012027446 13.3359259062 56660.3427666 r.MP9601
269280 1682255p 387 23.3019881244 13.3361072793 56660.3489265 r.MP9601
269761 1645245p 287 17.7624419858 6.29950186332 56506.5435278 r.MP9601
269761 1645256p 287 17.7670868857 6.30214761729 56506.5862396 r.MP9601
269793 1667593p 287 23.8166589263 12.9208414195 56595.502021 r.MP9601
269793 1667910p 387 23.4032488064 12.7927989031 56597.4953215 r.MP9601
269793 1671671p 387 19.5261072269 11.486178148 56623.3715763 r.MP9601
269793 1672403p 287 19.1101576304 11.328113074 56630.3665358 r.MP9601
271864 1645560p 287 13.3817985517 5.12245071457 56508.5060483 r.MP9601
271864 1645755p 287 13.4336571358 5.15809651615 56509.481476 r.MP9601
271864 1645765p 287 13.4356010614 5.1594680637 56509.5203546 r.MP9601
271864 1645766p 287 13.4358371608 5.15963464496 56509.5250766 r.MP9601
271864 1645767p 287 13.4360773364 5.15980410217 56509.5298801 r.MP9601
271864 1646264p 287 13.5584887932 5.25385654983 56512.460419 r.MP9601
271864 1646274p 287 13.5597664936 5.25497790718 56512.4992352 r.MP9601
272922 1667731p 287 15.1978191707 3.45248367275 56596.2466858 r.MP9601
272922 1667742p 287 15.1909763824 3.44909213366 56596.2896772 r.MP9601
272922 1667753p 287 15.1841757872 3.44572150711 56596.3324034 r.MP9601
272922 1667862p 287 15.0353832431 3.37197838664 56597.2729418 r.MP9601
272922 1667891p 387 15.015872135 3.3623097805 56597.3981467 r.MP9601
272922 1668250p 387 14.4261708109 3.07126730625 56601.3879581 r.MP9601
272922 1671656p 287 12.5943705123 2.17519221421 56623.3001958 r.MP9601
272922 1671666p 287 12.593310836 2.17466558717 56623.3464362 r.MP9601
272922 1671893p 287 12.5587752629 2.15703704248 56625.2121203 r.MP9601
272922 1672201p 287 12.5511594634 2.15009338337 56629.222412 r.MP9601
272922 1672371p 287 12.5635728378 2.15492913511 56630.2393703 r.MP9601
272922 1672383p 287 12.5643635878 2.1552454351 56630.2868153 r.MP9601
272922 1672617p 387 12.5839288643 2.1632840426 56631.3477222 r.MP9601
272922 1672618p 387 12.5840400432 2.16333159082 56631.3527567 r.MP9601
272922 1672749p 387 12.6045545015 2.17208372793 56632.2262243 r.MP9601
272922 1672750p 387 12.6046929471 2.17214246239 56632.2312587 r.MP9601
272922 1672754p 387 12.6051762048 2.17234748081 56632.2488317 r.MP9601
272922 1672758p 387 12.6061399366 2.17275633673 56632.2838765 r.MP9601
272922 1672759p 387 12.6062783927 2.1728150757 56632.2889113 r.MP9601
272922 1672780p 387 12.6077630844 2.17344494492 56632.3429 r.MP9601
272922 1672810p 387 12.6092358528 2.17406975572 56632.3964553 r.MP9601
273036 1656889p 287 10.9601098656 4.00502710711 56564.3648212 r.MP9601
273036 1656899p 287 10.9525369146 4.00094936425 56564.4036568 r.MP9601
273036 1656932p 287 10.9326175176 3.99022353511 56564.5058076 r.MP9601
273036 1656933p 287 10.9317330891 3.98974730441 56564.5103431 r.MP9601
274367 1667911p 387 23.459303913 14.2321951982 56597.5003577 r.MP9601
274367 1671672p 387 20.0181430793 12.6653565422 56623.3766398 r.MP9601
274367 1672401p 287 19.8129392676 12.4659810909 56630.3587052 r.MP9601
274367 1681664p 287 21.6640022018 12.7181880352 56655.2391209 r.MP9601
274367 1681848p 287 21.8286889052 12.7613547634 56656.330251 r.MP9601
274367 1681946p 287 22.2979016392 12.8884448998 56659.2376567 r.MP9601
274367 1681958p 287 22.3059092865 12.8906692462 56659.2847605 r.MP9601
274367 1681974p 387 22.3199364075 12.8945656687 56659.367273 r.MP9601
274367 1682226p 287 22.4639364648 12.9346570403 56660.2077138 r.MP9601
274367 1682236p 287 22.4713827824 12.9367441317 56660.2501631 r.MP9601
274367 1682249p 387 22.4824589817 12.9398486246 56660.3133054 r.MP9601
275189 1657314p 287 11.3333743772 4.5893031175 56567.4268531 r.MP9601
275189 1658018p 287 10.3576326945 4.08322968888 56572.3587347 r.MP9601
277688 1651335p 287 23.8706930024 12.3048620209 56537.4172125 r.MP9601
277688 1651346p 287 23.8678229827 12.3049342227 56537.4605336 r.MP9601
277688 1651490p 287 23.8006147165 12.3054695343 56538.4365588 r.MP9601
277688 1651502p 287 23.7972538897 12.3054306808 56538.483183 r.MP9601
278706 1658158p 287 26.1297493669 13.3987503208 56573.520964 r.MP9601
278706 1667759p 287 21.571123848 11.1776031448 56596.3558886 r.MP9601
278706 1667869p 287 21.3980673521 11.0852796077 56597.3017052 r.MP9601
278706 1667879p 287 21.3910232847 11.0815054191 56597.3407485 r.MP9601
278706 1667897p 387 21.3751057394 11.0729768498 56597.4289751 r.MP9601
281949 1646432p 287 24.1140757567 12.8473143935 56513.4990909 r.MP9601
281949 1646443p 287 24.1184179377 12.8495457921 56513.5425127 r.MP9601
281949 1651338p 287 24.8992635697 13.4574190809 56537.4291309 r.MP9601
281949 1651349p 287 24.8975562877 13.4572992717 56537.4722622 r.MP9601
281949 1651493p 287 24.8563109338 13.4533433354 56538.4481996 r.MP9601
281949 1651505p 287 24.8541933273 13.453084301 56538.4948258 r.MP9601
281949 1656935p 287 21.7298413543 12.4595211958 56564.5190472 r.MP9601
281949 1658267p 287 19.773013327 11.6854742071 56574.4522495 r.MP9601
284516 1778500p 387 214.041184893 -12.3927294259 57048.6531132 r.MP9601
284669 1645758p 287 12.5940805834 4.60444825316 56509.4931443 r.MP9601
284669 1645770p 287 12.5976340243 4.60442133315 56509.5416003 r.MP9601
284669 1645771p 287 12.5979808128 4.60441870596 56509.5463293 r.MP9601
284669 1646267p 287 12.7859630559 4.58983949069 56512.4720556 r.MP9601
284669 1646277p 287 12.7880981976 4.58948363374 56512.5108763 r.MP9601
284669 1651057p 287 12.3975824249 3.61216094902 56535.5530619 r.MP9601
284669 1651167p 287 12.3164138436 3.5450040583 56536.4387964 r.MP9601
284669 1651177p 287 12.3127285231 3.54199519167 56536.4777601 r.MP9601
284669 1651844p 287 11.8964407673 3.21890896046 56540.4182995 r.MP9601
284669 1651854p 287 11.8918971275 3.21553491711 56540.4571064 r.MP9601
285700 1722740p 287 18.3848151312 7.37724579111 56835.6133812 r.MP9601
289072 1657411p 287 21.4652770779 11.2261419186 56568.4916533 r.MP9601
289072 1658260p 287 20.1974007669 10.884560071 56574.4008314 r.MP9601
290185 1729478p 287 24.7477456836 13.5228922938 56864.5059945 r.MP9601
290185 1729489p 287 24.7555558162 13.5267370968 56864.5493842 r.MP9601
290185 1729500p 287 24.7633305134 13.5305644554 56864.5925769 r.MP9601
290185 1735258p 287 27.9995854519 15.3783723764 56893.481989 r.MP9601
290185 1735274p 287 28.0020040984 15.3809172976 56893.5519257 r.MP9601
290185 1736567p 287 28.0986225488 15.5563379109 56899.4611766 r.MP9601
290185 1736596p 287 28.0984004754 15.5587659137 56899.5677718 r.MP9601
290185 1741577p 287 26.9357410238 15.5538073227 56918.4746395 r.MP9601
290185 1741588p 287 26.9306316001 15.5527747562 56918.5173664 r.MP9601
290185 1742025p 287 26.2610216706 15.398861087 56923.5156723 r.MP9601
290185 1751559p 287 20.5760970101 13.4410422038 56952.4410317 r.MP9601
290185 1751569p 287 20.5677136826 13.4375641893 56952.4804054 r.MP9601
290185 1751579p 287 20.5594277278 13.434126572 56952.5193218 r.MP9601
290185 1751805p 387 20.3637198004 13.3524588838 56953.4410876 r.MP9601
290185 1778900p 287 24.1360697855 12.7007177401 57050.2714228 r.MP9601
290600 1722359p 287 14.8199395481 3.69284638895 56833.5732595 r.MP9601
290600 1722507p 287 15.1116341081 3.81655789504 56834.5760372 r.MP9601
290600 1751786p 287 16.7697245109 6.21975190504 56953.3523697 r.MP9601
290600 1752201p 287 16.152215188 6.06486870891 56956.4478188 r.MP9601
290600 1752371p 287 15.9705322627 6.02008303448 56957.3910778 r.MP9601
290600 1775269p 387 20.0221397504 9.48821992498 57041.2478061 r.MP9601
290600 1775278p 387 20.0340853232 9.49352053282 57041.2938984 r.MP9601
293166 1646176p 287 218.14879776 -12.6140146559 56512.2458288 r.MP9601
293166 1646180p 287 218.151788252 -12.6153864007 56512.2617075 r.MP9601
293250 1722363p 287 13.8203700197 3.88705706679 56833.5888678 r.MP9601
293250 1722510p 287 14.0548780325 3.9607135146 56834.5877135 r.MP9601
293250 1729018p 287 19.3208153241 5.34648260798 56862.5686752 r.MP9601
293250 1734904p 287 21.2230412443 5.11261574063 56891.544482 r.MP9601
293250 1734913p 387 21.2226067737 5.11102804564 56891.5831016 r.MP9601
293250 1736202p 287 21.0925745793 4.87371055014 56896.6191685 r.MP9601
293250 1774683p 387 15.4388585415 2.21416223317 57039.292889 r.MP9601
294807 1691673p 287 213.809969636 -13.4605113745 56712.5662232 r.MP9601
294807 1691906p 287 213.8125 -13.4752396449 56713.5358216 r.MP9601
294807 1692180p 287 213.799808069 -13.5017280328 56715.6466902 r.MP9601
296425 1692360p 387 239.684958914 -14.8399378402 56716.6484944 r.MP9601
296425 1705078p 287 240.167325693 -13.7116649698 56778.406061 r.MP9601
296425 1705091p 287 240.158078198 -13.7097669501 56778.4574359 r.MP9601
296425 1705105p 287 240.147518882 -13.7075996831 56778.5160988 r.MP9601
296425 1705716p 287 239.398230403 -13.5611920391 56782.5015928 r.MP9601
296425 1705717p 287 239.397448222 -13.5610463878 56782.5055954 r.MP9601
296425 1705897p 287 239.212733342 -13.527048569 56783.4432704 r.MP9601
296425 1705910p 287 239.202624338 -13.5252118528 56783.4941333 r.MP9601
296425 1705925p 287 239.187500883 -13.5224640551 56783.5702262 r.MP9601
296425 1716717p 287 234.074166981 -12.8491323208 56807.405678 r.MP9601
296425 1716968p 287 233.864443349 -12.8336036196 56808.4319014 r.MP9601
296425 1716976p 287 233.858092711 -12.8331602486 56808.4631981 r.MP9601
296425 1717105p 287 233.685116144 -12.8213744798 56809.3202526 r.MP9601
296425 1717116p 287 233.676508763 -12.8208126091 56809.3632895 r.MP9601
296425 1717127p 287 233.667922125 -12.8202520924 56809.4062227 r.MP9601
296425 1721424p 287 230.550827927 -12.8829934058 56829.3618414 r.MP9601
296425 1721434p 287 230.546842741 -12.883792603 56829.4007212 r.MP9601
300815 1686684p 387 214.702417698 -14.1035490215 56689.6377584 r.MP9601
300815 1686793p 387 214.884257715 -14.1845351358 56690.6356086 r.MP9601
300815 1686860p 387 215.052259038 -14.2599820091 56691.5801931 r.MP9601
301480 1691675p 287 215.718714025 -13.136096213 56712.5739825 r.MP9601
301480 1691908p 287 215.769452645 -13.1290812548 56713.5435828 r.MP9601
301480 1692182p 287 215.859689319 -13.1063586118 56715.6545434 r.MP9601
301480 1698827p 387 213.109983242 -11.1773254857 56752.3923492 r.MP9601
303147 1715394p 287 214.870127108 -13.8162142568 56799.4537751 r.MP9601
303147 1715882p 287 214.39364723 -13.617490911 56802.4460291 r.MP9601
303147 1722437p 287 212.135636109 -12.4951542133 56834.3131665 r.MP9601
303182 1716498p 287 229.569448277 -12.438684023 56806.3703507 r.MP9601
303182 1716508p 287 229.561874107 -12.4369145587 56806.4091926 r.MP9601
303182 1716518p 287 229.554300364 -12.4351451943 56806.4480323 r.MP9601
303182 1716737p 287 229.354860663 -12.38875783 56807.4779488 r.MP9601
303182 1716956p 287 229.179997019 -12.3486887531 56808.3942889 r.MP9601
305254 1692845p 387 242.872640886 -16.712125358 56723.6162822 r.MP9601
305355 1715889p 287 241.709637571 -14.2995052309 56802.4767621 r.MP9601
305355 1728611p 287 234.76849577 -14.3472792758 56857.3539956 r.MP9601
305902 1698709p 387 237.07005072 -12.9022180218 56751.509775 r.MP9601
305902 1698721p 387 237.065986293 -12.8992393636 56751.5789567 r.MP9601
305905 1722444p 287 216.006347437 -12.1805862883 56834.3421663 r.MP9601
308896 1716713p 287 233.095410468 -13.9980583479 56807.3893747 r.MP9601
308896 1721424p 287 229.632450732 -13.1298556421 56829.3618414 r.MP9601
308896 1721434p 287 229.628595145 -13.1291536445 56829.4007212 r.MP9601
309563 1723210p 287 241.208259241 -14.7604071627 56838.4310524 r.MP9601
309975 1611386p 500 150.221302445 19.8468367508 56356.376551 r.MP9601
311872 1626288p 287 211.573010777 -12.610429471 56424.4237159 r.MP9601
311872 1635764p 287 209.409869908 -11.1397167833 56477.2750497 r.MP9601
311872 1636122p 287 209.633052105 -11.2031777938 56479.2822956 r.MP9601
311872 1645166p 287 214.390255089 -12.6804479544 56506.2705465 r.MP9601
311872 1645695p 287 215.094989273 -12.9012420951 56509.2711127 r.MP9601
312977 1607611p 287 211.812464061 -10.4190561817 56331.5564046 r.MP9601
312977 1607622p 287 211.818185628 -10.4197771124 56331.6035928 r.MP9601
314960 1626158p 287 213.766977708 -13.4587929113 56423.4503352 r.MP9601
314960 1626294p 287 213.578025309 -13.3800356729 56424.4483095 r.MP9601
314960 1631608p 287 209.813970619 -11.6618137462 56456.2496404 r.MP9601
314960 1631618p 287 209.812588406 -11.6608922706 56456.2900954 r.MP9601
314960 1635767p 287 210.275167904 -11.6380442305 56477.2871127 r.MP9601
314960 1636125p 287 210.439114008 -11.6814829778 56479.2946363 r.MP9601
314960 1645166p 287 214.376079905 -12.8827424895 56506.2705465 r.MP9601
314960 1645695p 287 214.989129964 -13.0738840549 56509.2711127 r.MP9601
314985 1645170p 287 215.412961746 -12.0884893623 56506.2865687 r.MP9601
314985 1645822p 287 216.201524126 -12.4500804991 56510.2553587 r.MP9601
314985 1645957p 287 216.411575238 -12.5441260316 56511.2674218 r.MP9601
315825 1735263p 287 12.1502809715 4.81455360963 56893.5015508 r.MP9601
317667 1752376p 287 14.0715936282 5.72802053844 56957.4104923 r.MP9601
317667 1757901p 287 11.0597337907 4.08204110494 56985.2866514 r.MP9601
317667 1757989p 287 11.0307691926 4.05839224488 56986.3129989 r.MP9601
317667 1769006p 287 11.8731574533 4.20783155954 57008.3511676 r.MP9601
318916 1728797p 287 12.6561265049 4.12304037697 56861.5754007 r.MP9601
318916 1729709p 287 13.1467889289 4.37071652385 56865.5599023 r.MP9601
318916 1734918p 387 14.1444849048 5.14833333333 56891.6084468 r.MP9601
318916 1735075p 287 14.1003670321 5.14703634545 56892.5836445 r.MP9601
318916 1735260p 287 14.0538799133 5.14379765056 56893.4899093 r.MP9601
318916 1736295p 287 13.7889547547 5.10628717565 56897.4581602 r.MP9601
318916 1736296p 287 13.7886459677 5.10623220833 56897.4620402 r.MP9601
319065 1751817p 387 27.1752752997 15.5745744037 56953.5016424 r.MP9601
319065 1752119p 387 26.7471020714 15.3920050036 56955.517628 r.MP9601
319065 1757090p 387 22.4071880511 13.233466772 56980.2178774 r.MP9601
319065 1757113p 387 22.39124494 13.2237237596 56980.3507366 r.MP9601
319065 1757538p 287 22.1772134255 13.0905933414 56982.2026453 r.MP9601
319065 1757579p 287 22.1595732203 13.0792402862 56982.365478 r.MP9601
319065 1778101p 387 26.8496086128 13.1760521961 57046.2929294 r.MP9601
319065 1778111p 387 26.8622746082 13.1795977418 57046.3489117 r.MP9601
319065 1778112p 387 26.8642645798 13.1801547872 57046.3577072 r.MP9601
320037 1735065p 287 23.7043936524 13.281927608 56892.5447658 r.MP9601
320037 1735077p 287 23.7044131846 13.2830734957 56892.591643 r.MP9601
320037 1736155p 287 23.6577702909 13.3590563712 56896.4370914 r.MP9601
320037 1736182p 287 23.6554541088 13.3604940015 56896.5329334 r.MP9601
320037 1741558p 287 21.6640170582 13.0820935818 56918.4004322 r.MP9601
320037 1741568p 287 21.6580025095 13.0805027773 56918.4396575 r.MP9601
320037 1742015p 287 20.828265727 12.8466405567 56923.4766878 r.MP9601
320882 1625235p 287 237.030955326 -13.2067124643 56419.4399738 r.MP9601
320882 1625245p 287 237.021962795 -13.204427477 56419.4841994 r.MP9601
320882 1625255p 287 237.013790292 -13.2023508573 56419.524392 r.MP9601
320882 1625622p 287 236.61305296 -13.1023807951 56421.4722904 r.MP9601
320882 1625897p 287 236.402372505 -13.0512983005 56422.4798138 r.MP9601
321060 1658156p 287 24.2520738892 13.3542679387 56573.5131771 r.MP9601
321060 1667555p 287 19.6408459734 11.9111102109 56595.3805799 r.MP9601
321060 1667876p 287 19.2699539837 11.7788015064 56597.3291061 r.MP9601
321060 1667904p 387 19.2446530659 11.7697075151 56597.46495 r.MP9601
321060 1668254p 287 18.5393978196 11.5103266695 56601.435348 r.MP9601
321060 1681845p 387 18.6618763501 11.1804019446 56656.3046195 r.MP9601
321393 1722737p 287 17.7617673503 6.68261713241 56835.6017126 r.MP9601
321393 1722900p 287 18.0638617458 6.78311776079 56836.6067708 r.MP9601
321393 1723122p 287 18.3564038851 6.8798135152 56837.5890019 r.MP9601
321393 1751783p 287 22.4017478644 4.96366942566 56953.3406888 r.MP9601
323903 1729261p 287 25.1268487546 12.3988235073 56863.536408 r.MP9601
323903 1729271p 287 25.1342049393 12.4014490638 56863.5780468 r.MP9601
323903 1729281p 287 25.1415571594 12.4040732052 56863.6196632 r.MP9601
323921 1757442p 387 24.6685087342 14.4263747493 56981.2185325 r.MP9601
323921 1757464p 387 24.6477301566 14.4186876511 56981.3590074 r.MP9601
323921 1757551p 287 24.5166426486 14.3699950574 56982.255301 r.MP9601
323921 1757593p 287 24.4929953751 14.3611186615 56982.4217334 r.MP9601
323981 1729480p 287 25.7007470262 13.2174731945 56864.5138912 r.MP9601
323981 1729491p 287 25.7102105258 13.2212826286 56864.5571529 r.MP9601
323981 1729502p 287 25.7196815607 13.225095096 56864.600449 r.MP9601
323981 1751560p 287 24.2105965485 12.5398304129 56952.4449162 r.MP9601
323981 1751570p 287 24.2024217724 12.5359783095 56952.4843127 r.MP9601
323981 1751580p 287 24.1943524375 12.532175892 56952.5232011 r.MP9601
323981 1751806p 387 24.0034014056 12.4419335058 56953.4461346 r.MP9601
323981 1752106p 387 23.5917946664 12.245342961 56955.4513145 r.MP9601
323993 1757888p 287 15.6107519745 3.84829093469 56985.236116 r.MP9601
323993 1757972p 287 15.543303116 3.85696068495 56986.2322684 r.MP9601
323993 1768987p 287 15.6101972652 4.65644118631 57008.2587705 r.MP9601
324045 1774678p 387 12.9877727827 4.20310387031 57039.2640711 r.MP9601
324079 1751551p 287 23.172842754 11.7368659798 56952.4093384 r.MP9601
324079 1751561p 287 23.164079335 11.734421649 56952.4487985 r.MP9601
324079 1751571p 287 23.1553306521 11.7319814285 56952.4881922 r.MP9601
324079 1751797p 387 22.9532017586 11.6753518163 56953.4005958 r.MP9601
324079 1778901p 287 24.8436718106 13.0270618106 57050.2754086 r.MP9601
326174 1616725p 287 239.296885169 -13.5253620355 56391.5511569 r.MP9601
326174 1616921p 287 239.214677935 -13.4791657168 56392.520251 r.MP9601
326174 1616931p 287 239.211100478 -13.4772102668 56392.5609424 r.MP9601
326174 1617937p 287 238.181405577 -13.0169841067 56401.5617563 r.MP9601
327406 1768983p 287 17.5232311584 2.98895727392 57008.2430404 r.MP9601
327925 1751527p 287 27.3157593828 15.5113979007 56952.3110687 r.MP9601
327925 1751538p 287 27.3057976849 15.5083837523 56952.3560933 r.MP9601
327925 1751550p 287 27.294893717 15.5050844977 56952.4053768 r.MP9601
327925 1751817p 387 27.0523449461 15.4311382236 56953.5016424 r.MP9601
327925 1752119p 387 26.6069551713 15.2926647216 56955.517628 r.MP9601
327925 1757091p 387 21.9581388064 13.6069011616 56980.222975 r.MP9601
327925 1757114p 387 21.9401168941 13.5992487803 56980.3560599 r.MP9601
327925 1757542p 287 21.696180678 13.4941445046 56982.2186791 r.MP9601
327925 1757583p 287 21.6760193992 13.4852591088 56982.3810518 r.MP9601
330145 1645243p 287 17.3244812996 4.86537705417 56506.5357395 r.MP9601
330145 1645254p 287 17.3280939474 4.86549569614 56506.5784506 r.MP9601
330145 1650816p 287 17.4792155537 3.98296115199 56534.4529108 r.MP9601
330145 1650817p 287 17.4788537499 3.982648775 56534.4576557 r.MP9601
330145 1651033p 287 17.4002941547 3.91606612387 56535.4555818 r.MP9601
330145 1651049p 287 17.3949333322 3.91161700586 56535.5212245 r.MP9601
333176 1617940p 287 238.863740439 -13.5911054487 56401.5737915 r.MP9601
333176 1624860p 287 236.409759713 -12.7676891103 56416.4252177 r.MP9601
344082 1778499p 387 218.835761125 -13.8370706137 57048.6479896 r.MP9601
352411 1715393p 287 214.511602105 -14.0161011028 56799.4498917 r.MP9601
353140 1722444p 287 216.234090345 -12.0127729957 56834.3421663 r.MP9601
356106 1716266p 287 212.029169882 -10.3003647179 56805.3816791 r.MP9601
356106 1722435p 287 210.717238769 -10.9197995837 56834.3054061 r.MP9601
356856 1692658p 387 240.009398289 -14.8030978283 56722.5760909 r.MP9601
356856 1704850p 287 239.746746425 -13.1988980148 56777.4325564 r.MP9601
356856 1704863p 287 239.737815607 -13.1964623374 56777.4838338 r.MP9601
356856 1704876p 287 239.728798502 -13.1940031269 56777.5356067 r.MP9601
356856 1705713p 287 238.813831861 -12.9604913196 56782.4835193 r.MP9601
356856 1705892p 287 238.630921259 -12.9171132358 56783.4155231 r.MP9601
356856 1705907p 287 238.617661094 -12.9140117686 56783.482381 r.MP9601
356856 1705922p 287 238.602564159 -12.9104806927 56783.5585 r.MP9601
356856 1716715p 287 233.492577316 -12.0216759079 56807.3971895 r.MP9601
356856 1716969p 287 233.280502864 -11.9985778021 56808.4357883 r.MP9601
356856 1717106p 287 233.10169346 -11.9803640756 56809.3241333 r.MP9601
356856 1717117p 287 233.093122285 -11.9795272803 56809.3671684 r.MP9601
356856 1717128p 287 233.084571452 -11.9786924709 56809.4101015 r.MP9601
356856 1721425p 287 230.000246978 -11.9556953579 56829.3657207 r.MP9601
356856 1721435p 287 229.996375124 -11.956418968 56829.4046013 r.MP9601
356856 1728592p 287 229.722909427 -13.1818840632 56857.2782609 r.MP9601
358183 1728611p 287 235.10461663 -14.2229182254 56857.3539956 r.MP9601
359678 1686685p 387 216.846064159 -14.1981133049 56689.6428131 r.MP9601
359678 1691686p 287 219.440782455 -14.6711759718 56712.6167492 r.MP9601
359678 1691921p 287 219.492989926 -14.6705558308 56713.5998018 r.MP9601
359678 1692340p 287 219.6176938 -14.6577105318 56716.5477725 r.MP9601
359678 1698689p 287 217.371161934 -13.2589045211 56751.4272303 r.MP9601
359678 1698699p 287 217.365027281 -13.2561234786 56751.4664921 r.MP9601
359678 1698833p 387 217.21404072 -13.1876903263 56752.4226622 r.MP9601
359678 1698853p 287 217.195076138 -13.1790970002 56752.5411908 r.MP9601
362893 1635780p 287 214.123503264 -11.9913795912 56477.3389911 r.MP9601
362893 1636138p 287 214.241873036 -12.0245155419 56479.3471037 r.MP9601
362893 1645482p 287 218.143334212 -13.2470307266 56508.2636027 r.MP9601
362893 1646182p 287 218.969633285 -13.5042881419 56512.2696122 r.MP9601
363853 1607613p 287 212.351621558 -11.7481162171 56331.5641669 r.MP9601
363853 1607624p 287 212.358027183 -11.750953978 56331.6137588 r.MP9601
363853 1607624p 287 212.358027183 -11.750953978 56331.6137588 r.MP9601
363853 1607625p 287 212.358664695 -11.7512364026 56331.6186944 r.MP9601
363853 1607626p 287 212.359296138 -11.7515161385 56331.623583 r.MP9601
363898 1631660p 287 241.983640574 -14.1872108495 56456.4628058 r.MP9601
363898 1734921p 387 13.2710571731 5.31090351503 56891.6235645 r.MP9601
363898 1735260p 287 13.1710137002 5.21416049404 56893.4899093 r.MP9601
363898 1774992p 387 11.7389825348 2.37293405516 57040.2355185 r.MP9601
364944 1625353p 287 241.065125374 -12.9961410774 56420.4592808 r.MP9601
364944 1625364p 287 241.05642856 -12.9943063066 56420.5033153 r.MP9601
364944 1625655p 287 240.849428123 -12.9511672987 56421.5422666 r.MP9601
364944 1625930p 287 240.646111246 -12.9098531692 56422.5478135 r.MP9601
364944 1630186p 287 236.008334007 -12.2358184073 56444.3879634 r.MP9601
364944 1630308p 287 235.807138919 -12.2191383466 56445.3946777 r.MP9601
364947 1616689p 287 217.4223077 -14.9257333002 56391.3978958 r.MP9601
364947 1616700p 287 217.41428475 -14.9243661607 56391.4410686 r.MP9601
364947 1616711p 287 217.406179394 -14.922984979 56391.4846849 r.MP9601
365770 1774995p 387 12.1625313362 1.44776439698 57040.2508336 r.MP9601
365993 1630542p 287 239.237074346 -13.0732052715 56447.3971637 r.MP9601
365993 1630871p 287 238.836629483 -13.0485490872 56449.4006128 r.MP9601
366921 1774684p 387 15.3332697648 4.6699243299 57039.2979699 r.MP9601
366923 1774674p 387 16.2318515111 3.64693332444 57039.2436666 r.MP9601
366959 1774681p 387 14.6208266096 4.8360310138 57039.2793592 r.MP9601
368004 1768991p 287 15.2560720145 5.22207113897 57008.2745351 r.MP9601
369997 1658290p 287 17.075264454 4.32199385987 56574.5466211 r.MP9601
370805 1671651p 287 10.3583333333 2.56099948118 56623.2751739 r.MP9601
370805 1671661p 287 10.3583333333 2.56291155413 56623.3269293 r.MP9601
370805 1672614p 387 10.5465212628 2.92964994088 56631.3303507 r.MP9601
370805 1672744p 287 10.5900377223 2.97806329492 56632.1991644 r.MP9601
372056 1646292p 287 19.9534386788 11.8109449798 56512.5711885 r.MP9601
372056 1646293p 287 19.9537123508 11.8110928026 56512.5759828 r.MP9601
372056 1646304p 287 19.9562253262 11.8124501762 56512.6200057 r.MP9601
372056 1651193p 287 19.724947339 11.8752895899 56536.5412237 r.MP9601
372056 1651203p 287 19.7219513995 11.8742531568 56536.58009 r.MP9601
372056 1651363p 287 19.6457627047 11.8474944613 56537.52849 r.MP9601
372056 1651375p 287 19.6416507991 11.8460342871 56537.5780808 r.MP9601
372700 1646292p 287 20.2659323778 12.1093932268 56512.5711885 r.MP9601
372700 1646293p 287 20.2663318989 12.1096236173 56512.5759828 r.MP9601
372700 1646304p 287 20.2700004762 12.1117391635 56512.6200057 r.MP9601
372700 1651185p 287 20.6052395575 12.580306394 56536.510179 r.MP9601
372700 1651195p 287 20.6029745427 12.5798857484 56536.5490078 r.MP9601
372700 1651363p 287 20.5427552254 12.567806664 56537.52849 r.MP9601
372700 1651375p 287 20.5395731477 12.5671316778 56537.5780808 r.MP9601
374170 1646288p 287 21.8589927308 12.0683706213 56512.5556662 r.MP9601
374170 1646299p 287 21.8634335242 12.0709064842 56512.5993461 r.MP9601
374170 1651187p 287 22.6207034693 12.8107293227 56536.5179374 r.MP9601
374170 1651197p 287 22.6190694054 12.810804824 56536.5567666 r.MP9601
374170 1651356p 287 22.5762770031 12.8111117319 56537.4994413 r.MP9601
374170 1651368p 287 22.5737923996 12.8110546146 56537.5508469 r.MP9601
375023 1657654p 287 14.0702459392 3.83272632484 56570.3712279 r.MP9601
375023 1657655p 287 14.0691394959 3.83242051327 56570.3763248 r.MP9601
375023 1657922p 287 13.8511606896 3.77221674196 56571.379721 r.MP9601
375023 1657938p 287 13.8371579488 3.76835391692 56571.4441014 r.MP9601
375023 1658280p 287 13.1736878454 3.58698019845 56574.504149 r.MP9601
375023 1658281p 287 13.1726847994 3.58670910494 56574.5087963 r.MP9601
375912 1645236p 287 14.1889392102 5.3770109721 56506.5085536 r.MP9601
375912 1645247p 287 14.1919661839 5.37734334568 56506.5512873 r.MP9601
375912 1646581p 287 14.6064136626 5.34641657112 56515.5075537 r.MP9601
375912 1650808p 287 13.9921677525 4.61390588642 56534.4200832 r.MP9601
375912 1651025p 287 13.9024338945 4.54993102498 56535.4241381 r.MP9601
375912 1651036p 287 13.898441312 4.54712542648 56535.4673011 r.MP9601
375912 1651841p 287 13.3757063967 4.19715609673 56540.4066596 r.MP9601
375912 1651851p 287 13.3710821182 4.1941810364 56540.4454647 r.MP9601
376735 1657928p 287 15.2541759656 3.3938552201 56571.4050162 r.MP9601
376735 1657948p 287 15.2378483014 3.38505986796 56571.4876879 r.MP9601
376735 1658283p 287 14.6379392758 3.06421484903 56574.5166927 r.MP9601
377431 1651192p 287 20.4725483383 11.568913058 56536.537346 r.MP9601
377431 1651202p 287 20.4708641115 11.5680709446 56536.5762128 r.MP9601
377431 1651362p 287 20.4262694741 11.5457736259 56537.5246105 r.MP9601
377431 1651374p 287 20.4237915559 11.5445346669 56537.5741689 r.MP9601
378768 1671725p 387 22.8582582952 11.7284700308 56624.2458999 r.MP9601
378768 1671727p 387 22.8571592128 11.7275159114 56624.2648769 r.MP9601
379395 1681847p 387 21.6555555065 11.1645281568 56656.3220161 r.MP9601
379395 1681951p 287 22.0714411917 11.3420045438 56659.2574624 r.MP9601
382316 1646294p 287 23.4785676608 12.608612294 56512.5799415 r.MP9601
382316 1646305p 287 23.484080896 12.6118970344 56512.6239008 r.MP9601
382316 1651339p 287 24.7299821639 13.7817815736 56537.4330109 r.MP9601
382316 1651350p 287 24.7286522443 13.7825124303 56537.4761434 r.MP9601
382316 1651494p 287 24.6955458164 13.7979193892 56538.4521116 r.MP9601
382316 1651506p 287 24.6937984849 13.7985924354 56538.4987071 r.MP9601
382316 1658256p 287 19.6266825322 12.6398435102 56574.3853002 r.MP9601
390951 1691672p 287 212.763352467 -14.1165620614 56712.5623421 r.MP9601
390951 1691902p 287 212.802002034 -14.1182111563 56713.5200542 r.MP9601
390951 1691905p 287 212.802447833 -14.118221063 56713.5319422 r.MP9601
390951 1691913p 387 212.80379602 -14.1182510227 56713.5678939 r.MP9601
390951 1691923p 387 212.805361406 -14.118285809 56713.6096375 r.MP9601
390951 1692176p 287 212.867705324 -14.1144904423 56715.6310291 r.MP9601
390951 1692179p 287 212.86800472 -14.1144446331 56715.6428086 r.MP9601
393113 1715379p 287 211.481230325 -12.479718906 56799.3932644 r.MP9601
393140 1691678p 287 214.931961152 -11.5514747513 56712.5856307 r.MP9601
393140 1691911p 287 214.965082399 -11.5670938476 56713.5552337 r.MP9601
393140 1692332p 287 215.031055939 -11.6043336213 56716.5166955 r.MP9601
393140 1698185p 287 213.166184923 -11.2201468691 56743.424596 r.MP9601
393140 1698186p 287 213.165484168 -11.2199723365 56743.4293202 r.MP9601
393140 1698192p 287 213.162520137 -11.219234104 56743.4493024 r.MP9601
393140 1698825p 387 211.64953463 -10.8342007263 56752.3821565 r.MP9601
