    Object      Image   Exp_time               RA              DEC             time       filter
5744 1778498p 387 216.786946056 -13.9136731975 57048.642903 r.MP9601
23359 1681687p 387 19.4204751376 12.8826679469 56655.3120749 r.MP9601
28120 1704649p 387 214.24380005 -12.9370797779 56776.3504266 r.MP9601
28120 1704650p 387 214.242423374 -12.9370378061 56776.3554633 r.MP9601
28120 1704657p 387 214.23276956 -12.9367434825 56776.3907821 r.MP9601
28120 1704658p 387 214.231384962 -12.9367012692 56776.3958477 r.MP9601
28120 1704666p 387 214.219961763 -12.9363530009 56776.4376399 r.MP9601
28120 1704667p 387 214.218584439 -12.9363110093 56776.4426789 r.MP9601
61064 1722900p 287 17.4298719387 6.80462600591 56836.6067708 r.MP9601
88276 1692658p 387 240.295571432 -14.6215428037 56722.5760909 r.MP9601
94359 1611938p 287 217.217117448 -12.3102342371 56358.5706975 r.MP9601
94359 1611939p 287 217.216853831 -12.3102640508 56358.5763465 r.MP9601
94359 1611950p 287 217.21469147 -12.3105086036 56358.6226828 r.MP9601
94359 1615911p 287 213.182970454 -11.7273883133 56386.433763 r.MP9601
94359 1615921p 287 213.173628031 -11.7255862789 56386.4743087 r.MP9601
94359 1615931p 287 213.164330579 -11.7237929186 56386.5146593 r.MP9601
94359 1616200p 287 212.67138386 -11.6275390122 56388.6109386 r.MP9601
94359 1616497p 287 212.237231117 -11.5415463431 56390.3956919 r.MP9601
94359 1616509p 287 212.225437457 -11.5391862853 56390.4434234 r.MP9601
94359 1616520p 287 212.214269269 -11.536951392 56390.4886235 r.MP9601
94359 1616687p 287 211.990079938 -11.491947636 56391.3900468 r.MP9601
94359 1616698p 287 211.979242766 -11.4897633999 56391.4332514 r.MP9601
94359 1616709p 287 211.968411231 -11.4875802998 56391.4764336 r.MP9601
100142 1656934p 287 21.8605583164 11.39645051 56564.5150872 r.MP9601
100142 1658263p 287 19.3230703784 10.8931614349 56574.4124706 r.MP9601
100142 1658264p 287 19.3189794447 10.8922721015 56574.4277164 r.MP9601
100142 1658265p 287 19.317916135 10.8920409472 56574.431679 r.MP9601
100142 1658266p 287 19.3141570164 10.8912237475 56574.4456881 r.MP9601
163729 1722737p 287 18.1431940072 6.06782413145 56835.6017126 r.MP9601
163729 1723121p 287 18.7475888351 6.24629272495 56837.5851217 r.MP9601
228781 1728418p 287 215.5986788 -12.1663785929 56856.3051189 r.MP9601
231156 1606091p 500 128.529335069 26.282742697 56310.3900086 r.MP9601
231156 1606092p 500 128.527533811 26.2835062261 56310.3963566 r.MP9601
231156 1606093p 500 128.52573306 26.2842695401 56310.4027029 r.MP9601
231156 1692670p 387 247.814397545 -17.8108135759 56722.636581 r.MP9601
231156 1692844p 387 247.997079304 -17.8349407921 56723.6112142 r.MP9601
265141 1681845p 387 18.3429520961 11.1483770367 56656.3046195 r.MP9601
293472 1715891p 287 242.267538624 -10.9146608298 56802.485004 r.MP9601
308722 1625348p 287 240.52374183 -13.0629576773 56420.438295 r.MP9601
308722 1625360p 287 240.511981202 -13.0590579213 56420.4873828 r.MP9601
308722 1625371p 287 240.501472249 -13.0555732135 56420.5312463 r.MP9601
308722 1625655p 287 240.25744107 -12.9754038935 56421.5422666 r.MP9601
308722 1625930p 287 240.011579171 -12.8961024354 56422.5478135 r.MP9601
308722 1735263p 287 12.1676301471 4.71364790553 56893.5015508 r.MP9601
374845 1671724p 387 21.6475952871 13.8652495867 56624.240866 r.MP9601
374845 1671726p 387 21.6461027749 13.8649600556 56624.2555465 r.MP9601
374845 1671729p 387 21.6441218003 13.8645757682 56624.2750315 r.MP9601
374845 1671900p 387 21.5477310594 13.8460729717 56625.24415 r.MP9601
374845 1681669p 287 22.4775934345 14.4579256353 56655.2596776 r.MP9601
374845 1681950p 287 23.1231810462 14.7066764164 56659.2532577 r.MP9601
374845 1681963p 387 23.1328778986 14.7103422069 56659.3080164 r.MP9601
374845 1682230p 287 23.2963508445 14.7721720371 56660.2232773 r.MP9601
374845 1682240p 287 23.3041255937 14.7751170178 56660.2656851 r.MP9601
