Object	Image	Exp_time	RA	DEC	time	filter
2153	1645486p	287	219.483433462	-15.6562111528	56508.2800009	r.MP9601
2153	1646183p	287	220.061312158	-15.8425442134	56512.2736316	r.MP9601
2153	1646184p	287	220.061907924	-15.8427352056	56512.2775383	r.MP9601
2169	1615937p	287	215.273779375	-12.4350527514	56386.5386638	r.MP9601
2169	1616320p	287	214.765417853	-12.2696441467	56389.4031826	r.MP9601
2169	1616331p	287	214.757423104	-12.2670460049	56389.4468896	r.MP9601
2169	1616331p	287	214.757423104	-12.2670460049	56389.4468896	r.MP9601
2169	1616507p	287	214.574952083	-12.2076722562	56390.4355246	r.MP9601
2169	1616518p	287	214.566509862	-12.2049209967	56390.4807507	r.MP9601
2169	1616685p	287	214.397143482	-12.1497704806	56391.3821003	r.MP9601
2220	1722738p	287	18.473462079	5.09686185826	56835.6055923	r.MP9601
2220	1722901p	287	18.7646607364	5.20098722131	56836.6106577	r.MP9601
2220	1752198p	287	22.8946258316	5.47772808297	56956.4360134	r.MP9601
2220	1752368p	287	22.7198780394	5.42165484955	56957.3793485	r.MP9601
2222	1631357p	287	215.056358145	-11.4347382437	56455.3795791	r.MP9601
2222	1631368p	287	215.052773706	-11.4342072157	56455.4250958	r.MP9601
2222	1635780p	287	214.415120228	-11.55197758	56477.3389911	r.MP9601
2222	1636138p	287	214.464996446	-11.5989553713	56479.3471037	r.MP9601
2222	1645479p	287	216.995155306	-12.8389271116	56508.251837	r.MP9601
2222	1646176p	287	217.582584371	-13.0784927768	56512.2458288	r.MP9601
2222	1646180p	287	217.585038956	-13.0794719645	56512.2617075	r.MP9601
2240	1691686p	287	219.157988519	-14.7036442293	56712.6167492	r.MP9601
2240	1691921p	287	219.183661877	-14.7111097349	56713.5998018	r.MP9601
2240	1692340p	287	219.229981438	-14.7242728278	56716.5477725	r.MP9601
2250	1667735p	287	16.4561000323	5.19284907722	56596.262247	r.MP9601
2250	1667746p	287	16.4497287597	5.19017648345	56596.3051994	r.MP9601
2250	1667757p	287	16.4433887206	5.18751699141	56596.3479412	r.MP9601
2250	1667866p	287	16.3047595784	5.12944301676	56597.2890144	r.MP9601
2250	1667868p	287	16.3035170009	5.12892408593	56597.2975839	r.MP9601
2250	1667895p	387	16.2859638934	5.12159347783	56597.4186398	r.MP9601
2250	1668262p	287	15.7346400925	4.89244494333	56601.4666572	r.MP9601
2250	1668266p	387	15.7323530153	4.89149700999	56601.484713	r.MP9601
2250	1671897p	287	14.2244723941	4.32645546659	56625.2278122	r.MP9601
2250	1671898p	287	14.2244996267	4.32649026374	56625.2332587	r.MP9601
2250	1671899p	287	14.2245239739	4.32652137411	56625.2381281	r.MP9601
2250	1671907p	287	14.2247309206	4.32678580596	56625.2795175	r.MP9601
2250	1671908p	287	14.2247532527	4.32681434139	56625.2839839	r.MP9601
2250	1671918p	287	14.2248606728	4.32695160037	56625.3054679	r.MP9601
2250	1672378p	287	14.3148574856	4.3872727766	56630.2673823	r.MP9601
2250	1672391p	287	14.3166185958	4.3882584185	56630.3195633	r.MP9601
2310	1645237p	287	15.2242617086	3.65712822803	56506.5124324	r.MP9601
2310	1645248p	287	15.2267369405	3.65728255904	56506.5551702	r.MP9601
2310	1651172p	287	14.7386037646	2.83726325499	56536.4582236	r.MP9601
2310	1651184p	287	14.734232941	2.8345090374	56536.506123	r.MP9601
2315	1778899p	287	23.6295776971	13.3649937331	57050.2674944	r.MP9601
2316	1728418p	287	216.494964909	-12.0321687079	56856.3051189	r.MP9601
2333	1769004p	287	11.5941557357	2.83496420366	57008.3432155	r.MP9601
2342	1751791p	287	13.7766856129	5.84738499822	56953.3718092	r.MP9601
2342	1757901p	287	10.5507002287	4.43415937784	56985.2866514	r.MP9601
2342	1757989p	287	10.537000427	4.42695917233	56986.3129989	r.MP9601
2476	1625352p	287	241.895224211	-14.1636831492	56420.4553331	r.MP9601
2476	1625363p	287	241.886584116	-14.1634752488	56420.4993591	r.MP9601
2476	1625374p	287	241.877988544	-14.1632684198	56420.5431582	r.MP9601
2476	1625657p	287	241.678969355	-14.1585126658	56421.550259	r.MP9601
2476	1625932p	287	241.47749657	-14.1540730467	56422.5558021	r.MP9601
2489	1729013p	287	16.8816104845	5.23235372809	56862.5491672	r.MP9601
2489	1729714p	287	17.2136074376	5.35066341522	56865.57991	r.MP9601
2489	1736287p	287	17.7686221085	5.4236073998	56897.4262031	r.MP9601
2489	1736287p	287	17.7686221085	5.4236073998	56897.4262031	r.MP9601
2489	1736486p	287	17.6868891848	5.38727730834	56898.526843	r.MP9601
2489	1736506p	287	17.6801216602	5.38427764881	56898.6146379	r.MP9601
2505	1722366p	287	12.497784405	3.29015703067	56833.600572	r.MP9601
2505	1722513p	287	12.7011338242	3.36951020308	56834.5994251	r.MP9601
2505	1729013p	287	16.9277754018	4.93655696273	56862.5491672	r.MP9601
2505	1729714p	287	17.1916344259	5.02331434063	56865.57991	r.MP9601
2505	1734906p	287	17.5828844138	5.01779271943	56891.5526193	r.MP9601
2505	1734909p	287	17.5822781286	5.01748876847	56891.5642599	r.MP9601
2505	1736284p	287	17.1877161937	4.82906416196	56897.4144781	r.MP9601
2505	1736287p	287	17.1867439899	4.82862121483	56897.4262031	r.MP9601
2505	1774994p	387	11.4214169731	3.79188109623	57040.2457158	r.MP9601
2506	1722436p	287	212.225459878	-10.3389835715	56834.3092878	r.MP9601
2519	1722735p	287	17.5216460171	4.8504676819	56835.5939185	r.MP9601
2519	1722898p	287	17.7847348734	4.94662550402	56836.5989819	r.MP9601
2519	1752204p	287	17.7875101387	4.10932954881	56956.4609354	r.MP9601
2519	1752374p	287	17.6228611697	4.05584754235	56957.4027306	r.MP9601
2519	1768989p	287	14.9145804929	3.94560924664	57008.2666317	r.MP9601
2530	1705889p	287	239.866069651	-11.5270492517	56783.4038693	r.MP9601
2530	1705904p	287	239.854311473	-11.5211794504	56783.4707404	r.MP9601
2530	1705919p	287	239.840939033	-11.5145037934	56783.5467922	r.MP9601
2560	1686655p	500	156.436865987	9.55240077917	56689.539395	r.MP9601
2560	1686656p	500	156.435810888	9.55304169389	56689.545822	r.MP9601
2560	1686657p	500	156.434755132	9.5536830075	56689.552253	r.MP9601
2560	1686658p	500	156.433706108	9.5543202325	56689.558643	r.MP9601
2563	1752374p	287	17.5200369383	4.37865660382	56957.4027306	r.MP9601
2563	1768999p	287	13.7838597798	3.359778587	57008.3232403	r.MP9601
2649	1778101p	387	27.098539603	13.5428142582	57046.2929294	r.MP9601
2649	1778111p	387	27.1176902148	13.5449446957	57046.3489117	r.MP9601
2649	1778112p	387	27.1206989933	13.5452794116	57046.3577072	r.MP9601
2660	1651334p	287	23.5302527702	14.7464863184	56537.41327	r.MP9601
2660	1651345p	287	23.5283549088	14.743172592	56537.4566497	r.MP9601
2660	1651489p	287	23.4827689922	14.6670521749	56538.4326811	r.MP9601
2660	1651501p	287	23.4804185592	14.6633225623	56538.4793013	r.MP9601
2660	1671894p	287	12.5036222384	3.25979626927	56625.216079	r.MP9601
2660	1672372p	287	12.7110700182	3.06214704365	56630.2432467	r.MP9601
2660	1672384p	287	12.7137981075	3.06072369269	56630.2906917	r.MP9601
2660	1672384p	287	12.7137981075	3.06072369269	56630.2906917	r.MP9601
2660	1672617p	387	12.7766057367	3.03026844306	56631.3477222	r.MP9601
2660	1672618p	387	12.7769245894	3.03013558774	56631.3527567	r.MP9601
2660	1672749p	387	12.8335638473	3.00777698859	56632.2262243	r.MP9601
2660	1672750p	387	12.8339120588	3.00765951967	56632.2312587	r.MP9601
2660	1672754p	387	12.8351275251	3.00724948283	56632.2488317	r.MP9601
2660	1672758p	387	12.8375514567	3.00643177098	56632.2838765	r.MP9601
2660	1672759p	387	12.8378996948	3.00631429304	56632.2889113	r.MP9601
2660	1672780p	387	12.8416339195	3.00505455461	56632.3429	r.MP9601
2660	1672810p	387	12.8453381549	3.00380493301	56632.3964553	r.MP9601
2685	1716497p	287	230.317607805	-10.7149477338	56806.3664643	r.MP9601
2685	1716507p	287	230.310243232	-10.7107609877	56806.4053104	r.MP9601
2685	1716517p	287	230.302880553	-10.7065753182	56806.4441465	r.MP9601
2685	1716736p	287	230.109403083	-10.5968899333	56807.4740641	r.MP9601
2685	1716955p	287	229.940911997	-10.5016536811	56808.3903706	r.MP9601
2700	1616513p	287	217.327211052	-12.2821421555	56390.4596373	r.MP9601
2700	1616524p	287	217.319666655	-12.278992432	56390.5044555	r.MP9601
2700	1616526p	287	217.318120281	-12.2783468334	56390.5136419	r.MP9601
2700	1616564p	287	217.312001318	-12.2757922171	56390.5499922	r.MP9601
2700	1616565p	287	217.31114567	-12.2754349911	56390.5550752	r.MP9601
2700	1616691p	287	217.166583809	-12.2153081797	56391.4058225	r.MP9601
2700	1616702p	287	217.159201396	-12.2122500927	56391.4488268	r.MP9601
2700	1616716p	287	217.147922061	-12.2075777469	56391.5145317	r.MP9601
2700	1616717p	287	217.147242588	-12.2072962824	56391.5184898	r.MP9601
2700	1616718p	287	217.14657642	-12.2070203294	56391.5223704	r.MP9601
2700	1645693p	287	213.41283857	-11.1276644364	56509.2632026	r.MP9601
2740	1704846p	287	239.609323696	-12.1841587789	56777.4169924	r.MP9601
2740	1704859p	287	239.601240917	-12.1792691967	56777.4683116	r.MP9601
2740	1704872p	287	239.593091097	-12.1743390587	56777.5200565	r.MP9601
2740	1705709p	287	238.769217623	-11.7020832177	56782.4663755	r.MP9601
2740	1705710p	287	238.768415271	-11.7016476551	56782.4709604	r.MP9601
2740	1705890p	287	238.603457526	-11.6126525415	56783.407751	r.MP9601
2740	1705905p	287	238.591588081	-11.6062998803	56783.4746211	r.MP9601
2740	1705920p	287	238.578088389	-11.5990746932	56783.5506757	r.MP9601
2810	1691675p	287	215.996268228	-12.6622326807	56712.5739825	r.MP9601
2810	1691908p	287	216.044986848	-12.6042810536	56713.5435828	r.MP9601
2810	1692331p	287	216.155981409	-12.4102245223	56716.5127669	r.MP9601
2901	1722735p	287	17.8431814923	4.34581452957	56835.5939185	r.MP9601
2901	1722898p	287	18.1006570547	4.44007164528	56836.5989819	r.MP9601
2901	1751789p	287	18.2000710373	3.87295501807	56953.3640456	r.MP9601
2901	1752204p	287	17.6011397234	3.6916364035	56956.4609354	r.MP9601
2901	1752374p	287	17.4241580953	3.63946244594	56957.4027306	r.MP9601
2915	1729011p	287	16.2371377896	5.61353990244	56862.5414084	r.MP9601
2915	1729715p	287	16.7950822321	6.17436842479	56865.5838032	r.MP9601
2982	1774992p	387	12.0543413923	3.04088227578	57040.2355185	r.MP9601
2985	1778498p	387	217.219087192	-13.9542296455	57048.642903	r.MP9601
3005	1778498p	387	217.11543407	-13.9938341206	57048.642903	r.MP9601
3016	1778497p	387	215.276238974	-11.0518377738	57048.6378056	r.MP9601
3080	1715396p	287	212.771280112	-11.371111145	56799.4615478	r.MP9601
3080	1715884p	287	212.171574962	-11.3872941819	56802.4540391	r.MP9601
3080	1716264p	287	211.62791295	-11.4149171694	56805.3738526	r.MP9601
3126	1691684p	287	216.910208703	-15.1161536187	56712.6089857	r.MP9601
3126	1691919p	287	216.939197879	-15.0953412545	56713.5920441	r.MP9601
3126	1692338p	287	216.996525182	-15.0213884706	56716.5400151	r.MP9601
3126	1698828p	387	214.213235116	-12.760076773	56752.3974148	r.MP9601
3170	1722740p	287	18.9864726339	7.1043306839	56835.6133812	r.MP9601
3191	1656890p	287	13.7069840147	2.98035961956	56564.3686995	r.MP9601
3191	1656900p	287	13.6992348556	2.97749556496	56564.4076074	r.MP9601
3191	1657308p	287	13.0983290062	2.75679109275	56567.4020833	r.MP9601
3191	1657359p	287	12.9049763578	2.6864687221	56568.357406	r.MP9601
3191	1657385p	287	12.8926581363	2.68200009962	56568.4181119	r.MP9601
3191	1657475p	287	12.6770348579	2.60385198635	56569.4797466	r.MP9601
3191	1657477p	287	12.6749296506	2.6030898553	56569.4901001	r.MP9601
3191	1658273p	287	11.6611177789	2.2417720966	56574.476943	r.MP9601
3214	1635590p	287	236.089678406	-11.6827614444	56476.3582687	r.MP9601
3238	1729021p	287	24.2639224955	7.07447050685	56862.5805761	r.MP9601
3238	1742026p	287	27.4365404527	13.6159607799	56923.5195562	r.MP9601
3243	1729253p	287	23.3697851294	13.1025739805	56863.5049477	r.MP9601
3243	1729263p	287	23.3746912497	13.1064661692	56863.5441967	r.MP9601
3243	1729273p	287	23.3799168243	13.1106117917	56863.5860013	r.MP9601
3250	1646439p	287	26.4644091754	14.2784489199	56513.5269875	r.MP9601
3250	1646450p	287	26.4700652012	14.2792908021	56513.5696745	r.MP9601
3276	1645484p	287	218.6251219	-14.4343635336	56508.2716324	r.MP9601
3276	1646181p	287	219.172578071	-14.6436309035	56512.2656697	r.MP9601
3292	1715377p	287	213.016055107	-13.4965614303	56799.3855021	r.MP9601
3303	1691675p	287	215.476386143	-12.2094692746	56712.5739825	r.MP9601
3303	1691678p	287	215.476735588	-12.2095825209	56712.5856307	r.MP9601
3303	1691908p	287	215.502529743	-12.2181409674	56713.5435828	r.MP9601
3303	1691911p	287	215.502816161	-12.2182380583	56713.5552337	r.MP9601
3303	1692182p	287	215.541643912	-12.2312424152	56715.6545434	r.MP9601
3303	1692332p	287	215.550125216	-12.2343565695	56716.5166955	r.MP9601
3303	1698825p	387	212.25934876	-11.2441282338	56752.3821565	r.MP9601
3330	1658258p	287	21.2143128682	12.3099260721	56574.3930668	r.MP9601
3377	1626167p	287	216.375351443	-14.1874759957	56423.4861798	r.MP9601
3377	1626303p	287	216.184679615	-14.1189785936	56424.4884778	r.MP9601
3377	1631614p	287	212.119352307	-12.5858913649	56456.2735669	r.MP9601
3377	1631614p	287	212.119352307	-12.5858913649	56456.2735669	r.MP9601
3377	1631624p	287	212.117347223	-12.58503766	56456.3140056	r.MP9601
3377	1635773p	287	212.223815043	-12.5557093925	56477.3114214	r.MP9601
3377	1636131p	287	212.352627488	-12.5953379436	56479.3191974	r.MP9601
3377	1645168p	287	215.831287078	-13.7217546219	56506.2784819	r.MP9601
3377	1645824p	287	216.59021227	-13.9647549918	56510.2636753	r.MP9601
3377	1645955p	287	216.788528451	-14.0280229416	56511.259232	r.MP9601
3386	1715383p	287	211.874482582	-10.2396754333	56799.4095077	r.MP9601
3395	1667593p	287	24.4249838389	13.0991803667	56595.502021	r.MP9601
3395	1667912p	387	24.0013654692	12.9750806768	56597.5054241	r.MP9601
3395	1671671p	387	20.0561072269	11.724329311	56623.3715763	r.MP9601
3395	1672400p	287	19.6484142842	11.5852061975	56630.35483	r.MP9601
3395	1681683p	387	20.7113659218	11.9767288445	56655.2917667	r.MP9601
3395	1681943p	287	21.2109280921	12.1592614432	56659.2259082	r.MP9601
3395	1681955p	287	21.2174737639	12.1616595571	56659.2730842	r.MP9601
3395	1681971p	387	21.2284394898	12.1656770303	56659.3521164	r.MP9601
3395	1682232p	387	21.3516282407	12.2108353283	56660.2316167	r.MP9601
3409	1715376p	287	212.638354768	-12.7264179404	56799.3815821	r.MP9601
3409	1715885p	287	212.179907566	-12.5511685558	56802.4581286	r.MP9601
3409	1716260p	287	211.785692574	-12.3991319715	56805.3582397	r.MP9601
3409	1716263p	287	211.784187154	-12.3985487024	56805.3699702	r.MP9601
3409	1728413p	287	211.936047587	-12.2993956953	56856.2836994	r.MP9601
3449	1611928p	287	214.684619801	-11.5445478379	56358.5291976	r.MP9601
3449	1611941p	287	214.681539035	-11.5431683907	56358.5843755	r.MP9601
3449	1611954p	287	214.678512618	-11.5418132786	56358.63858	r.MP9601
3449	1615906p	287	211.386660014	-10.3025551007	56386.4138324	r.MP9601
3449	1615916p	287	211.379871521	-10.3001362126	56386.4539615	r.MP9601
3449	1615926p	287	211.373031925	-10.297699115	56386.4943926	r.MP9601
3449	1616087p	287	211.196270684	-10.2347457666	56387.5314329	r.MP9601
3449	1616088p	287	211.195605195	-10.2345088612	56387.5353095	r.MP9601
3449	1616194p	287	211.013625336	-10.1699226335	56388.5868402	r.MP9601
3449	1616495p	287	210.696309785	-10.0578948775	56390.3875152	r.MP9601
3460	1645237p	287	15.8627626061	3.41052912745	56506.5124324	r.MP9601
3460	1645248p	287	15.8679623739	3.41187062005	56506.5551702	r.MP9601
3469	1658161p	287	21.7273562837	13.6245281568	56573.532751	r.MP9601
3469	1658162p	287	21.7259387023	13.6236586205	56573.5405185	r.MP9601
3469	1658259p	287	21.5691440414	13.5273449859	56574.3969485	r.MP9601
3543	1626165p	287	215.730248368	-12.7283135826	56423.4781907	r.MP9601
3543	1626301p	287	215.547497177	-12.6659262428	56424.4804753	r.MP9601
3543	1631615p	287	211.900759246	-11.4772675765	56456.2779393	r.MP9601
3543	1631625p	287	211.899596516	-11.4770316603	56456.318382	r.MP9601
3543	1635773p	287	212.569223147	-11.8158449695	56477.3114214	r.MP9601
3543	1636131p	287	212.764366733	-11.8946001159	56479.3191974	r.MP9601
3543	1645481p	287	217.789810066	-13.727247202	56508.2596926	r.MP9601
3543	1646181p	287	218.772524371	-14.0600819207	56512.2656697	r.MP9601
3629	1722441p	287	214.598836774	-13.7523843007	56834.3304246	r.MP9601
3629	1722442p	287	214.598906313	-13.7522915821	56834.3343059	r.MP9601
3629	1728420p	287	216.402683743	-13.7717366096	56856.313239	r.MP9601
3661	1722364p	287	13.429176023	4.95591241496	56833.5927872	r.MP9601
3661	1722511p	287	13.6343739196	5.04415545409	56834.5916444	r.MP9601
3661	1729017p	287	18.0641761081	6.95135708799	56862.5647947	r.MP9601
3661	1729718p	287	18.3653419238	7.0843737817	56865.5956081	r.MP9601
3663	1645957p	287	217.040474419	-12.2043033956	56511.2674218	r.MP9601
3870	1698318p	287	215.514291392	-12.8987866296	56744.4416696	r.MP9601
3870	1698328p	287	215.510580114	-12.8932739704	56744.4807356	r.MP9601
3870	1698687p	287	214.707230753	-11.8429077731	56751.4191601	r.MP9601
3870	1698697p	287	214.701866236	-11.8365339802	56751.4586535	r.MP9601
3870	1698835p	387	214.567351645	-11.6782017831	56752.4330061	r.MP9601
3870	1698836p	387	214.566505238	-11.6772168118	56752.4390161	r.MP9601
3870	1698844p	387	214.561295472	-11.6711541652	56752.4760085	r.MP9601
3870	1698851p	387	214.553512278	-11.6620967994	56752.5312738	r.MP9601
3941	1667727p	287	13.157791817	4.88293545762	56596.2309579	r.MP9601
3941	1667738p	287	13.1512358189	4.87990592788	56596.2740658	r.MP9601
3941	1667749p	287	13.1447288171	4.87689903937	56596.3168516	r.MP9601
3941	1667858p	287	13.0027719255	4.81130559062	56597.2573166	r.MP9601
3941	1667887p	387	12.9849359404	4.80306586792	56597.3778979	r.MP9601
3941	1671652p	287	10.8137114362	3.76830762415	56623.2790536	r.MP9601
3941	1671662p	287	10.8130851165	3.76789007764	56623.3308869	r.MP9601
3941	1672596p	287	10.8891455434	3.77866256972	56631.2368663	r.MP9601
4042	1756825p	387	43.7449696505	14.408635339	56978.3017881	r.MP9601
4042	1756847p	387	43.717744098	14.4050355159	56978.4106903	r.MP9601
4042	1756872p	387	43.689218411	14.4012637862	56978.524793	r.MP9601
4139	1722740p	287	19.0275243085	6.86490482443	56835.6133812	r.MP9601
4139	1757890p	287	17.3612714231	5.06959375853	56985.2438823	r.MP9601
4139	1757974p	287	17.3082974726	5.05712166058	56986.2400518	r.MP9601
4178	1657930p	287	15.6769764905	6.20432417708	56571.4127785	r.MP9601
4178	1657951p	287	15.6614329182	6.19818440538	56571.5001428	r.MP9601
4178	1657952p	287	15.6604726558	6.19780509797	56571.5055401	r.MP9601
4178	1657953p	287	15.6594956233	6.19741916634	56571.5110316	r.MP9601
4178	1657954p	287	15.6586401706	6.19708125917	56571.5158398	r.MP9601
4206	1704643p	387	212.087427796	-14.037136033	56776.3201085	r.MP9601
4206	1704644p	387	212.086395716	-14.0367450619	56776.3251533	r.MP9601
4206	1704651p	387	212.079154525	-14.0340019631	56776.3605481	r.MP9601
4206	1704652p	387	212.078123946	-14.0336115606	56776.3655856	r.MP9601
4206	1704659p	387	212.070899318	-14.030874736	56776.4008995	r.MP9601
4206	1704660p	387	212.069868625	-14.0304842901	56776.4059375	r.MP9601
4306	1607611p	287	211.17256368	-11.1451672929	56331.5564046	r.MP9601
4306	1607622p	287	211.176102794	-11.1458882235	56331.6035928	r.MP9601
4325	1728413p	287	211.590288722	-12.3132201636	56856.2836994	r.MP9601
4357	1615909p	287	211.480716477	-11.1030255861	56386.4258323	r.MP9601
4357	1615919p	287	211.474530167	-11.098193409	56386.4662877	r.MP9601
4357	1615929p	287	211.468372356	-11.0933834931	56386.5065568	r.MP9601
4357	1616087p	287	211.310101705	-10.9700820143	56387.5314329	r.MP9601
4357	1616088p	287	211.309497596	-10.9696125108	56387.5353095	r.MP9601
4357	1616194p	287	211.143677938	-10.8416084228	56388.5868402	r.MP9601
4357	1616495p	287	210.852054786	-10.6194460177	56390.3875152	r.MP9601
4406	1757890p	287	17.0302861787	4.72999366073	56985.2438823	r.MP9601
4406	1757974p	287	16.9509627351	4.70887675529	56986.2400518	r.MP9601
4406	1768986p	287	16.3863795806	4.74622449415	57008.2548593	r.MP9601
4412	1686687p	387	217.437395222	-12.5431133986	56689.6529079	r.MP9601
4412	1686796p	387	217.563431862	-12.5715915586	56690.6507882	r.MP9601
4412	1686797p	387	217.564143046	-12.5717511799	56690.6564777	r.MP9601
4412	1686863p	387	217.679263918	-12.5974290187	56691.5953038	r.MP9601
4418	1729488p	287	27.9617020971	15.8944692357	56864.5454439	r.MP9601
4418	1729499p	287	27.9716438937	15.8963423278	56864.5886691	r.MP9601
4418	1768981p	287	21.2631200655	3.92778065943	57008.2346839	r.MP9601
4462	1657927p	287	14.7064484357	5.19863556239	56571.4011386	r.MP9601
4462	1657947p	287	14.690603606	5.19234355754	56571.4838073	r.MP9601
4462	1658282p	287	14.1108985983	4.96222692965	56574.5127584	r.MP9601
4463	1691677p	287	216.62974968	-12.8400612647	56712.5817484	r.MP9601
4463	1691910p	287	216.631436938	-12.8302913104	56713.5513495	r.MP9601
4463	1692331p	287	216.609188816	-12.7913327282	56716.5127669	r.MP9601
4463	1698827p	387	213.260051086	-11.314367064	56752.3923492	r.MP9601
4476	1645485p	287	218.696123825	-13.1045553514	56508.2755828	r.MP9601
4476	1646361p	287	219.7079517	-13.5259083294	56513.2540705	r.MP9601
4589	1667736p	287	15.9855248912	6.24990159271	56596.2663076	r.MP9601
4589	1667747p	287	15.9792493168	6.24618141317	56596.3090956	r.MP9601
4589	1667758p	287	15.9729829628	6.24246669956	56596.3518207	r.MP9601
4589	1667867p	287	15.8367894208	6.16154053099	56597.2928943	r.MP9601
4589	1667896p	387	15.8184056621	6.1505575535	56597.4238172	r.MP9601
4589	1668260p	287	15.3032264177	5.83585679123	56601.4588154	r.MP9601
4589	1671922p	287	14.7531706645	5.14889272876	56625.3210155	r.MP9601
4589	1671923p	287	14.7536505947	5.14899427087	56625.3279127	r.MP9601
4589	1672379p	287	15.1816253077	5.26073685854	56630.2712628	r.MP9601
4589	1672392p	287	15.187147805	5.26237476456	56630.3234438	r.MP9601
4589	1672601p	287	15.2878752949	5.29253430195	56631.2569879	r.MP9601
4589	1672603p	387	15.2888370067	5.29282894404	56631.2654736	r.MP9601
4642	1657927p	287	15.146787462	5.32590796347	56571.4011386	r.MP9601
4642	1657947p	287	15.1313559757	5.31922557875	56571.4838073	r.MP9601
4642	1658285p	287	14.5635709736	5.07400933836	56574.5244511	r.MP9601
4683	1778493p	387	215.681519915	-13.4191233998	57048.6174421	r.MP9601
4685	1778493p	387	215.326981628	-13.276526499	57048.6174421	r.MP9601
4685	1778496p	387	215.329082042	-13.2772308801	57048.6327179	r.MP9601
4695	1691688p	387	239.330001334	-10.8698188849	56712.6265137	r.MP9601
4696	1757968p	287	17.272284397	5.75938182328	56986.2144169	r.MP9601
4742	1723209p	287	239.428218344	-12.9300678627	56838.4268593	r.MP9601
4803	1645759p	287	11.737675176	1.83945263143	56509.4970527	r.MP9601
4803	1645772p	287	11.738274098	1.83930474947	56509.5502902	r.MP9601
4803	1646268p	287	11.7465886604	1.82161612587	56512.4759396	r.MP9601
4803	1646278p	287	11.7463783943	1.82124950809	56512.514758	r.MP9601
4854	1722361p	287	14.553069038	5.79383266785	56833.5810826	r.MP9601
4854	1722894p	287	15.2158203866	5.95370883062	56836.5834336	r.MP9601
4854	1734904p	287	21.4857310435	5.79130004987	56891.544482	r.MP9601
4854	1734913p	387	21.4852804814	5.7888112307	56891.5831016	r.MP9601
4854	1736202p	287	21.3586065268	5.43370772904	56896.6191685	r.MP9601
4863	1686685p	387	216.247521593	-14.0661477832	56689.6428131	r.MP9601
4863	1686794p	387	216.42986791	-14.1334435501	56690.6406505	r.MP9601
4863	1686861p	387	216.598390488	-14.19570246	56691.5852292	r.MP9601
4863	1691686p	287	219.244103069	-15.2230350441	56712.6167492	r.MP9601
4863	1691921p	287	219.309987201	-15.2532718324	56713.5998018	r.MP9601
4863	1692340p	287	219.473707623	-15.333972091	56716.5477725	r.MP9601
4897	1751777p	287	12.9121180997	2.42222747664	56953.3149907	r.MP9601
4897	1751778p	287	12.9115208841	2.42177415539	56953.3188855	r.MP9601
4917	1751788p	287	16.4184366665	4.54918365285	56953.3601644	r.MP9601
4917	1751790p	287	16.4170198224	4.54841161303	56953.3679279	r.MP9601
4917	1752062p	387	16.0726652447	4.36090742227	56955.2803863	r.MP9601
4917	1752075p	387	16.0623916965	4.35532133221	56955.338676	r.MP9601
4917	1752354p	387	15.7204428357	4.16960269265	56957.3134252	r.MP9601
4917	1752365p	387	15.7118520026	4.16493606727	56957.3643338	r.MP9601
4917	1752375p	287	15.704717803	4.16106069958	56957.4066106	r.MP9601
4917	1768984p	287	14.5954173652	3.23954974765	57008.2469563	r.MP9601
5031	1645691p	287	214.158508546	-13.6847695541	56509.2553622	r.MP9601
5075	1736565p	287	28.2624804373	13.6134274159	56899.453387	r.MP9601
5075	1736594p	287	28.2677658759	13.6163884459	56899.5599841	r.MP9601
5075	1741578p	287	27.8757364061	13.6384952895	56918.4785253	r.MP9601
5075	1741589p	287	27.8717839115	13.6373439622	56918.521255	r.MP9601
5075	1742026p	287	27.3162239942	13.4647298504	56923.5195562	r.MP9601
5075	1751554p	287	21.4980124149	11.2138923394	56952.4210182	r.MP9601
5075	1751564p	287	21.4888135326	11.2099390103	56952.460442	r.MP9601
5075	1751574p	287	21.4796150646	11.2059858591	56952.499864	r.MP9601
5075	1752103p	387	20.8018606485	10.910316642	56955.4360776	r.MP9601
5084	1671656p	287	13.073989556	2.86761426607	56623.3001958	r.MP9601
5084	1671666p	287	13.0715234001	2.86835925067	56623.3464362	r.MP9601
5084	1671893p	287	12.9791414528	2.90118685087	56625.2121203	r.MP9601
5084	1671893p	287	12.9791414528	2.90118685087	56625.2121203	r.MP9601
5084	1672201p	287	12.8402270531	2.99534477802	56629.222412	r.MP9601
5084	1672371p	287	12.8177946161	3.02412555245	56630.2393703	r.MP9601
5084	1672383p	287	12.8169445598	3.02554890242	56630.2868153	r.MP9601
5084	1672617p	387	12.7996752555	3.05795564611	56631.3477222	r.MP9601
5084	1672618p	387	12.7996102263	3.05811507249	56631.3527567	r.MP9601
5196	1645240p	287	16.4060243019	4.10910504651	56506.5241012	r.MP9601
5196	1645251p	287	16.4078393299	4.11170302772	56506.5668078	r.MP9601
5196	1650812p	287	15.3243575575	5.16605187674	56534.4357351	r.MP9601
5196	1651029p	287	15.1981769928	5.17926568957	56535.4399201	r.MP9601
5196	1651040p	287	15.1926260448	5.17979094056	56535.4828951	r.MP9601
5196	1651673p	287	14.6410860616	5.21476766017	56539.4081788	r.MP9601
5196	1651684p	287	14.6345627366	5.21500530407	56539.4509547	r.MP9601
5210	1729017p	287	17.8333562665	7.23889728125	56862.5647947	r.MP9601
5210	1775269p	387	20.0890256337	10.3508112796	57041.2478061	r.MP9601
5210	1775278p	387	20.1051195083	10.3571105527	57041.2938984	r.MP9601
5210	1778895p	287	23.377517298	11.6206601522	57050.2516792	r.MP9601
5281	1645178p	287	240.41128134	-11.3764622645	56506.31846	r.MP9601
5281	1645704p	287	240.564750072	-11.6252038055	56509.3083345	r.MP9601
5346	1611931p	287	215.712503973	-11.7967379322	56358.5415673	r.MP9601
5346	1611944p	287	215.710221539	-11.7956918166	56358.5986282	r.MP9601
5346	1615912p	287	212.767623423	-10.7281832215	56386.437702	r.MP9601
5346	1615922p	287	212.761035321	-10.725930879	56386.4782442	r.MP9601
5346	1615932p	287	212.754468816	-10.7236859199	56386.5186534	r.MP9601
5346	1616498p	287	212.101803182	-10.5018512731	56390.3996939	r.MP9601
5356	1729011p	287	15.6331117334	6.34181877947	56862.5414084	r.MP9601
5356	1729023p	287	15.6418774328	6.34151741761	56862.5885781	r.MP9601
5356	1729712p	287	16.1760037935	6.30876003967	56865.5720701	r.MP9601
5360	1607612p	287	211.973614139	-12.6256364592	56331.5602852	r.MP9601
5360	1607623p	287	211.975953771	-12.6298307569	56331.607471	r.MP9601
5387	1728413p	287	211.271856155	-12.544620806	56856.2836994	r.MP9601
5387	1728413p	287	211.271856155	-12.544620806	56856.2836994	r.MP9601
5388	1728791p	287	14.7890643613	4.28795444452	56861.5519312	r.MP9601
5388	1729702p	287	15.2671725358	4.72752006031	56865.531114	r.MP9601
5400	1728792p	287	14.9108687918	5.99266908647	56861.5558111	r.MP9601
5400	1774682p	387	14.2957164438	6.22304540015	57039.2876821	r.MP9601
5466	1657926p	287	14.5546976811	3.92624343132	56571.3971361	r.MP9601
5466	1657944p	287	14.5410227591	3.91997447831	56571.4708885	r.MP9601
5466	1657946p	287	14.5393479042	3.9192066797	56571.4799214	r.MP9601
5466	1658280p	287	13.9773522527	3.66326075289	56574.504149	r.MP9601
5466	1658281p	287	13.9764866898	3.66286831276	56574.5087963	r.MP9601
5479	1616942p	287	241.905866527	-11.7445112131	56392.6052559	r.MP9601
5506	1671668p	387	21.1564974571	11.8790109598	56623.3562943	r.MP9601
5506	1672211p	287	20.5911330418	11.7588245103	56629.2940392	r.MP9601
5506	1672396p	287	20.5192145999	11.7466088261	56630.3391174	r.MP9601
5506	1681664p	287	21.200714472	12.2647881577	56655.2391209	r.MP9601
5506	1681848p	287	21.3294848098	12.3216857484	56656.330251	r.MP9601
5506	1681943p	287	21.7073261959	12.4852839092	56659.2259082	r.MP9601
5506	1681955p	287	21.7139898077	12.4881275744	56659.2730842	r.MP9601
5506	1681971p	387	21.7251531143	12.4928914634	56659.3521164	r.MP9601
5506	1682232p	387	21.8508301369	12.5464204911	56660.2316167	r.MP9601
5522	1757440p	387	24.4213417907	12.6166948059	56981.2084387	r.MP9601
5522	1757462p	387	24.4048356419	12.6079149396	56981.3489165	r.MP9601
5522	1757549p	287	24.3012170368	12.5524440124	56982.2474491	r.MP9601
5522	1757591p	287	24.282971063	12.5425000724	56982.4139523	r.MP9601
5578	1611937p	287	217.444690829	-13.6177931113	56358.5668216	r.MP9601
5578	1611949p	287	217.443480729	-13.6167270709	56358.618683	r.MP9601
5578	1615938p	287	214.707047605	-12.3563242077	56386.5426369	r.MP9601
5578	1616316p	287	214.23127818	-12.1617817079	56389.3872454	r.MP9601
5578	1616327p	287	214.223726179	-12.1587097076	56389.4311312	r.MP9601
5578	1616344p	287	214.211097573	-12.1535726473	56389.5045177	r.MP9601
5578	1616345p	287	214.210216288	-12.1532141587	56389.509639	r.MP9601
5578	1616346p	287	214.209366576	-12.1528685131	56389.5145768	r.MP9601
5578	1616347p	287	214.208516176	-12.1525225876	56389.5195186	r.MP9601
5578	1616348p	287	214.207641947	-12.1521669691	56389.5245989	r.MP9601
5578	1616503p	287	214.052020885	-12.0890374088	56390.4197864	r.MP9601
5578	1616514p	287	214.044310491	-12.0859191453	56390.463637	r.MP9601
5578	1616566p	287	214.027518736	-12.0791281671	56390.5591351	r.MP9601
5578	1616567p	287	214.02661387	-12.0787622181	56390.5642813	r.MP9601
5578	1616682p	287	213.884087973	-12.0210219198	56391.3704657	r.MP9601
5578	1616693p	287	213.876416801	-12.0179079389	56391.4135824	r.MP9601
5578	1616704p	287	213.868765174	-12.0148018922	56391.4565892	r.MP9601
5677	1698695p	287	218.462845598	-14.6528392332	56751.4508594	r.MP9601
5677	1698705p	287	218.456654032	-14.6505374538	56751.4906979	r.MP9601
5677	1698856p	387	218.288487342	-14.5880226362	56752.5592418	r.MP9601
5686	1691673p	287	213.713428523	-13.8416032068	56712.5662232	r.MP9601
5686	1691906p	287	213.714523631	-13.8374498306	56713.5358216	r.MP9601
5686	1692180p	287	213.696402435	-13.8212127341	56715.6466902	r.MP9601
5694	1717292p	287	243.045762207	-13.6953802082	56810.4690146	r.MP9601
5694	1723388p	287	238.41834651	-10.7130440603	56839.3676343	r.MP9601
5744	1778498p	387	216.786946056	-13.9136731975	57048.642903	r.MP9601
5776	1757803p	500	47.3929724159	14.6971293063	56984.4418266	r.MP9601
5837	1722444p	287	216.077150548	-11.9846947129	56834.3421663	r.MP9601
5991	1722365p	287	12.8573096327	2.24232137706	56833.5966782	r.MP9601
5991	1722512p	287	13.0882236728	2.32828613231	56834.5955377	r.MP9601
5991	1774991p	387	12.0038001605	3.71573066754	57040.2304544	r.MP9601
6003	1658262p	287	20.4902841135	13.3778834241	56574.408594	r.MP9601
6010	1722444p	287	216.047170696	-12.3016781649	56834.3421663	r.MP9601
6040	1722361p	287	14.5885870814	5.79308572219	56833.5810826	r.MP9601
6040	1722894p	287	15.3011345166	6.05431408184	56836.5834336	r.MP9601
6040	1751780p	287	11.8903721499	2.85338885602	56953.326667	r.MP9601
6040	1752348p	287	11.1170396484	2.50381024237	56957.2932994	r.MP9601
6078	1667553p	287	21.1444737578	13.9169586871	56595.3728177	r.MP9601
6078	1667761p	287	20.982762879	13.7689120377	56596.3636505	r.MP9601
6078	1667871p	287	20.8318002442	13.6283442915	56597.3094945	r.MP9601
6078	1667881p	287	20.8256331644	13.6225316415	56597.3487544	r.MP9601
6078	1667899p	387	20.8113690754	13.6090873277	56597.4395603	r.MP9601
6078	1668252p	287	20.2210466889	13.0282541821	56601.427456	r.MP9601
6078	1668264p	287	20.2145644553	13.0215565268	56601.4744571	r.MP9601
6078	1668265p	287	20.2138868001	13.0208563514	56601.4793706	r.MP9601
6078	1671673p	387	18.6383938288	10.4893809614	56623.3817297	r.MP9601
6187	1691901p	287	211.873778167	-11.5637370616	56713.5160758	r.MP9601
6187	1691912p	387	211.872723975	-11.5633250785	56713.5596976	r.MP9601
6187	1691922p	387	211.87164519	-11.5629034841	56713.604337	r.MP9601
6236	1607614p	287	212.153685812	-10.8881360767	56331.5680458	r.MP9601
6236	1607627p	287	212.156908446	-10.8888136563	56331.6275405	r.MP9601
6248	1716261p	287	212.634345003	-13.524807921	56805.3621953	r.MP9601
6248	1728414p	287	212.472364341	-13.4669410946	56856.287683	r.MP9601
6252	1774995p	387	12.3399004238	2.1523965655	57040.2508336	r.MP9601
6279	1626160p	287	213.564765874	-11.8058706619	56423.4582821	r.MP9601
6279	1626296p	287	213.3919109	-11.7556496656	56424.4562078	r.MP9601
6279	1631609p	287	209.622106203	-10.7703207275	56456.2535326	r.MP9601
6279	1631619p	287	209.619971925	-10.7700158306	56456.2941856	r.MP9601
6279	1635764p	287	209.46899151	-10.9495776182	56477.2750497	r.MP9601
6279	1636122p	287	209.553291416	-11.0013742389	56479.2822956	r.MP9601
6373	1729484p	287	26.5446556729	15.0215111456	56864.5297474	r.MP9601
6373	1729495p	287	26.5508160162	15.0267348285	56864.5729779	r.MP9601
6375	1728794p	287	13.9075242756	4.40723798229	56861.5636502	r.MP9601
6375	1729705p	287	14.312599983	4.56517812315	56865.5440722	r.MP9601
6375	1734903p	287	14.8702278658	4.75190527661	56891.5402693	r.MP9601
6375	1734919p	387	14.8664755496	4.75031893153	56891.6134852	r.MP9601
6375	1736201p	287	14.5363017926	4.61334143768	56896.6151353	r.MP9601
6375	1774993p	387	11.2500683307	4.48163513719	57040.2406386	r.MP9601
6385	1778096p	387	26.4876398468	13.3259579396	57046.2509323	r.MP9601
6385	1778105p	387	26.49750789	13.3298503344	57046.3167193	r.MP9601
6392	1631359p	287	216.196461005	-13.6254294976	56455.3876164	r.MP9601
6392	1631370p	287	216.191374318	-13.6277410506	56455.4333395	r.MP9601
6440	1691675p	287	215.953067707	-12.7051806769	56712.5739825	r.MP9601
6440	1691908p	287	215.984414323	-12.6975413707	56713.5435828	r.MP9601
6440	1692182p	287	216.03270451	-12.6739545719	56715.6545434	r.MP9601
6440	1698185p	287	214.105249106	-11.477348396	56743.424596	r.MP9601
6440	1698186p	287	214.104528667	-11.4770098291	56743.4293202	r.MP9601
6440	1698192p	287	214.101481377	-11.4755777691	56743.4493024	r.MP9601
6440	1698314p	287	213.95025486	-11.4048838167	56744.4258267	r.MP9601
6440	1698324p	287	213.944047574	-11.4020012774	56744.4651341	r.MP9601
6501	1722738p	287	18.6420014352	5.27670487907	56835.6055923	r.MP9601
6501	1722901p	287	19.0603440417	5.39221675101	56836.6106577	r.MP9601
6616	1645960p	287	243.779869376	-13.7009141638	56511.2798505	r.MP9601
6686	1645164p	287	213.638747941	-11.0416956871	56506.262518	r.MP9601
6725	1722436p	287	212.383647057	-10.2500145308	56834.3092878	r.MP9601
6729	1686861p	387	215.883527727	-14.356570597	56691.5852292	r.MP9601
6776	1728412p	287	211.350354782	-11.1984434185	56856.2797859	r.MP9601
6776	1728421p	287	211.358288567	-11.2025224587	56856.3173423	r.MP9601
6806	1729261p	287	25.0423362306	12.4972809146	56863.536408	r.MP9601
6806	1729271p	287	25.0521560432	12.5025898592	56863.5780468	r.MP9601
6806	1729281p	287	25.0619705635	12.5078959426	56863.6196632	r.MP9601
6806	1778099p	387	26.2752772045	16.09757002	57046.2827095	r.MP9601
6806	1778108p	387	26.2912829836	16.1022941625	57046.3321482	r.MP9601
6806	1778109p	387	26.2933179143	16.1028947769	57046.3384337	r.MP9601
6930	1715394p	287	214.640151506	-13.0227897589	56799.4537751	r.MP9601
6930	1716269p	287	213.829907648	-12.7574896173	56805.3933612	r.MP9601
6930	1722437p	287	212.180008887	-12.2610468509	56834.3131665	r.MP9601
6944	1692343p	387	243.309347068	-12.0199651374	56716.5627527	r.MP9601
6944	1723388p	287	238.393156681	-10.5817961701	56839.3676343	r.MP9601
6944	1729357p	287	238.971231585	-13.4920769864	56864.2888175	r.MP9601
6953	1722731p	287	15.651022105	6.06832482849	56835.5783673	r.MP9601
6953	1722894p	287	15.8919683515	6.15808759222	56836.5834336	r.MP9601
6953	1751770p	287	14.4591890989	4.29374411974	56953.2876736	r.MP9601
6953	1752057p	387	14.1275282953	4.15055718065	56955.254879	r.MP9601
6953	1752076p	387	14.1125449396	4.14412493199	56955.3456872	r.MP9601
6953	1752078p	387	14.110768238	4.14336220656	56955.3564551	r.MP9601
6953	1752107p	387	14.094210622	4.13625413909	56955.4568043	r.MP9601
6953	1752336p	387	13.8041404527	4.01201217038	56957.2449024	r.MP9601
6953	1752352p	387	13.7949259396	4.00806771215	56957.3030993	r.MP9601
6953	1752366p	387	13.7844327091	4.00357587313	56957.3693724	r.MP9601
6953	1752648p	387	13.4909911395	3.87817300868	56959.2579098	r.MP9601
6953	1774990p	387	16.7034227219	5.5109878846	57040.2253304	r.MP9601
6958	1645710p	287	243.207637067	-11.4548401721	56509.3318839	r.MP9601
6958	1646363p	287	243.626983285	-11.6434664121	56513.2623154	r.MP9601
7038	1611932p	287	215.929540728	-14.0555035391	56358.5455468	r.MP9601
7038	1611945p	287	215.926601852	-14.0545637357	56358.6028907	r.MP9601
7038	1615910p	287	212.840222505	-13.0369979311	56386.4297818	r.MP9601
7038	1615920p	287	212.833720914	-13.0348025886	56386.4703112	r.MP9601
7038	1615930p	287	212.827240827	-13.0326145073	56386.5107065	r.MP9601
7038	1616096p	287	212.656212913	-12.9747908663	56387.569459	r.MP9601
7038	1616097p	287	212.655578359	-12.9745760943	56387.5733639	r.MP9601
7038	1616098p	287	212.654948526	-12.97436292	56387.5772398	r.MP9601
7038	1616099p	287	212.654317644	-12.9741493906	56387.5811222	r.MP9601
7038	1616100p	287	212.653682457	-12.9739344043	56387.585031	r.MP9601
7038	1616102p	287	212.652349065	-12.9734831025	56387.5932365	r.MP9601
7038	1616198p	287	212.486755316	-12.9172762187	56388.6029981	r.MP9601
7038	1616496p	287	212.187467821	-12.8156950849	56390.3918158	r.MP9601
7046	1722509p	287	13.8008705071	2.44146776615	56834.5838312	r.MP9601
7046	1729015p	287	18.3823285854	5.04303625707	56862.5569867	r.MP9601
7046	1729719p	287	18.6831194752	5.2569095669	56865.5994875	r.MP9601
7046	1736291p	287	18.8894137875	6.54766376543	56897.4426085	r.MP9601
7080	1645180p	287	242.011947324	-12.595894555	56506.3262836	r.MP9601
7080	1645709p	287	242.456083215	-12.8896511931	56509.3279785	r.MP9601
7118	1729486p	287	27.6026458422	14.0264004784	56864.5376248	r.MP9601
7118	1729497p	287	27.6116581563	14.0280074646	56864.5807976	r.MP9601
7147	1671728p	387	22.9166587904	12.6761670053	56624.2699913	r.MP9601
7147	1672408p	287	22.7310803136	12.4868021319	56630.386232	r.MP9601
7158	1616325p	287	217.135390868	-13.2598851581	56389.422932	r.MP9601
7158	1616339p	287	217.126374574	-13.2544770105	56389.4815746	r.MP9601
7158	1616340p	287	217.125606673	-13.2540164082	56389.4865691	r.MP9601
7158	1616343p	287	217.123459896	-13.2527287301	56389.5005318	r.MP9601
7158	1616512p	287	216.975149884	-13.1640474697	56390.4552793	r.MP9601
7158	1616523p	287	216.968053223	-13.1598183367	56390.5004569	r.MP9601
7158	1616525p	287	216.966656481	-13.1589859725	56390.5093487	r.MP9601
7158	1616563p	287	216.960886823	-13.1555476441	56390.5460786	r.MP9601
7158	1616690p	287	216.825299469	-13.0751102188	56391.4017742	r.MP9601
7158	1616701p	287	216.818391547	-13.0710326264	56391.4449487	r.MP9601
7158	1616712p	287	216.81138611	-13.0668974725	56391.4887326	r.MP9601
7158	1616713p	287	216.810073036	-13.0661223942	56391.4969394	r.MP9601
7158	1616714p	287	216.809299019	-13.0656655092	56391.501777	r.MP9601
7158	1616715p	287	216.808195465	-13.0650141053	56391.5086742	r.MP9601
7158	1616720p	287	216.804603055	-13.0628935858	56391.5311267	r.MP9601
7283	1667388p	287	21.527881947	11.3879082326	56594.4527505	r.MP9601
7283	1667551p	287	21.2963085668	11.3346397507	56595.3650569	r.MP9601
7283	1667759p	287	21.0478709957	11.2774130408	56596.3558886	r.MP9601
7283	1667869p	287	20.8142503117	11.2233751201	56597.3017052	r.MP9601
7283	1667879p	287	20.804717232	11.2211518194	56597.3407485	r.MP9601
7283	1667897p	387	20.7831752423	11.2161278059	56597.4289751	r.MP9601
7283	1681845p	387	18.1536314456	11.3667225205	56656.3046195	r.MP9601
7311	1729011p	287	16.3130582135	5.62319217422	56862.5414084	r.MP9601
7311	1729714p	287	16.6670568373	5.77687347587	56865.57991	r.MP9601
7311	1734910p	287	17.6775583035	6.29955212461	56891.5681404	r.MP9601
7311	1734914p	387	17.676838789	6.29937921804	56891.5882198	r.MP9601
7311	1736288p	287	17.3632845323	6.20959081106	56897.4309135	r.MP9601
7311	1774680p	387	12.7303821729	5.88516985464	57039.2742714	r.MP9601
7382	1636120p	287	215.525315121	-11.7349181821	56479.2741091	r.MP9601
7382	1636323p	287	215.535551786	-11.7495953023	56480.3007834	r.MP9601
7382	1645482p	287	217.400249823	-12.655167576	56508.2636027	r.MP9601
7382	1646176p	287	217.893931698	-12.8526328696	56512.2458288	r.MP9601
7382	1646180p	287	217.89601578	-12.8534488593	56512.2617075	r.MP9601
7401	1735270p	287	26.3022276804	13.1724640768	56893.5357968	r.MP9601
7401	1736562p	287	26.9128332666	13.3864999778	56899.4416658	r.MP9601
7401	1736591p	287	26.9213675368	13.3893447345	56899.5483442	r.MP9601
7401	1741575p	287	26.954011723	13.2704916689	56918.4668749	r.MP9601
7401	1741586p	287	26.9507184609	13.2687827329	56918.5095983	r.MP9601
7401	1742023p	287	26.4670043269	13.0256604109	56923.5078763	r.MP9601
7409	1631359p	287	215.706570913	-13.6632167124	56455.3876164	r.MP9601
7409	1631370p	287	215.701693791	-13.6624165594	56455.4333395	r.MP9601
7409	1635778p	287	214.826887525	-13.7302269885	56477.3312317	r.MP9601
7409	1636136p	287	214.890643397	-13.7812720168	56479.3391845	r.MP9601
7409	1645480p	287	218.155636347	-15.212757199	56508.2557964	r.MP9601
7409	1646177p	287	218.910278007	-15.4933901424	56512.2498257	r.MP9601
7409	1646178p	287	218.91104567	-15.4936713496	56512.2537044	r.MP9601
7478	1645243p	287	17.8871455469	4.04964319336	56506.5357395	r.MP9601
7478	1645254p	287	17.8917013983	4.05021267479	56506.5784506	r.MP9601
7502	1626159p	287	213.385012657	-12.2397666084	56423.4542753	r.MP9601
7502	1626295p	287	213.199437644	-12.169578779	56424.4522566	r.MP9601
7502	1631609p	287	209.460187386	-10.7373120468	56456.2535326	r.MP9601
7502	1631619p	287	209.458747595	-10.7367474229	56456.2941856	r.MP9601
7502	1635764p	287	209.863430792	-10.8789527563	56477.2750497	r.MP9601
7502	1636125p	287	210.02146522	-10.9371401742	56479.2946363	r.MP9601
7502	1645163p	287	213.858341855	-12.3081491354	56506.2585179	r.MP9601
7502	1645695p	287	214.463642922	-12.5170569033	56509.2711127	r.MP9601
7634	1716266p	287	212.609745582	-10.3322116287	56805.3816791	r.MP9601
7661	1722514p	287	12.2603347001	4.39944031259	56834.6033394	r.MP9601
7661	1729014p	287	17.2165494117	6.04541072425	56862.5531033	r.MP9601
7661	1729717p	287	17.5687616354	6.13838082324	56865.5917096	r.MP9601
7661	1735264p	287	18.6301604387	6.05610235536	56893.5122522	r.MP9601
7661	1736302p	287	18.4355645074	5.89985737119	56897.4905915	r.MP9601
7684	1651341p	287	25.8960881019	13.0874250836	56537.4407924	r.MP9601
7684	1651352p	287	25.8936272439	13.0875807583	56537.4839023	r.MP9601
7684	1651496p	287	25.8354246738	13.0900831554	56538.4598719	r.MP9601
7684	1651508p	287	25.8325124397	13.0901478717	56538.5064676	r.MP9601
7684	1657411p	287	21.5716971557	12.1507832149	56568.4916533	r.MP9601
7684	1657501p	287	21.348017602	12.083718177	56569.5857155	r.MP9601
7684	1658261p	287	20.3371638183	11.7696794549	56574.4047101	r.MP9601
7684	1658261p	287	20.3371638183	11.7696794549	56574.4047101	r.MP9601
7718	1715414p	287	240.602226085	-13.4203757849	56799.5335627	r.MP9601
7718	1715419p	287	240.597742139	-13.4208454527	56799.5534545	r.MP9601
7718	1715894p	287	239.932608794	-13.4944977465	56802.4967567	r.MP9601
7762	1774989p	387	15.4192737274	3.32553518159	57040.2201836	r.MP9601
7770	1774675p	387	12.4383136035	2.32191696168	57039.2487676	r.MP9601
7862	1778492p	387	220.952815949	-15.4911313868	57048.612292	r.MP9601
7863	1722740p	287	18.3358978664	7.4193874356	56835.6133812	r.MP9601
7924	1756824p	387	45.6002159086	16.1095864081	56978.2966772	r.MP9601
7924	1756846p	387	45.5781124446	16.1031111976	56978.405606	r.MP9601
7924	1756871p	387	45.5549645994	16.0963300355	56978.5196816	r.MP9601
7924	1757106p	500	45.1951654642	15.9909128261	56980.3067006	r.MP9601
7924	1757801p	500	44.3925734529	15.7547707155	56984.4291271	r.MP9601
7933	1698689p	287	217.506918979	-13.714679158	56751.4272303	r.MP9601
7933	1698691p	287	217.505783091	-13.7137638628	56751.4351321	r.MP9601
7933	1698699p	287	217.501275099	-13.7101313355	56751.4664921	r.MP9601
7933	1698701p	287	217.500138971	-13.7092158474	56751.4743956	r.MP9601
7933	1698853p	287	217.343404713	-13.5842924218	56752.5411908	r.MP9601
7946	1651340p	287	25.5651664689	15.4589129037	56537.4369158	r.MP9601
7946	1651351p	287	25.5663339511	15.4584219624	56537.4800228	r.MP9601
7946	1651495p	287	25.589156543	15.4456600968	56538.4559935	r.MP9601
7946	1651507p	287	25.5900495297	15.4449612376	56538.5025842	r.MP9601
7946	1658258p	287	21.6554184257	12.4032236905	56574.3930668	r.MP9601
7946	1672382p	287	15.8999283651	6.23242827823	56630.2829213	r.MP9601
7946	1672395p	287	15.9046023512	6.23154420643	56630.335096	r.MP9601
7946	1672602p	287	15.9894984338	6.2167987368	56631.2609281	r.MP9601
7951	1729715p	287	16.8836400209	6.71169172788	56865.5838032	r.MP9601
7971	1729478p	287	24.8657732723	14.0001531938	56864.5059945	r.MP9601
7971	1729489p	287	24.8728783235	14.0012620397	56864.5493842	r.MP9601
7971	1729500p	287	24.8799511383	14.0023658548	56864.5925769	r.MP9601
7971	1735257p	287	27.5998343728	13.7536543589	56893.4781096	r.MP9601
7971	1735273p	287	27.6010291241	13.7504100749	56893.5480463	r.MP9601
7971	1757887p	287	15.5381599626	2.82891571007	56985.2321839	r.MP9601
7971	1757971p	287	15.4851163031	2.75821924135	56986.2283835	r.MP9601
7991	1722361p	287	14.5686941557	5.13685077411	56833.5810826	r.MP9601
7991	1722508p	287	14.8694010056	5.24936637831	56834.5799478	r.MP9601
7991	1722731p	287	15.1672399613	5.36016995289	56835.5783673	r.MP9601
7991	1722894p	287	15.4641267299	5.47035817265	56836.5834336	r.MP9601
7991	1757888p	287	15.3716954809	3.99173225445	56985.236116	r.MP9601
7991	1757972p	287	15.348561635	3.9926541533	56986.2322684	r.MP9601
7991	1757972p	287	15.348561635	3.9926541533	56986.2322684	r.MP9601
7991	1768986p	287	16.3281245138	4.65082551517	57008.2548593	r.MP9601
8008	1686687p	387	217.760739493	-13.4125213588	56689.6529079	r.MP9601
8008	1704647p	387	213.488127361	-11.3086668118	56776.3403081	r.MP9601
8008	1704648p	387	213.487075828	-11.3083058066	56776.3453453	r.MP9601
8008	1704655p	387	213.479695579	-11.3057720682	56776.3806998	r.MP9601
8008	1704656p	387	213.478642954	-11.3054106882	56776.3857423	r.MP9601
8008	1704663p	387	213.47127175	-11.3028800553	56776.4210535	r.MP9601
8008	1704664p	387	213.469935487	-11.3024212983	56776.4274548	r.MP9601
8008	1704665p	387	213.468866801	-11.3020544041	56776.4325742	r.MP9601
8029	1757440p	387	24.1716353936	12.3986786246	56981.2084387	r.MP9601
8029	1757462p	387	24.1530806093	12.3961031971	56981.3489165	r.MP9601
8029	1757549p	287	24.0358428852	12.3799050434	56982.2474491	r.MP9601
8029	1757591p	287	24.0148218584	12.3770374886	56982.4139523	r.MP9601
8059	1756826p	387	44.5630774157	14.9163451015	56978.3070609	r.MP9601
8059	1756848p	387	44.5353894253	14.9165263649	56978.415819	r.MP9601
8059	1756873p	387	44.5063042362	14.9167167753	56978.5300652	r.MP9601
8059	1757109p	500	44.0526045334	14.9201694412	56980.3262485	r.MP9601
8118	1658263p	287	19.2619902838	11.3079735211	56574.4124706	r.MP9601
8118	1658264p	287	19.2589220835	11.3054960923	56574.4277164	r.MP9601
8118	1658265p	287	19.2581246012	11.3048521625	56574.431679	r.MP9601
8118	1658266p	287	19.2553052623	11.3025756776	56574.4456881	r.MP9601
8118	1671895p	287	12.9366504008	4.68701344527	56625.2200534	r.MP9601
8118	1672373p	287	13.0403112839	4.42109836217	56630.2471259	r.MP9601
8118	1672385p	287	13.0420509391	4.4190160476	56630.2945711	r.MP9601
8118	1672385p	287	13.0420509391	4.4190160476	56630.2945711	r.MP9601
8118	1672746p	387	13.1200953838	4.33932148706	56632.2106863	r.MP9601
8128	1681687p	387	19.8192655213	13.154596325	56655.3120749	r.MP9601
8189	1645559p	287	13.8202399138	4.00471019156	56508.5021655	r.MP9601
8189	1645754p	287	13.8324749953	3.99836244783	56509.4775995	r.MP9601
8189	1645764p	287	13.8328799797	3.99807085903	56509.5164781	r.MP9601
8189	1646263p	287	13.8436685392	3.96780221081	56512.4565009	r.MP9601
8189	1646273p	287	13.8435552191	3.9672841764	56512.4953534	r.MP9601
8189	1651057p	287	12.5622567329	3.16526130169	56535.5530619	r.MP9601
8189	1651167p	287	12.4661329011	3.11556854019	56536.4387964	r.MP9601
8189	1651177p	287	12.4618306548	3.11334977163	56536.4777601	r.MP9601
8189	1651844p	287	11.9959396886	2.87695722621	56540.4182995	r.MP9601
8189	1651854p	287	11.9910403189	2.8745102363	56540.4571064	r.MP9601
8343	1631357p	287	214.901446479	-12.0312202303	56455.3795791	r.MP9601
8343	1631368p	287	214.898222381	-12.0302340355	56455.4250958	r.MP9601
8343	1635780p	287	214.642352077	-12.0182628751	56477.3389911	r.MP9601
8343	1636138p	287	214.746625132	-12.0620843939	56479.3471037	r.MP9601
8343	1645485p	287	218.331816156	-13.3691202457	56508.2755828	r.MP9601
8343	1646182p	287	219.097143431	-13.6288823709	56512.2696122	r.MP9601
8363	1778497p	387	215.063259794	-11.0722883137	57048.6378056	r.MP9601
8385	1645240p	287	16.800314027	3.83441936688	56506.5241012	r.MP9601
8385	1645251p	287	16.8027162699	3.83462103665	56506.5668078	r.MP9601
8415	1651055p	287	13.579525096	5.08205564223	56535.5452209	r.MP9601
8415	1651065p	287	13.576588511	5.08034807242	56535.5843754	r.MP9601
8415	1651066p	287	13.5762480732	5.0801501142	56535.5889146	r.MP9601
8415	1651165p	287	13.5107540061	5.04258603456	56536.4310383	r.MP9601
8415	1651175p	287	13.5076316611	5.04081724498	56536.4698654	r.MP9601
8415	1651842p	287	13.1490950233	4.8428120754	56540.4105408	r.MP9601
8415	1651852p	287	13.1451500826	4.84068870565	56540.4493434	r.MP9601
8421	1607617p	287	213.884278707	-11.7548424601	56331.579688	r.MP9601
8421	1607631p	287	213.892095411	-11.756395093	56331.6439349	r.MP9601
8421	1611931p	287	215.185870953	-11.6876649618	56358.5415673	r.MP9601
8421	1611944p	287	215.184206678	-11.6859848368	56358.5986282	r.MP9601
8451	1722733p	287	16.7631590844	4.73191664015	56835.5861562	r.MP9601
8451	1722896p	287	17.082874443	4.9026745454	56836.591194	r.MP9601
8451	1742027p	287	27.2846988612	14.7940614387	56923.5234675	r.MP9601
8469	1722737p	287	17.1973678097	6.61718764382	56835.6017126	r.MP9601
8469	1722900p	287	17.5092599658	6.79200881578	56836.6067708	r.MP9601
8534	1631356p	287	215.217458318	-12.7968023978	56455.3755684	r.MP9601
8534	1631367p	287	215.2141641	-12.7965528358	56455.4204895	r.MP9601
8534	1635779p	287	214.931890771	-13.0973731069	56477.3351117	r.MP9601
8534	1636137p	287	215.037099241	-13.1660019112	56479.3431298	r.MP9601
8534	1645483p	287	218.682909021	-14.7734232103	56508.2676585	r.MP9601
8534	1646183p	287	219.4648051	-15.0681743905	56512.2736316	r.MP9601
8534	1646184p	287	219.465599454	-15.0684695602	56512.2775383	r.MP9601
8555	1729260p	287	21.8774416177	13.5840279532	56863.5324452	r.MP9601
8555	1729270p	287	21.8853808474	13.5870557235	56863.5740481	r.MP9601
8555	1729280p	287	21.8933221902	13.5900842996	56863.6156621	r.MP9601
8555	1735250p	287	25.169659782	14.7099957927	56893.4461274	r.MP9601
8555	1735266p	287	25.1709843326	14.7098109717	56893.5200558	r.MP9601
8555	1736558p	287	25.154920525	14.6418738	56899.4243989	r.MP9601
8555	1736587p	287	25.1523481606	14.6395872538	56899.532709	r.MP9601
8555	1741550p	287	23.4944424656	13.6711635244	56918.3676058	r.MP9601
8555	1741561p	287	23.4877460178	13.6674928789	56918.4122488	r.MP9601
8555	1742012p	287	22.6614418658	13.2141265541	56923.4647989	r.MP9601
8555	1768996p	287	13.2930087969	5.76390117292	57008.3111073	r.MP9601
8576	1615911p	287	212.632423848	-11.8501957292	56386.433763	r.MP9601
8576	1615921p	287	212.62392613	-11.8476954064	56386.4743087	r.MP9601
8576	1615931p	287	212.615469315	-11.8452071189	56386.5146593	r.MP9601
8576	1616092p	287	212.395979527	-11.7805535419	56387.5531294	r.MP9601
8576	1616093p	287	212.395150445	-11.7803090897	56387.5570233	r.MP9601
8576	1616196p	287	212.17192118	-11.7143221701	56388.5949792	r.MP9601
8576	1616322p	287	211.993565358	-11.6615011876	56389.4110456	r.MP9601
8576	1616333p	287	211.983917349	-11.6586438693	56389.4548173	r.MP9601
8576	1616497p	287	211.775543672	-11.5967860075	56390.3956919	r.MP9601
8576	1616509p	287	211.764903524	-11.5936171658	56390.4434234	r.MP9601
8576	1616520p	287	211.754827671	-11.5906163821	56390.4886235	r.MP9601
8576	1616687p	287	211.552585254	-11.5304468567	56391.3900468	r.MP9601
8576	1616698p	287	211.542810197	-11.5275425427	56391.4332514	r.MP9601
8576	1616709p	287	211.533040224	-11.5246397392	56391.4764336	r.MP9601
8628	1650812p	287	14.8054819866	5.40249499994	56534.4357351	r.MP9601
8628	1651029p	287	14.7948344992	5.25521192501	56535.4399201	r.MP9601
8628	1651040p	287	14.7942077793	5.24880147543	56535.4828951	r.MP9601
8628	1651672p	287	14.6840671254	4.63156420839	56539.4043029	r.MP9601
8628	1651683p	287	14.6822494196	4.62447159169	56539.4470725	r.MP9601
8690	1626303p	287	216.667029905	-14.4718536524	56424.4884778	r.MP9601
8690	1631614p	287	211.689757428	-13.0919578019	56456.2735669	r.MP9601
8690	1631624p	287	211.687196313	-13.091384921	56456.3140056	r.MP9601
8690	1635769p	287	211.681229527	-13.2362492293	56477.2949723	r.MP9601
8690	1645168p	287	215.553681606	-14.6983052639	56506.2784819	r.MP9601
8690	1645823p	287	216.37137581	-14.9829793639	56510.2593423	r.MP9601
8730	1635778p	287	214.116309202	-14.1970276965	56477.3312317	r.MP9601
8730	1636136p	287	214.202234562	-14.2096816396	56479.3391845	r.MP9601
8730	1645480p	287	217.842283378	-15.197686354	56508.2557964	r.MP9601
8730	1646177p	287	218.655692059	-15.4308226829	56512.2498257	r.MP9601
8730	1646178p	287	218.656517903	-15.4310597157	56512.2537044	r.MP9601
8772	1756826p	387	44.2279494736	14.820171497	56978.3070609	r.MP9601
8772	1756848p	387	44.2002161674	14.8163951753	56978.415819	r.MP9601
8772	1756873p	387	44.1710833757	14.8124282919	56978.5300652	r.MP9601
8772	1757109p	500	43.7200779654	14.7518969227	56980.3262485	r.MP9601
8782	1735251p	287	25.9016884467	12.9762506844	56893.4500091	r.MP9601
8782	1735267p	287	25.9093584042	12.981795232	56893.5239364	r.MP9601
8782	1736562p	287	26.3785068993	13.3741619893	56899.4416658	r.MP9601
8782	1736591p	287	26.3842853114	13.3802663632	56899.5483442	r.MP9601
8782	1741573p	287	25.8598805894	13.8915706262	56918.4591091	r.MP9601
8782	1741584p	287	25.8552169298	13.8913807571	56918.5018297	r.MP9601
8782	1742021p	287	25.2120700025	13.8263869809	56923.5000904	r.MP9601
8789	1691673p	287	213.448649267	-13.3876269198	56712.5662232	r.MP9601
8789	1691906p	287	213.453646146	-13.392659207	56713.5358216	r.MP9601
8789	1692180p	287	213.44806649	-13.3977611307	56715.6466902	r.MP9601
8836	1691926p	387	240.50551825	-14.0830830658	56713.6252623	r.MP9601
8836	1691927p	387	240.506469371	-14.0829444919	56713.6303013	r.MP9601
8836	1692362p	387	241.055954967	-13.992110146	56716.6586506	r.MP9601
8836	1692663p	387	242.010688378	-13.7723357292	56722.6012844	r.MP9601
8836	1692837p	387	242.150997002	-13.7310362621	56723.575932	r.MP9601
8839	1691902p	287	211.872132339	-14.1935880752	56713.5200542	r.MP9601
8839	1691913p	387	211.871255279	-14.1928704808	56713.5678939	r.MP9601
8839	1691923p	387	211.870489979	-14.1922443263	56713.6096375	r.MP9601
8853	1668261p	287	16.6022051027	3.90600306152	56601.4626997	r.MP9601
8853	1671897p	287	13.9685342494	4.26476256942	56625.2278122	r.MP9601
8853	1671898p	287	13.9684593599	4.26504245959	56625.2332587	r.MP9601
8853	1671899p	287	13.968392405	4.26529269511	56625.2381281	r.MP9601
8853	1671907p	287	13.9678233017	4.267419647	56625.2795175	r.MP9601
8853	1671908p	287	13.9677618885	4.26764917109	56625.2839839	r.MP9601
8853	1671918p	287	13.9674664833	4.26875321074	56625.3054679	r.MP9601
8853	1672376p	287	13.9910687526	4.55557873894	56630.2588282	r.MP9601
8853	1672389p	287	13.99245783	4.55899355432	56630.3109186	r.MP9601
8853	1672747p	387	14.0545883401	4.6877861224	56632.2158041	r.MP9601
8857	1757444p	387	25.7523285087	13.7776678362	56981.2286842	r.MP9601
8857	1757466p	387	25.7314976023	13.7692418516	56981.3691173	r.MP9601
8857	1757553p	287	25.6004110499	13.7160924805	56982.2647455	r.MP9601
8857	1757555p	287	25.5990361057	13.7155317189	56982.274451	r.MP9601
8857	1757595p	287	25.5770417533	13.7065614732	56982.4297053	r.MP9601
8892	1728419p	287	216.587561419	-14.5910811047	56856.3091032	r.MP9601
8897	1635444p	287	241.158903202	-12.1175662113	56475.3808197	r.MP9601
8897	1635787p	287	240.957095883	-12.120716926	56477.3720622	r.MP9601
8897	1645180p	287	241.475351155	-13.1365155837	56506.3262836	r.MP9601
8897	1645705p	287	241.883273449	-13.3226241442	56509.3122712	r.MP9601
8923	1631356p	287	214.852701702	-12.5277387926	56455.3755684	r.MP9601
8923	1631367p	287	214.852177622	-12.5274018839	56455.4204895	r.MP9601
8932	1626167p	287	216.357006593	-14.1777614514	56423.4861798	r.MP9601
8932	1626303p	287	216.167577078	-14.1088429053	56424.4884778	r.MP9601
8932	1631350p	287	212.330295254	-12.6371407233	56455.3512972	r.MP9601
8932	1631361p	287	212.328279392	-12.6362530044	56455.3956831	r.MP9601
8932	1635772p	287	212.643386672	-12.6677531078	56477.3075455	r.MP9601
8932	1636130p	287	212.79864516	-12.7159235061	56479.3153185	r.MP9601
8932	1645172p	287	216.649408565	-13.9518197409	56506.2944737	r.MP9601
8932	1645959p	287	217.674329324	-14.2755350644	56511.2754166	r.MP9601
8932	1646175p	287	217.883239606	-14.3409768148	56512.2419371	r.MP9601
8932	1646179p	287	217.88669574	-14.3420585057	56512.2577668	r.MP9601
8943	1722734p	287	16.4160673082	5.76102471032	56835.5900355	r.MP9601
8943	1722897p	287	16.6681105315	5.83038743173	56836.5951006	r.MP9601
8983	1691932p	387	242.215183448	-13.58179161	56713.6569583	r.MP9601
8983	1692342p	387	242.680143509	-13.4826390578	56716.5576876	r.MP9601
8983	1692665p	387	243.52718423	-13.2373808339	56722.6113602	r.MP9601
9052	1757445p	387	25.6416194787	14.7560217119	56981.2337528	r.MP9601
9052	1757467p	387	25.6258221222	14.7477914843	56981.3741737	r.MP9601
9052	1757556p	287	25.5261911747	14.6954159395	56982.278338	r.MP9601
9052	1757596p	287	25.5098901002	14.6866616587	56982.4335863	r.MP9601
9091	1611937p	287	217.813959302	-13.5873860482	56358.5668216	r.MP9601
9091	1611949p	287	217.814283436	-13.5864352554	56358.618683	r.MP9601
9091	1615938p	287	215.341443582	-12.1637638971	56386.5426369	r.MP9601
9091	1616320p	287	214.815640006	-11.9247259446	56389.4031826	r.MP9601
9091	1616331p	287	214.80726282	-11.9209622813	56389.4468896	r.MP9601
9091	1616507p	287	214.615778306	-11.8351039557	56390.4355246	r.MP9601
9091	1616518p	287	214.606902668	-11.8311341019	56390.4807507	r.MP9601
9091	1616685p	287	214.428420728	-11.7513788051	56391.3821003	r.MP9601
9091	1616696p	287	214.419756206	-11.747511894	56391.4253329	r.MP9601
9091	1616707p	287	214.411108274	-11.7436523873	56391.4684826	r.MP9601
9136	1616324p	287	217.154804861	-14.7476226273	56389.4189925	r.MP9601
9136	1616335p	287	217.145906724	-14.7468811159	56389.4627538	r.MP9601
9136	1616336p	287	217.144921762	-14.7467990357	56389.4675979	r.MP9601
9136	1616337p	287	217.14390339	-14.7467141714	56389.4726063	r.MP9601
9136	1616338p	287	217.142906765	-14.7466311193	56389.4775077	r.MP9601
9136	1616511p	287	216.942261564	-14.729377855	56390.4513391	r.MP9601
9136	1616522p	287	216.932806721	-14.7285365874	56390.4965416	r.MP9601
9136	1616689p	287	216.742283986	-14.7110982244	56391.3978958	r.MP9601
9136	1616700p	287	216.733037806	-14.7102227754	56391.4410686	r.MP9601
9136	1616711p	287	216.723696656	-14.7093383345	56391.4846849	r.MP9601
