Object	Image	Exp_time	RA	DEC	time	filter
25	1617721p	287	240.919467322	-12.5334029473	56399.4875248	r.MP9601
25	1617722p	287	240.919161573	-12.5319524882	56399.4928422	r.MP9601
25	1617913p	287	240.79096723	-11.9866144065	56401.4640832	r.MP9601
25	1617926p	287	240.787087064	-11.9717551335	56401.5169946	r.MP9601
223	1626156p	287	211.974811592	-12.4831605071	56423.4418298	r.MP9601
223	1626292p	287	211.800652022	-12.431820193	56424.4396028	r.MP9601
223	1636121p	287	209.003960514	-11.9006748662	56479.2780879	r.MP9601
223	1645691p	287	213.201870033	-13.5567702036	56509.2553622	r.MP9601
268	1722363p	287	13.8497417252	3.73755429072	56833.5888678	r.MP9601
268	1722510p	287	14.0207446297	3.79666876394	56834.5877135	r.MP9601
268	1729012p	287	17.531350993	4.86224483492	56862.5452878	r.MP9601
268	1729716p	287	17.7428815442	4.90259222374	56865.5876844	r.MP9601
268	1734907p	287	17.9191641461	4.56863845774	56891.5565004	r.MP9601
268	1736284p	287	17.5356931857	4.3238758908	56897.4144781	r.MP9601
268	1774672p	387	10.6409950885	2.03666169008	57039.233382	r.MP9601
450	1736284p	287	17.4011811206	4.22360203819	56897.4144781	r.MP9601
468	1715377p	287	212.702812385	-13.4109793347	56799.3855021	r.MP9601
480	1775272p	387	20.0074416668	13.3076312912	57041.2631838	r.MP9601
480	1775281p	387	20.0206851876	13.307120205	57041.3091815	r.MP9601
480	1778896p	287	22.7156193394	13.291225637	57050.2555963	r.MP9601
710	1645244p	287	17.6486096184	5.9966311848	56506.5396484	r.MP9601
710	1645255p	287	17.6504770171	5.99689202779	56506.5823318	r.MP9601
710	1650818p	287	16.9924230584	5.40240766666	56534.4616805	r.MP9601
710	1650819p	287	16.9919994143	5.4021812025	56534.4663659	r.MP9601
710	1650820p	287	16.9915736719	5.40195361673	56534.4710746	r.MP9601
710	1650821p	287	16.9911428136	5.40172329614	56534.4758398	r.MP9601
710	1651034p	287	16.9002878042	5.35341327878	56535.4595122	r.MP9601
710	1651050p	287	16.8940840228	5.35013374676	56535.5251028	r.MP9601
710	1651678p	287	16.4902301377	5.14188135329	56539.427584	r.MP9601
710	1651689p	287	16.4854002587	5.13944852535	56539.4705162	r.MP9601
710	1651691p	287	16.4844406085	5.13896514603	56539.4790464	r.MP9601
710	1651694p	287	16.4824687834	5.1379719304	56539.4965738	r.MP9601
710	1651695p	287	16.48180808	5.13763913165	56539.5024467	r.MP9601
710	1651700p	287	16.4794917394	5.13647238232	56539.5230364	r.MP9601
710	1656880p	287	12.6792796349	3.34613769517	56564.3273184	r.MP9601
710	1656881p	287	12.6783982467	3.34574008664	56564.3322037	r.MP9601
710	1656892p	287	12.6704133551	3.34213797235	56564.3764618	r.MP9601
710	1656902p	287	12.6633652201	3.33895844417	56564.4155276	r.MP9601
710	1657313p	287	12.1169742075	3.09351281128	56567.4229724	r.MP9601
710	1657483p	287	11.7350499586	2.92312271001	56569.5145333	r.MP9601
710	1657485p	287	11.7335055232	2.92243551249	56569.5229766	r.MP9601
710	1657486p	287	11.7326168279	2.92204008692	56569.5278351	r.MP9601
710	1658277p	287	10.8294797068	2.5229555552	56574.4924912	r.MP9601
720	1728791p	287	14.6454095005	4.32296828286	56861.5519312	r.MP9601
720	1729702p	287	15.0235039484	4.47146244149	56865.531114	r.MP9601
720	1734919p	387	15.4988809786	4.64555239142	56891.6134852	r.MP9601
720	1736293p	287	15.096111699	4.48720890152	56897.4503996	r.MP9601
811	1722739p	287	18.9472280324	5.56284982974	56835.6095012	r.MP9601
878	1635771p	287	211.581680799	-10.3640348439	56477.3028547	r.MP9601
878	1635771p	287	211.581680799	-10.3640348439	56477.3028547	r.MP9601
878	1636129p	287	211.719317981	-10.4311584512	56479.3113986	r.MP9601
878	1645170p	287	215.707445613	-12.0412588329	56506.2865687	r.MP9601
878	1645957p	287	216.828289818	-12.4528794179	56511.2674218	r.MP9601
975	1626158p	287	212.857518537	-13.3694129599	56423.4503352	r.MP9601
975	1626291p	287	212.668294773	-13.317925902	56424.4356511	r.MP9601
1363	1631358p	287	215.815107108	-13.7553914302	56455.3835801	r.MP9601
1363	1631369p	287	215.811798344	-13.7541490588	56455.4292182	r.MP9601
1363	1636118p	287	215.701110342	-13.6564830659	56479.2657831	r.MP9601
1363	1636321p	287	215.768172915	-13.6767381856	56480.2928614	r.MP9601
1363	1645487p	287	219.606905025	-14.8717959421	56508.2839336	r.MP9601
1440	1611937p	287	217.501825973	-13.8071646007	56358.5668216	r.MP9601
1440	1611949p	287	217.499362556	-13.8064731151	56358.618683	r.MP9601
1440	1615937p	287	214.491794893	-12.9033875458	56386.5386638	r.MP9601
1440	1616316p	287	214.029787112	-12.7603776648	56389.3872454	r.MP9601
1440	1616327p	287	214.022491111	-12.7581224264	56389.4311312	r.MP9601
1440	1616344p	287	214.010290593	-12.7543511719	56389.5045177	r.MP9601
1440	1616345p	287	214.009439183	-12.7540879957	56389.509639	r.MP9601
1440	1616346p	287	214.008618274	-12.753834248	56389.5145768	r.MP9601
1440	1616347p	287	214.007796701	-12.7535802947	56389.5195186	r.MP9601
1440	1616348p	287	214.006952107	-12.7533192255	56389.5245989	r.MP9601
1440	1616503p	287	213.857252616	-12.7068501009	56390.4197864	r.MP9601
1440	1616514p	287	213.849871102	-12.7045479454	56390.463637	r.MP9601
1440	1616566p	287	213.833795583	-12.6995342935	56390.5591351	r.MP9601
1440	1616567p	287	213.832929313	-12.6992641202	56390.5642813	r.MP9601
1440	1616681p	287	213.697111588	-12.6569396576	56391.3665824	r.MP9601
1440	1616692p	287	213.689763788	-12.6546520786	56391.409699	r.MP9601
1440	1616703p	287	213.682433741	-12.6523700264	56391.4527115	r.MP9601
1487	1635774p	287	212.054229138	-10.7204847178	56477.3153014	r.MP9601
1487	1636132p	287	212.256548812	-10.8337585547	56479.3231139	r.MP9601
1487	1646175p	287	218.141371368	-13.4134813366	56512.2419371	r.MP9601
1487	1646179p	287	218.145223243	-13.4149631652	56512.2577668	r.MP9601
1557	1646438p	287	26.233208272	13.9188026477	56513.5231105	r.MP9601
1557	1646449p	287	26.2372099057	13.923260764	56513.5657945	r.MP9601
1609	1644980p	287	239.363990012	-11.2336564308	56505.2588214	r.MP9601
1609	1645008p	287	239.368982237	-11.2453451523	56505.3167023	r.MP9601
1609	1645175p	287	239.45679217	-11.4452580857	56506.3066425	r.MP9601
1609	1645700p	287	239.765688335	-12.048626702	56509.2926595	r.MP9601
1615	1722364p	287	13.2787724929	5.05568910487	56833.5927872	r.MP9601
1615	1722511p	287	13.5511467324	5.15946992275	56834.5916444	r.MP9601
1615	1751788p	287	16.4851544975	4.78905406384	56953.3601644	r.MP9601
1615	1752203p	287	15.9542594035	4.55810963041	56956.4569436	r.MP9601
1615	1752375p	287	15.7971675224	4.49031320301	56957.4066106	r.MP9601
1615	1768990p	287	14.3966248423	4.1149726115	57008.2705673	r.MP9601
1654	1611929p	287	215.511314135	-13.8265071437	56358.5336905	r.MP9601
1654	1611942p	287	215.508281076	-13.8276357236	56358.5901195	r.MP9601
1654	1611955p	287	215.505456267	-13.8286868153	56358.6426741	r.MP9601
1662	1735065p	287	23.9743930752	13.7575759446	56892.5447658	r.MP9601
1662	1735077p	287	23.977029919	13.7610005862	56892.591643	r.MP9601
1662	1736156p	287	24.1401779274	14.0233284578	56896.4409714	r.MP9601
1662	1736183p	287	24.142933385	14.029425074	56896.5368134	r.MP9601
1662	1736557p	287	24.1952372391	14.2020460321	56899.4205208	r.MP9601
1662	1736586p	287	24.196049563	14.2081535047	56899.5288306	r.MP9601
1662	1741551p	287	23.0641915315	14.7929368648	56918.3715142	r.MP9601
1662	1741562p	287	23.0585356455	14.7931229137	56918.416166	r.MP9601
1662	1778903p	287	25.4852727946	15.2213228889	57050.2832798	r.MP9601
1745	1672615p	387	10.0273349851	0.845582733709	56631.3356268	r.MP9601
1745	1672616p	387	10.02767202	0.845940714326	56631.3424818	r.MP9601
1745	1672745p	387	10.0711726387	0.891478845569	56632.2046896	r.MP9601
1851	1716261p	287	212.589135144	-13.9164264845	56805.3621953	r.MP9601
1852	1630189p	287	236.143620196	-10.2799728226	56444.4027611	r.MP9601
1852	1630190p	287	236.142393454	-10.2800365271	56444.4089594	r.MP9601
1852	1630310p	287	235.946738546	-10.2908083123	56445.4026172	r.MP9601
1896	1715407p	287	245.299218917	-18.1678572342	56799.5062899	r.MP9601
1896	1715697p	287	244.788858292	-18.0621078101	56801.4788181	r.MP9601
1896	1715698p	287	244.78765501	-18.0618604901	56801.4834313	r.MP9601
1896	1715699p	287	244.785921242	-18.0615041354	56801.4900783	r.MP9601
1896	1715727p	287	244.774872292	-18.0592331584	56801.5324385	r.MP9601
1961	1657924p	287	14.6288430807	3.37460449284	56571.3878426	r.MP9601
1961	1657925p	287	14.6277785654	3.37433929	56571.3931763	r.MP9601
1961	1657940p	287	14.6158597466	3.3713699531	56571.4528948	r.MP9601
1961	1657943p	287	14.6131146179	3.37068605882	56571.4666491	r.MP9601
1961	1657945p	287	14.6112556284	3.37022292854	56571.4759634	r.MP9601
1961	1658279p	287	14.0066125355	3.22082010127	56574.5002707	r.MP9601
2026	1735071p	287	21.8823888936	12.1476053204	56892.5680553	r.MP9601
2026	1735083p	287	21.8814496879	12.1483488582	56892.6150156	r.MP9601
2026	1736161p	287	21.7549234562	12.1900357837	56896.460401	r.MP9601
2026	1736198p	287	21.7484353099	12.1909088064	56896.6032592	r.MP9601
