Object	Image	Exp_time	RA	DEC	time	filter
180060	1616943p	287	242.738499442	-14.0888281859	56392.6092655	r.MP9601
180060	1617914p	287	241.68775558	-14.0720328987	56401.4681565	r.MP9601
180060	1617927p	287	241.680067271	-14.0718860351	56401.5210274	r.MP9601
180063	1626157p	287	212.26554787	-11.1668576188	56423.4458285	r.MP9601
180063	1626293p	287	212.061430088	-11.171507652	56424.4435551	r.MP9601
180374	1671902p	387	23.6186284902	13.4900511318	56625.254395	r.MP9601
180374	1672604p	287	23.173613161	13.5061997935	56631.2715594	r.MP9601
180374	1672605p	387	23.1733698752	13.5062568605	56631.2769657	r.MP9601
180374	1672606p	387	23.1730553901	13.5063306287	56631.2839543	r.MP9601
180393	1645238p	287	15.6301455446	5.12968169847	56506.5163146	r.MP9601
180393	1645249p	287	15.6327095739	5.13066695047	56506.5590485	r.MP9601
180393	1650811p	287	14.9136221263	4.82298799878	56534.431777	r.MP9601
180393	1651028p	287	14.7960748938	4.77599549415	56535.4359319	r.MP9601
180393	1651039p	287	14.7908745975	4.77392733034	56535.4789688	r.MP9601
180393	1651672p	287	14.2715445346	4.56769822117	56539.4043029	r.MP9601
180393	1651683p	287	14.2653607708	4.5652508526	56539.4470725	r.MP9601
180468	1645760p	287	11.4277141449	2.50957894238	56509.5009298	r.MP9601
180468	1645773p	287	11.4280468902	2.5093275348	56509.5541691	r.MP9601
180468	1646268p	287	11.4188323963	2.48473851583	56512.4759396	r.MP9601
180468	1646278p	287	11.4183633412	2.48426406929	56512.514758	r.MP9601
180502	1667913p	387	24.5401034117	13.6245655147	56597.5104578	r.MP9601
180502	1671668p	387	20.2728998639	11.9237655163	56623.3562943	r.MP9601
180502	1672400p	287	19.8340460301	11.6887278145	56630.35483	r.MP9601
180502	1681683p	387	20.85766788	11.8157209829	56655.2917667	r.MP9601
180502	1681951p	287	21.354460474	11.9646880073	56659.2574624	r.MP9601
180502	1681967p	387	21.3642160028	11.9676729816	56659.3286274	r.MP9601
180502	1681968p	387	21.3651499621	11.9679587523	56659.3354405	r.MP9601
180502	1681969p	387	21.3659428175	11.9682013484	56659.3412242	r.MP9601
180502	1681970p	387	21.3667337612	11.9684433595	56659.346994	r.MP9601
180502	1682225p	287	21.485126782	12.0047794736	56660.2038361	r.MP9601
180502	1682235p	287	21.4911360887	12.0066411804	56660.2462547	r.MP9601
180502	1682246p	287	21.4981499789	12.0088141111	56660.2957646	r.MP9601
180502	1682247p	387	21.4990760111	12.0091009995	56660.3023013	r.MP9601
180502	1682248p	387	21.4999092533	12.0093591412	56660.308183	r.MP9601
180644	1729254p	287	24.214251687	14.8693195893	56863.508911	r.MP9601
180644	1729264p	287	24.223789484	14.8712140832	56863.5481075	r.MP9601
180644	1729274p	287	24.2340039959	14.8732429931	56863.5900849	r.MP9601
180644	1729479p	287	24.4559236904	14.9164279137	56864.5099424	r.MP9601
180644	1729490p	287	24.4663033063	14.9184135794	56864.553266	r.MP9601
180644	1729501p	287	24.4766620653	14.920395255	56864.5965025	r.MP9601
180758	1722368p	287	15.9956193072	3.83349443381	56833.6085575	r.MP9601
180758	1722732p	287	16.4582207667	3.9434828731	56835.5822479	r.MP9601
180758	1722895p	287	16.689103658	3.99694516386	56836.5873153	r.MP9601
180762	1691674p	287	213.922893463	-11.5114667807	56712.5701027	r.MP9601
180762	1691907p	287	213.936938089	-11.5117945267	56713.5397039	r.MP9601
180762	1692181p	287	213.950938743	-11.5067336242	56715.6505969	r.MP9601
180762	1698082p	287	212.114175919	-10.7953217161	56742.5108342	r.MP9601
180958	1651679p	287	16.0868091403	6.32570806535	56539.43153	r.MP9601
180958	1651690p	287	16.081111435	6.32274311528	56539.4743967	r.MP9601
180958	1651696p	287	16.0768570215	6.32052921981	56539.5064049	r.MP9601
180958	1656886p	287	11.3885778083	4.01285200318	56564.353161	r.MP9601
180958	1656896p	287	11.3798051875	4.00864373486	56564.3920065	r.MP9601
180958	1656907p	287	11.3699062219	4.00389515359	56564.4358396	r.MP9601
181012	1715867p	287	217.850680365	-14.2097491378	56802.3577269	r.MP9601
181012	1722441p	287	215.343575964	-13.2947149504	56834.3304246	r.MP9601
181012	1728420p	287	216.901604642	-13.7881553819	56856.313239	r.MP9601
181014	1631352p	287	214.04607266	-13.8498852173	56455.359504	r.MP9601
181014	1631363p	287	214.045530284	-13.8492119238	56455.4043903	r.MP9601
181014	1635781p	287	215.424399699	-14.0980463806	56477.3432593	r.MP9601
181014	1636118p	287	215.693675605	-14.1713345389	56479.2657831	r.MP9601
181014	1636321p	287	215.84645006	-14.2134763713	56480.2928614	r.MP9601
181068	1691677p	287	216.688596305	-12.6146588709	56712.5817484	r.MP9601
181068	1691910p	287	216.716139592	-12.5815360993	56713.5513495	r.MP9601
181068	1692331p	287	216.770554975	-12.4685064636	56716.5127669	r.MP9601
181163	1691932p	387	241.769483605	-14.2652669802	56713.6569583	r.MP9601
181163	1692665p	387	242.965885027	-13.9652217241	56722.6113602	r.MP9601
181163	1692839p	387	243.074633789	-13.9262339673	56723.5860118	r.MP9601
181249	1691928p	387	239.20253218	-13.791897297	56713.6353439	r.MP9601
181249	1692359p	387	239.64422221	-13.7000198871	56716.6434611	r.MP9601
181249	1692657p	387	240.396802351	-13.4804123826	56722.5710502	r.MP9601
181262	1691932p	387	242.595691816	-14.2068275914	56713.6569583	r.MP9601
181262	1692341p	387	243.115605816	-14.2930340779	56716.5526474	r.MP9601
181262	1692668p	387	244.083448321	-14.4504517313	56722.6265028	r.MP9601
181262	1692842p	387	244.222576836	-14.4728592384	56723.6011373	r.MP9601
181273	1607612p	287	212.41416684	-12.825047354	56331.5602852	r.MP9601
181273	1607623p	287	212.419711178	-12.8273673249	56331.607471	r.MP9601
181463	1616326p	287	217.209658339	-12.2670502038	56389.4271014	r.MP9601
181463	1616341p	287	217.198647013	-12.2624577182	56389.4909352	r.MP9601
181463	1616342p	287	217.197799541	-12.2621042636	56389.4958481	r.MP9601
181463	1616513p	287	217.029630741	-12.192126597	56390.4596373	r.MP9601
181463	1616524p	287	217.021712859	-12.188839929	56390.5044555	r.MP9601
181463	1616526p	287	217.020089932	-12.1881662609	56390.5136419	r.MP9601
181463	1616564p	287	217.01366805	-12.1855005744	56390.5499922	r.MP9601
181463	1616565p	287	217.012770044	-12.1851278168	56390.5550752	r.MP9601
181463	1616691p	287	216.860949529	-12.1224014999	56391.4058225	r.MP9601
181463	1616702p	287	216.853190828	-12.1192120108	56391.4488268	r.MP9601
181463	1616716p	287	216.841336575	-12.1143389001	56391.5145317	r.MP9601
181463	1616717p	287	216.840622469	-12.1140453414	56391.5184898	r.MP9601
181463	1616718p	287	216.839922346	-12.1137575311	56391.5223704	r.MP9601
181463	1645164p	287	213.233712482	-11.2049147728	56506.262518	r.MP9601
181463	1645693p	287	213.93744497	-11.4709104607	56509.2632026	r.MP9601
181468	1657923p	287	13.8680265219	4.81736103725	56571.3835993	r.MP9601
181468	1657939p	287	13.8509119527	4.81398104395	56571.4479801	r.MP9601
181468	1657941p	287	13.8483477309	4.81347463025	56571.4576261	r.MP9601
181468	1657941p	287	13.8483477309	4.81347463025	56571.4576261	r.MP9601
181468	1657942p	287	13.8470126771	4.81321096757	56571.4626482	r.MP9601
181468	1658272p	287	13.0487817667	4.65542685633	56574.4730659	r.MP9601
181558	1645691p	287	213.779167856	-13.6794412992	56509.2553622	r.MP9601
181575	1626152p	287	211.034632652	-12.2452085799	56423.4221042	r.MP9601
181575	1626288p	287	210.853250895	-12.1519173873	56424.4237159	r.MP9601
181575	1645164p	287	213.358759274	-11.5266817782	56506.262518	r.MP9601
181575	1645693p	287	214.048738625	-11.7339212988	56509.2632026	r.MP9601
181599	1625356p	287	243.010328438	-12.6807749244	56420.4713937	r.MP9601
181599	1625367p	287	243.001525493	-12.6793747326	56420.5152258	r.MP9601
181599	1625378p	287	242.99272399	-12.6779747702	56420.5590507	r.MP9601
181599	1625661p	287	242.788253758	-12.6462619429	56421.5665804	r.MP9601
181599	1625936p	287	242.580961377	-12.6153100198	56422.5716721	r.MP9601
181599	1630537p	287	237.156262372	-12.1643716861	56447.3769883	r.MP9601
181599	1630866p	287	236.754841463	-12.1635833936	56449.3800434	r.MP9601
181614	1626154p	287	211.350312409	-10.5403498197	56423.4338894	r.MP9601
181614	1626290p	287	211.164491113	-10.4873383302	56424.4316509	r.MP9601
181614	1636122p	287	209.058169728	-10.5984542167	56479.2822956	r.MP9601
181614	1645163p	287	213.861261894	-12.6511974749	56506.2585179	r.MP9601
181614	1645695p	287	214.579755945	-12.9298989148	56509.2711127	r.MP9601
181749	1692663p	387	241.759690366	-14.3232029563	56722.6012844	r.MP9601
181749	1692837p	387	241.838511281	-14.3081032993	56723.575932	r.MP9601
181749	1704846p	287	239.296162481	-12.3244517579	56777.4169924	r.MP9601
181749	1704859p	287	239.287844489	-12.3219570731	56777.4683116	r.MP9601
181749	1704872p	287	239.279457505	-12.3194416966	56777.5200565	r.MP9601
181749	1705709p	287	238.445050957	-12.0803658447	56782.4663755	r.MP9601
181749	1705710p	287	238.444248604	-12.0801455162	56782.4709604	r.MP9601
181749	1705890p	287	238.279630652	-12.0352407844	56783.407751	r.MP9601
181749	1705905p	287	238.267816931	-12.0320458787	56783.4746211	r.MP9601
181749	1705920p	287	238.254380619	-12.0284121589	56783.5506757	r.MP9601
181749	1721426p	287	230.497477791	-10.7011835545	56829.3696019	r.MP9601
181749	1721436p	287	230.493136073	-10.7011619539	56829.4084829	r.MP9601
181749	1728596p	287	229.115192261	-11.245236027	56857.2938827	r.MP9601
181749	1728600p	287	229.115454766	-11.245859757	56857.3100369	r.MP9601
181760	1607616p	287	213.600789101	-12.1552043465	56331.5758074	r.MP9601
181760	1607616p	287	213.600789101	-12.1552043465	56331.5758074	r.MP9601
181760	1607630p	287	213.608873427	-12.1582025072	56331.6400537	r.MP9601
181760	1609158p	287	214.346149389	-12.4369893864	56338.5460308	r.MP9601
181760	1609292p	287	214.430018723	-12.4696555799	56339.527864	r.MP9601
181760	1609293p	287	214.430413411	-12.4698102818	56339.5326241	r.MP9601
181760	1609429p	287	214.512597831	-12.5022790654	56340.5604021	r.MP9601
181760	1609430p	287	214.512966238	-12.5024256361	56340.5651558	r.MP9601
181760	1611930p	287	214.940504586	-12.7495965918	56358.5376891	r.MP9601
181760	1611943p	287	214.93874776	-12.7494066648	56358.5946672	r.MP9601
181760	1612606p	287	214.764213827	-12.7203076695	56362.5473097	r.MP9601
181760	1615908p	287	211.797596027	-11.9467722003	56386.4218483	r.MP9601
181760	1615918p	287	211.790206378	-11.9447026489	56386.4623395	r.MP9601
181760	1615928p	287	211.782858313	-11.9426447433	56386.5026028	r.MP9601
181760	1615940p	287	211.774086564	-11.9401881193	56386.5506672	r.MP9601
181760	1616092p	287	211.589293449	-11.8883365747	56387.5531294	r.MP9601
181760	1616093p	287	211.588569827	-11.8881332251	56387.5570233	r.MP9601
181760	1616196p	287	211.393699774	-11.8332677777	56388.5949792	r.MP9601
181760	1616494p	287	211.050058189	-11.7357455525	56390.3834975	r.MP9601
181779	1630540p	287	238.056732221	-11.8082455215	56447.3890171	r.MP9601
181779	1630869p	287	237.638971713	-11.6448257357	56449.3924298	r.MP9601
181779	1751555p	287	21.2970486158	12.7041395234	56952.4248971	r.MP9601
181779	1751565p	287	21.2903955718	12.6959149373	56952.4643225	r.MP9601
181779	1751575p	287	21.2837420361	12.6876897434	56952.5037509	r.MP9601
181779	1751804p	387	21.1273264248	12.4933246976	56953.4360415	r.MP9601
181779	1752104p	387	20.7986344568	12.0763652357	56955.4411329	r.MP9601
181801	1646269p	287	11.3793401181	3.31513062811	56512.4798185	r.MP9601
181801	1646279p	287	11.3850176584	3.31808532145	56512.5186393	r.MP9601
181801	1651058p	287	12.5835928444	4.2772924053	56535.556939	r.MP9601
181801	1651168p	287	12.538567941	4.28135270698	56536.4427041	r.MP9601
181801	1651178p	287	12.5364263342	4.28147168514	56536.4816424	r.MP9601
181801	1651845p	287	12.2537816714	4.27001892068	56540.4221784	r.MP9601
181801	1651855p	287	12.2503320702	4.26966262384	56540.4610471	r.MP9601
181850	1667913p	387	24.6681856608	13.8503652466	56597.5104578	r.MP9601
181850	1671667p	387	20.8423935458	11.1622964394	56623.3512607	r.MP9601
181917	1686684p	387	215.001886232	-13.8132215834	56689.6377584	r.MP9601
181917	1686793p	387	215.183424382	-13.8769218769	56690.6356086	r.MP9601
181917	1691685p	287	218.038048562	-14.8850797143	56712.6128697	r.MP9601
181917	1691920p	287	218.108549564	-14.9113935156	56713.5959219	r.MP9601
181917	1692339p	287	218.287721119	-14.9804977987	56716.5438943	r.MP9601
181917	1698692p	287	216.565687042	-14.6028172713	56751.4390522	r.MP9601
181917	1698702p	287	216.559958084	-14.6011662747	56751.4786761	r.MP9601
181917	1698857p	387	216.400411775	-14.5553058596	56752.5642786	r.MP9601
181917	1698858p	387	216.399641286	-14.5550849001	56752.5694439	r.MP9601
181936	1646432p	287	24.1877590894	12.765044191	56513.4990909	r.MP9601
181936	1646443p	287	24.1952855365	12.7695672962	56513.5425127	r.MP9601
181936	1651342p	287	26.1385552559	14.4638133361	56537.4449432	r.MP9601
181936	1651353p	287	26.1377341068	14.4652771237	56537.4877857	r.MP9601
181936	1651497p	287	26.1147770149	14.4970768106	56538.4637524	r.MP9601
181936	1651509p	287	26.1134567531	14.4985135661	56538.5103499	r.MP9601
181936	1658262p	287	20.2124169192	13.4185639951	56574.408594	r.MP9601
181938	1698691p	287	218.392615277	-14.2156008352	56751.4351321	r.MP9601
181938	1698701p	287	218.387249273	-14.2125470119	56751.4743956	r.MP9601
181938	1698856p	387	218.236889793	-14.1275487002	56752.5592418	r.MP9601
181953	1691672p	287	213.146483257	-13.6713677121	56712.5623421	r.MP9601
181953	1691905p	287	213.150691546	-13.6939131441	56713.5319422	r.MP9601
181953	1692179p	287	213.142976595	-13.7375982768	56715.6428086	r.MP9601
181972	1657933p	287	16.2426406671	5.75330190608	56571.4246662	r.MP9601
181972	1658289p	287	15.5065145748	5.39591758358	56574.5427456	r.MP9601
181992	1691678p	287	215.010349833	-12.0375185657	56712.5856307	r.MP9601
181992	1691911p	287	215.023561059	-12.0051961833	56713.5552337	r.MP9601
181992	1692332p	287	215.035992972	-11.8953090414	56716.5166955	r.MP9601
182115	1757093p	387	21.7296384112	12.5004809899	56980.2332227	r.MP9601
182115	1757116p	387	21.7135122549	12.5010720976	56980.366222	r.MP9601
182115	1757541p	287	21.4995942717	12.511610559	56982.2147412	r.MP9601
182115	1757582p	287	21.4822732159	12.5128284458	56982.3771261	r.MP9601
182133	1729023p	287	15.5579530912	7.06568894088	56862.5885781	r.MP9601
182133	1734911p	287	16.5484874706	6.26496199127	56891.5720209	r.MP9601
182133	1734915p	387	16.5476113794	6.26359918283	56891.5932595	r.MP9601
182133	1736289p	287	16.2114483083	5.84323566729	56897.4347958	r.MP9601
182135	1735066p	287	24.1276239526	14.7874722611	56892.5486499	r.MP9601
182135	1735078p	287	24.1305547916	14.7889181416	56892.5955433	r.MP9601
182135	1735078p	287	24.1305547916	14.7889181416	56892.5955433	r.MP9601
182135	1736558p	287	24.387628154	14.9250434354	56899.4243989	r.MP9601
182135	1736587p	287	24.3889369008	14.9259761055	56899.532709	r.MP9601
182135	1741551p	287	23.2849294126	14.4728441623	56918.3715142	r.MP9601
182135	1741562p	287	23.2791618973	14.4702146714	56918.416166	r.MP9601
182135	1742013p	287	22.5421381169	14.1280879061	56923.4688936	r.MP9601
182139	1635444p	287	240.849340428	-12.8132366144	56475.3808197	r.MP9601
182139	1635787p	287	240.634983724	-12.8778154772	56477.3720622	r.MP9601
182155	1692655p	387	237.893973393	-13.4880420948	56722.5609732	r.MP9601
182155	1698713p	387	237.959505696	-11.9222199679	56751.5301531	r.MP9601
182155	1698716p	387	237.95817578	-11.9209364444	56751.54871	r.MP9601
182172	1751791p	287	13.9520648208	5.3816296626	56953.3718092	r.MP9601
182172	1757901p	287	10.966313819	3.49217056517	56985.2866514	r.MP9601
182172	1757989p	287	10.972974155	3.47992556629	56986.3129989	r.MP9601
182172	1769000p	287	12.663458975	3.93682985136	57008.3273043	r.MP9601
182175	1691676p	287	217.022342877	-12.9260210084	56712.5778631	r.MP9601
182175	1691909p	287	217.02260944	-12.9533887298	56713.547469	r.MP9601
182175	1698829p	387	213.140879475	-13.0239459204	56752.4024644	r.MP9601
182193	1716497p	287	230.722147195	-10.4776808306	56806.3664643	r.MP9601
182193	1716507p	287	230.715219641	-10.4749616037	56806.4053104	r.MP9601
182193	1716517p	287	230.708293868	-10.4722430761	56806.4441465	r.MP9601
182193	1716736p	287	230.525810391	-10.4008072668	56807.4740641	r.MP9601
182193	1716955p	287	230.365669098	-10.3385890799	56808.3903706	r.MP9601
182213	1722365p	287	12.6231186883	1.95945559525	56833.5966782	r.MP9601
182213	1722512p	287	13.0374852007	2.12249586023	56834.5955377	r.MP9601
182262	1728793p	287	13.9334412348	3.53766789333	56861.5597529	r.MP9601
182262	1729705p	287	14.3023859576	3.68028450899	56865.5440722	r.MP9601
182262	1736294p	287	14.0373005134	3.55379861098	56897.4542808	r.MP9601
182360	1607609p	287	211.406510114	-13.1294001496	56331.5486483	r.MP9601
182360	1607619p	287	211.409251156	-13.1294767456	56331.5880406	r.MP9601
182370	1616942p	287	242.151217609	-11.9586920975	56392.6052559	r.MP9601
182370	1617913p	287	241.291096403	-11.2185394311	56401.4640832	r.MP9601
182370	1617926p	287	241.284570669	-11.2139390824	56401.5169946	r.MP9601
182438	1728791p	287	15.1051945415	4.06681520343	56861.5519312	r.MP9601
182438	1729710p	287	15.7718664892	4.32961998954	56865.5639455	r.MP9601
182438	1734907p	287	17.8669420823	5.15432125011	56891.5565004	r.MP9601
182438	1734909p	287	17.8669226835	5.15432340554	56891.5642599	r.MP9601
182438	1736285p	287	17.7323521218	5.11205669546	56897.4184425	r.MP9601
182438	1736287p	287	17.7320093615	5.11194028628	56897.4262031	r.MP9601
182438	1736486p	287	17.6798854804	5.09425992598	56898.526843	r.MP9601
182438	1736506p	287	17.6754225723	5.09274790247	56898.6146379	r.MP9601
182486	1631353p	287	214.2514088	-12.1325794002	56455.3635298	r.MP9601
182486	1631364p	287	214.248339073	-12.1310445365	56455.4084526	r.MP9601
182486	1635777p	287	214.064676565	-11.8754871872	56477.3270224	r.MP9601
182486	1636138p	287	214.176676771	-11.9003879162	56479.3471037	r.MP9601
182486	1645482p	287	217.856202014	-12.9788263773	56508.2636027	r.MP9601
182486	1646182p	287	218.6341798	-13.2132709597	56512.2696122	r.MP9601
182615	1774991p	387	12.2823444737	4.14887763944	57040.2304544	r.MP9601
182668	1722368p	287	16.0717280059	3.34809997874	56833.6085575	r.MP9601
182668	1722895p	287	16.687019965	3.68613909633	56836.5873153	r.MP9601
182673	1611704p	287	214.753472155	-12.3040032924	56357.5098049	r.MP9601
182673	1611705p	287	214.753073655	-12.304148628	56357.5154308	r.MP9601
182673	1611927p	287	214.678694075	-12.3295079103	56358.5253236	r.MP9601
182673	1611940p	287	214.674492464	-12.3308548751	56358.5804267	r.MP9601
182673	1611953p	287	214.67035946	-12.3321798453	56358.63463	r.MP9601
182673	1612057p	287	214.600772089	-12.3529728523	56359.5083603	r.MP9601
182673	1612253p	287	214.514337862	-12.3758003585	56360.5241191	r.MP9601
182673	1612254p	287	214.513913877	-12.3759048477	56360.5289417	r.MP9601
182673	1612606p	287	214.324891784	-12.4171567701	56362.5473097	r.MP9601
182673	1615904p	287	210.537534508	-12.5055511468	56386.4058344	r.MP9601
182673	1615914p	287	210.529224388	-12.5051411809	56386.4457229	r.MP9601
182673	1615924p	287	210.520755796	-12.5047233971	56386.4863722	r.MP9601
182714	1756820p	387	46.3497230703	15.7632139993	56978.2764489	r.MP9601
182714	1756842p	387	46.3250426772	15.7553041975	56978.3851332	r.MP9601
182714	1756867p	387	46.2991922931	15.7470194261	56978.4989697	r.MP9601
182714	1757103p	500	45.8957933103	15.6180074719	56980.2874926	r.MP9601
182714	1757798p	500	44.996705373	15.3299839286	56984.4100732	r.MP9601
182737	1626168p	287	216.417088352	-13.0958127764	56423.4901268	r.MP9601
182737	1626304p	287	216.22727496	-12.9995160181	56424.493437	r.MP9601
182737	1631616p	287	212.089256885	-10.6965064164	56456.2819662	r.MP9601
182737	1631626p	287	212.086991819	-10.6948047991	56456.3225346	r.MP9601
182764	1728439p	287	241.58627912	-12.4827368242	56856.3690761	r.MP9601
182832	1686685p	387	216.309337859	-13.5800543227	56689.6428131	r.MP9601
182832	1686794p	387	216.473539317	-13.6971427438	56690.6406505	r.MP9601
182832	1686861p	387	216.624256928	-13.8069557128	56691.5852292	r.MP9601
182859	1691674p	287	213.911071287	-11.276492836	56712.5701027	r.MP9601
182859	1691907p	287	213.95155507	-11.2864860926	56713.5397039	r.MP9601
182859	1692181p	287	214.021224747	-11.3024062594	56715.6505969	r.MP9601
182893	1715377p	287	212.726024903	-13.8933786548	56799.3855021	r.MP9601
182922	1686923p	387	216.44326186	-12.8849474094	56692.6500809	r.MP9601
182922	1686924p	387	216.444040029	-12.8851419516	56692.6553866	r.MP9601
182922	1698320p	287	217.182583405	-12.4786649785	56744.4494839	r.MP9601
182922	1698330p	287	217.177842925	-12.4766884206	56744.4885807	r.MP9601
182922	1698832p	387	216.082217104	-12.0353832032	56752.4176058	r.MP9601
182937	1607610p	287	210.97655076	-11.6334800126	56331.5525242	r.MP9601
182937	1607620p	287	210.98287021	-11.6359859071	56331.5919182	r.MP9601
182937	1607621p	287	210.984107971	-11.6364767249	56331.5996341	r.MP9601
182939	1715408p	287	244.744691578	-13.7536536566	56799.5102602	r.MP9601
182939	1715886p	287	244.172880959	-13.6097695704	56802.4637032	r.MP9601
182939	1715888p	287	244.171158368	-13.6093506283	56802.4725749	r.MP9601
182939	1723208p	287	238.56006475	-12.7373603993	56838.4228798	r.MP9601
182939	1723389p	287	238.481838439	-12.7415084137	56839.3715145	r.MP9601
182939	1728434p	287	237.90729803	-13.0521481066	56856.3489476	r.MP9601
182939	1728435p	287	237.90735138	-13.0522677412	56856.3528276	r.MP9601
183009	1667563p	287	23.3721807715	12.2836188118	56595.4116628	r.MP9601
183009	1667590p	287	23.3537353086	12.2776778219	56595.4902935	r.MP9601
183009	1667909p	387	22.8932441602	12.1283581258	56597.4902292	r.MP9601
183009	1668256p	287	22.0424485153	11.8458635807	56601.4431093	r.MP9601
183009	1671670p	387	19.2439638902	10.8366134397	56623.3665397	r.MP9601
183009	1672402p	287	19.1202932359	10.7725244363	56630.3626569	r.MP9601
183009	1681847p	387	21.6554911907	11.6354037839	56656.3220161	r.MP9601
183009	1681945p	287	22.1908356759	11.8245859686	56659.2337784	r.MP9601
183009	1681957p	287	22.1999020657	11.8278043408	56659.2808765	r.MP9601
183009	1681973p	387	22.2155605898	11.8333627779	56659.3622195	r.MP9601
183009	1682234p	387	22.3861743843	11.8938650688	56660.2417232	r.MP9601
183068	1667736p	287	16.1813105993	5.73886611637	56596.2663076	r.MP9601
183068	1667747p	287	16.174090123	5.73716648163	56596.3090956	r.MP9601
183068	1667758p	287	16.1668802555	5.7354693441	56596.3518207	r.MP9601
183068	1667867p	287	16.009904671	5.69890140382	56597.2928943	r.MP9601
183068	1667896p	387	15.988629698	5.69406452963	56597.4238172	r.MP9601
183068	1668260p	287	15.3890501102	5.56592504724	56601.4588154	r.MP9601
183068	1671922p	287	14.4642917268	5.81256989611	56625.3210155	r.MP9601
183068	1671923p	287	14.4646883158	5.81289368133	56625.3279127	r.MP9601
183081	1645762p	287	14.3292545886	2.82386700972	56509.5086909	r.MP9601
183081	1645775p	287	14.3387300273	2.82543515414	56509.5619486	r.MP9601
183081	1646271p	287	14.8313583478	2.89822060975	56512.4875917	r.MP9601
183081	1646281p	287	14.8375357438	2.89900760785	56512.5264026	r.MP9601
183197	1645240p	287	16.6688134743	3.95139273797	56506.5241012	r.MP9601
183197	1645251p	287	16.675201661	3.95582947301	56506.5668078	r.MP9601
183197	1651682p	287	17.5367549146	6.22625681612	56539.4431977	r.MP9601
183197	1651699p	287	17.5286745451	6.22862788982	56539.5180737	r.MP9601
183224	1646435p	287	25.9137234871	13.5512571563	56513.511445	r.MP9601
183224	1646446p	287	25.922176766	13.5533571288	56513.5541563	r.MP9601
183269	1645240p	287	16.924885602	3.92866001062	56506.5241012	r.MP9601
183269	1645251p	287	16.9342810409	3.93194604166	56506.5668078	r.MP9601
183269	1657924p	287	15.0809752834	3.20476169175	56571.3878426	r.MP9601
183269	1657925p	287	15.0797796482	3.20440314936	56571.3931763	r.MP9601
183269	1657940p	287	15.0663927495	3.20038873859	56571.4528948	r.MP9601
183269	1657940p	287	15.0663927495	3.20038873859	56571.4528948	r.MP9601
183269	1657943p	287	15.0633094942	3.19946414408	56571.4666491	r.MP9601
183269	1657945p	287	15.061221527	3.19883801264	56571.4759634	r.MP9601
183269	1658283p	287	14.3798205796	2.99864646871	56574.5166927	r.MP9601
183269	1671655p	287	10.0418538437	2.91764555624	56623.296317	r.MP9601
183269	1671665p	287	10.0463043304	2.9210492474	56623.3425558	r.MP9601
183269	1672596p	287	11.0212208054	3.58153737298	56631.2368663	r.MP9601
183362	1729024p	287	12.5343527594	2.42072353622	56862.592458	r.MP9601
183362	1729707p	287	12.8304500555	2.56390785	56865.5519288	r.MP9601
183362	1736298p	287	12.8382153134	2.94639062113	56897.4698044	r.MP9601
183407	1616937p	287	240.981359568	-13.3353685784	56392.5849879	r.MP9601
183407	1617909p	287	239.862806873	-12.929102765	56401.4464165	r.MP9601
183407	1617922p	287	239.854649861	-12.9264822209	56401.500948	r.MP9601
183407	1625233p	287	236.491507796	-12.0287965167	56419.4320254	r.MP9601
183407	1625243p	287	236.481859602	-12.0265992817	56419.4762156	r.MP9601
183407	1625253p	287	236.473077142	-12.024599205	56419.5164406	r.MP9601
183407	1625623p	287	236.041300953	-11.9276921227	56421.4763184	r.MP9601
183444	1631615p	287	211.327677784	-11.5157944384	56456.2779393	r.MP9601
183444	1631625p	287	211.325824156	-11.5176480659	56456.318382	r.MP9601
183444	1635769p	287	211.67185616	-12.812974254	56477.2949723	r.MP9601
183444	1636127p	287	211.837815217	-12.9695954891	56479.3026006	r.MP9601
183473	1616943p	287	243.10986526	-13.6738449493	56392.6092655	r.MP9601
183473	1617914p	287	242.180832862	-13.3463684031	56401.4681565	r.MP9601
183473	1617927p	287	242.173915587	-13.3443269991	56401.5210274	r.MP9601
183473	1625629p	287	238.628010321	-12.5576186911	56421.5005386	r.MP9601
183473	1625904p	287	238.412515615	-12.5202739809	56422.5076793	r.MP9601
183506	1691683p	287	217.812155339	-14.7292397467	56712.605107	r.MP9601
183506	1691918p	287	217.838870583	-14.7745715818	56713.5881567	r.MP9601
183506	1692337p	287	217.887190916	-14.9028932486	56716.5361046	r.MP9601
183542	1645490p	287	243.916906377	-11.5928329916	56508.2968476	r.MP9601
183542	1646363p	287	244.189810147	-11.822751442	56513.2623154	r.MP9601
183634	1722364p	287	13.6551451949	4.53799876731	56833.5927872	r.MP9601
183634	1722511p	287	14.0030964338	4.66830266267	56834.5916444	r.MP9601
183634	1752368p	287	22.5333105311	5.64886648535	56957.3793485	r.MP9601
183635	1645487p	287	220.235420161	-14.0191124323	56508.2839336	r.MP9601
183635	1645487p	287	220.235420161	-14.0191124323	56508.2839336	r.MP9601
183719	1650810p	287	15.6457196193	3.12359584326	56534.4279005	r.MP9601
183719	1651027p	287	15.5454113784	3.08585578939	56535.4320508	r.MP9601
183719	1651038p	287	15.5409278311	3.08416997562	56535.4750928	r.MP9601
183760	1722515p	287	15.6765326454	3.30850215638	56834.6072198	r.MP9601
183794	1645236p	287	14.9361417773	4.76633920593	56506.5085536	r.MP9601
183794	1645247p	287	14.9387236078	4.7674787725	56506.5512873	r.MP9601
183794	1650808p	287	14.2326987971	4.5820132683	56534.4200832	r.MP9601
183794	1651025p	287	14.1149999823	4.53995401665	56535.4241381	r.MP9601
183794	1651036p	287	14.1097844467	4.53808361766	56535.4673011	r.MP9601
183794	1651842p	287	13.4383223776	4.29586763095	56540.4105408	r.MP9601
183794	1651852p	287	13.4324534699	4.29374426121	56540.4493434	r.MP9601
183839	1645244p	287	17.5057581368	5.64618516667	56506.5396484	r.MP9601
183839	1645255p	287	17.5088171137	5.64731153412	56506.5823318	r.MP9601
183839	1650818p	287	17.1505305536	5.45627629246	56534.4616805	r.MP9601
183839	1650819p	287	17.1500581025	5.45608627081	56534.4663659	r.MP9601
183839	1650820p	287	17.1495833115	5.45589530804	56534.4710746	r.MP9601
183839	1650821p	287	17.1491028151	5.45570205053	56534.4758398	r.MP9601
183839	1651034p	287	17.0468524383	5.41453224902	56535.4595122	r.MP9601
183839	1651050p	287	17.0398014444	5.41168998793	56535.5251028	r.MP9601
183839	1651678p	287	16.5726899517	5.22505184202	56539.427584	r.MP9601
183839	1651689p	287	16.567019316	5.22279789848	56539.4705162	r.MP9601
183839	1651691p	287	16.5658926157	5.22235006176	56539.4790464	r.MP9601
183839	1651694p	287	16.5635775469	5.22142987669	56539.4965738	r.MP9601
183839	1651695p	287	16.5628018322	5.22112154844	56539.5024467	r.MP9601
183839	1651700p	287	16.5600822768	5.2200405895	56539.5230364	r.MP9601
183839	1656885p	287	11.7832103252	3.3678418	56564.3492798	r.MP9601
183839	1656895p	287	11.7741162699	3.36438972683	56564.3881156	r.MP9601
183839	1656906p	287	11.7638563786	3.36049510615	56564.4319301	r.MP9601
183839	1657651p	287	10.3626655846	2.83043720287	56570.3595828	r.MP9601
183927	1757795p	500	45.9496504799	15.6427756564	56984.3910349	r.MP9601
184029	1672749p	387	12.95171169	2.09973661472	56632.2262243	r.MP9601
184029	1672750p	387	12.9517683268	2.09991002123	56632.2312587	r.MP9601
184029	1672754p	387	12.9519660232	2.10051531371	56632.2488317	r.MP9601
184029	1672758p	387	12.9523602771	2.10172241215	56632.2838765	r.MP9601
184029	1672759p	387	12.9524169182	2.10189583196	56632.2889113	r.MP9601
184029	1672780p	387	12.9530242921	2.10375544584	56632.3429	r.MP9601
184029	1672810p	387	12.9536267883	2.10560012535	56632.3964553	r.MP9601
184032	1729480p	287	25.96450278	13.3949807751	56864.5138912	r.MP9601
184032	1729491p	287	25.9733353796	13.3962185407	56864.5571529	r.MP9601
184032	1729502p	287	25.9821750122	13.397457292	56864.600449	r.MP9601
184032	1752198p	287	22.2508008036	5.38952028204	56956.4360134	r.MP9601
184032	1752368p	287	22.0742457918	5.25399838883	56957.3793485	r.MP9601
184038	1645762p	287	14.9687369839	3.66366905042	56509.5086909	r.MP9601
184038	1645775p	287	14.9724872161	3.66402410198	56509.5619486	r.MP9601
184038	1651062p	287	14.6449361858	2.92456341913	56535.5726829	r.MP9601
184038	1651172p	287	14.5548031903	2.86733361401	56536.4582236	r.MP9601
184038	1651184p	287	14.5497737495	2.86418023444	56536.506123	r.MP9601
184119	1775266p	387	18.6110245206	11.4511737029	57041.2325025	r.MP9601
184119	1775275p	387	18.6212313988	11.4528396089	57041.2786353	r.MP9601
184119	1778890p	287	20.7175169566	11.8361742692	57050.2303205	r.MP9601
184235	1691673p	287	213.671931511	-13.0054773149	56712.5662232	r.MP9601
184235	1691906p	287	213.697085837	-13.0337927222	56713.5358216	r.MP9601
184235	1692180p	287	213.733916961	-13.0902357801	56715.6466902	r.MP9601
184298	1752118p	387	26.9016986195	14.3784563686	56955.5125606	r.MP9601
184298	1757093p	387	21.6952389055	12.2519615999	56980.2332227	r.MP9601
184298	1757116p	387	21.6751781888	12.2424669328	56980.366222	r.MP9601
184298	1757541p	287	21.4052941336	12.1138979525	56982.2147412	r.MP9601
184298	1757582p	287	21.3828308893	12.1029820787	56982.3771261	r.MP9601
184308	1691672p	287	213.006945559	-13.4676548027	56712.5623421	r.MP9601
184308	1691905p	287	213.050080925	-13.4753607098	56713.5319422	r.MP9601
184308	1692179p	287	213.123064082	-13.484761797	56715.6428086	r.MP9601
184315	1607611p	287	211.285969489	-10.590326095	56331.5564046	r.MP9601
184315	1607622p	287	211.290963572	-10.5912960744	56331.6035928	r.MP9601
184315	1729011p	287	16.5074462387	5.57412128156	56862.5414084	r.MP9601
184315	1729714p	287	17.3186266646	5.82304297188	56865.57991	r.MP9601
184315	1752344p	287	13.6662503566	2.1346451982	56957.2777755	r.MP9601
184315	1768984p	287	14.7733673543	3.41365650282	57008.2469563	r.MP9601
184315	1768989p	287	14.7771876566	3.41560764437	57008.2666317	r.MP9601
184405	1615941p	287	216.463930968	-12.2045322764	56386.5547352	r.MP9601
184405	1616323p	287	215.975678388	-12.000515816	56389.4149926	r.MP9601
184405	1616334p	287	215.967928349	-11.9973185452	56389.4587576	r.MP9601
184405	1616510p	287	215.791184238	-11.9244736956	56390.4473683	r.MP9601
184405	1616521p	287	215.783010646	-11.9211088375	56390.4925679	r.MP9601
184405	1616688p	287	215.618690105	-11.8535651714	56391.3939904	r.MP9601
184405	1616699p	287	215.610733892	-11.8503010838	56391.4371915	r.MP9601
184405	1616710p	287	215.60274152	-11.8470221621	56391.480589	r.MP9601
184406	1667862p	287	15.6919675389	3.29395028801	56597.2729418	r.MP9601
184406	1667891p	387	15.6685959442	3.28556851076	56597.3981467	r.MP9601
184406	1671656p	287	12.7049934725	2.43100065275	56623.3001958	r.MP9601
184406	1671666p	287	12.7034521251	2.43115478749	56623.3464362	r.MP9601
184406	1671893p	287	12.6502525434	2.4412710361	56625.2121203	r.MP9601
184406	1672201p	287	12.6115287267	2.49494201462	56629.222412	r.MP9601
184406	1672201p	287	12.6115287267	2.49494201462	56629.222412	r.MP9601
184406	1672371p	287	12.6180098446	2.5155306253	56630.2393703	r.MP9601
184406	1672383p	287	12.618523832	2.51657177944	56630.2868153	r.MP9601
184406	1672617p	387	12.6321902535	2.54081868668	56631.3477222	r.MP9601
184406	1672618p	387	12.6322762599	2.54094315114	56631.3527567	r.MP9601
184406	1672749p	387	12.6485176402	2.56310277257	56632.2262243	r.MP9601
184406	1672750p	387	12.6486330114	2.56323981965	56632.2312587	r.MP9601
184406	1672754p	387	12.6490357262	2.56371819596	56632.2488317	r.MP9601
184406	1672758p	387	12.649838836	2.56467219312	56632.2838765	r.MP9601
184406	1672759p	387	12.6499542162	2.56480925071	56632.2889113	r.MP9601
184406	1672780p	387	12.6511914593	2.56627894555	56632.3429	r.MP9601
184406	1672810p	387	12.6524187662	2.56773683742	56632.3964553	r.MP9601
184505	1672382p	287	15.40118483	5.77171123426	56630.2829213	r.MP9601
184505	1672395p	287	15.4024022403	5.77310256037	56630.335096	r.MP9601
184505	1672602p	287	15.4257445089	5.79844373547	56631.2609281	r.MP9601
184523	1691930p	387	241.617289368	-12.7557759705	56713.646739	r.MP9601
184541	1635763p	287	209.692949238	-11.8155125779	56477.2711645	r.MP9601
184541	1636121p	287	209.95175535	-11.8742383888	56479.2780879	r.MP9601
184541	1645169p	287	215.586391753	-13.4298696828	56506.2825644	r.MP9601
184541	1645824p	287	216.715678091	-13.7534350745	56510.2636753	r.MP9601
184541	1645956p	287	217.009975515	-13.8373739568	56511.263223	r.MP9601
184541	1646175p	287	217.30225184	-13.9207662701	56512.2419371	r.MP9601
184541	1646179p	287	217.307033706	-13.9221249794	56512.2577668	r.MP9601
184541	1729252p	287	23.7835570508	12.7710617637	56863.5009798	r.MP9601
184541	1729262p	287	23.7925394253	12.7746568989	56863.5403187	r.MP9601
184541	1729272p	287	23.8020732721	12.7784727573	56863.5820727	r.MP9601
184541	1735257p	287	28.1060252987	14.4693208987	56893.4781096	r.MP9601
184541	1735273p	287	28.1094055707	14.4706030709	56893.5480463	r.MP9601
184541	1736566p	287	28.2683103442	14.5280081048	56899.4572943	r.MP9601
184541	1736595p	287	28.2688876	14.5281265162	56899.5638646	r.MP9601
184541	1741578p	287	27.082121967	14.014381516	56918.4785253	r.MP9601
184541	1741589p	287	27.0766561299	14.0120195147	56918.521255	r.MP9601
184541	1742023p	287	26.3633428138	13.7009829994	56923.5078763	r.MP9601
184541	1751557p	287	20.5149875289	10.9260520331	56952.4331935	r.MP9601
184541	1751567p	287	20.5067526337	10.9218222665	56952.4726421	r.MP9601
184541	1751577p	287	20.4986346473	10.9176525489	56952.5115306	r.MP9601
184541	1751803p	387	20.3079635668	10.8191904722	56953.4309462	r.MP9601
184639	1691902p	287	212.651048893	-14.3012674652	56713.5200542	r.MP9601
184639	1691913p	387	212.650072167	-14.3019717709	56713.5678939	r.MP9601
184639	1691923p	387	212.649219901	-14.3025863299	56713.6096375	r.MP9601
184639	1692176p	287	212.597319126	-14.3287508954	56715.6310291	r.MP9601
184641	1625238p	287	238.341738362	-13.6149304497	56419.4519252	r.MP9601
184641	1625248p	287	238.332865618	-13.6126969236	56419.4961048	r.MP9601
184641	1625258p	287	238.324793894	-13.6106650374	56419.536296	r.MP9601
184658	1691680p	287	218.17260125	-13.5937603819	56712.5934583	r.MP9601
184658	1691915p	287	218.179788791	-13.5870659477	56713.5763922	r.MP9601
184658	1692334p	287	218.173744349	-13.5581801172	56716.5244553	r.MP9601
184658	1692336p	287	218.173676388	-13.5580873446	56716.5322223	r.MP9601
184658	1698321p	287	216.160454121	-12.6573824457	56744.4533869	r.MP9601
184658	1698331p	287	216.155356255	-12.65538456	56744.492476	r.MP9601
184658	1698332p	287	216.15464169	-12.6551045176	56744.4979551	r.MP9601
184661	1716496p	287	230.117225183	-12.2064288061	56806.3625843	r.MP9601
184661	1716506p	287	230.110588953	-12.2040224984	56806.4014305	r.MP9601
184661	1716516p	287	230.103954267	-12.2016167506	56806.4402677	r.MP9601
184661	1716737p	287	229.927679469	-12.1380019878	56807.4779488	r.MP9601
184661	1716956p	287	229.774197093	-12.0829506049	56808.3942889	r.MP9601
184665	1607779p	287	214.678120786	-12.8331127777	56332.5626729	r.MP9601
184665	1616200p	287	213.082437315	-11.4651978385	56388.6109386	r.MP9601
184665	1616501p	287	212.764207093	-11.3311075042	56390.4118124	r.MP9601
184677	1715390p	287	216.512763702	-11.9738408406	56799.4381615	r.MP9601
184677	1716267p	287	215.660418059	-11.7171207517	56805.3855695	r.MP9601
184678	1607613p	287	212.075167736	-11.9619331124	56331.5641669	r.MP9601
184678	1607624p	287	212.080932798	-11.9641785252	56331.6137588	r.MP9601
184678	1607625p	287	212.081506559	-11.9644019971	56331.6186944	r.MP9601
184678	1607626p	287	212.082074857	-11.9646233415	56331.623583	r.MP9601
184686	1645170p	287	215.705727967	-11.7748342964	56506.2865687	r.MP9601
184686	1645957p	287	216.867349779	-12.2065486015	56511.2674218	r.MP9601
184706	1722736p	287	17.6138409628	5.09115958589	56835.5978274	r.MP9601
184706	1722899p	287	17.9171937543	5.22242816631	56836.6028601	r.MP9601
184710	1607611p	287	211.013733165	-10.5595028709	56331.5564046	r.MP9601
184710	1607622p	287	211.020516466	-10.5593193613	56331.6035928	r.MP9601
184748	1705080p	287	241.578987495	-13.7889140844	56778.413836	r.MP9601
184748	1705093p	287	241.57088854	-13.7846717748	56778.4652579	r.MP9601
184748	1705107p	287	241.561649906	-13.7798324906	56778.5239159	r.MP9601
184748	1705565p	287	241.092297812	-13.5414796814	56781.4116549	r.MP9601
184748	1705578p	287	241.083833753	-13.53729678	56781.4621866	r.MP9601
184748	1705591p	287	241.075343007	-13.5331006903	56781.5128776	r.MP9601
184748	1715400p	287	237.760684447	-12.1020432755	56799.4779027	r.MP9601
184764	1756647p	500	10.9317359954	-1.76209774305	56977.3664236	r.MP9601
184764	1756648p	500	10.9313759259	-1.76244722222	56977.3727778	r.MP9601
184764	1756649p	500	10.9310165123	-1.76279606482	56977.3791204	r.MP9601
184764	1757677p	500	10.6940879147	-2.02723074202	56983.1922454	r.MP9601
184764	1757678p	500	10.69394606	-2.02745378408	56983.198669	r.MP9601
184793	1645487p	287	219.568608048	-14.4458117928	56508.2839336	r.MP9601
184812	1631617p	287	212.717533389	-13.0330840922	56456.2861755	r.MP9601
184812	1631627p	287	212.715240942	-13.0321064311	56456.3266304	r.MP9601
184812	1635772p	287	212.721017201	-12.9450403296	56477.3075455	r.MP9601
184812	1636130p	287	212.844748716	-12.9806632263	56479.3153185	r.MP9601
184812	1645171p	287	216.348761507	-14.0780228397	56506.2905269	r.MP9601
184812	1645823p	287	217.120958209	-14.3196863063	56510.2593423	r.MP9601
184812	1645958p	287	217.327354297	-14.3838083681	56511.2714724	r.MP9601
184875	1722515p	287	15.5156656371	3.29847327119	56834.6072198	r.MP9601
184879	1774991p	387	12.539535766	3.97971210956	57040.2304544	r.MP9601
184914	1631358p	287	216.074850267	-14.4187479435	56455.3835801	r.MP9601
184914	1631369p	287	216.071560518	-14.4183676257	56455.4292182	r.MP9601
184924	1704851p	287	239.486343347	-13.8753035925	56777.4364421	r.MP9601
184924	1704864p	287	239.478027794	-13.8723678531	56777.4877463	r.MP9601
184924	1704877p	287	239.469640972	-13.8694069526	56777.5394901	r.MP9601
184924	1705715p	287	238.630473111	-13.5852187922	56782.4914055	r.MP9601
184924	1705894p	287	238.465131428	-13.5314816716	56783.4235072	r.MP9601
184924	1705896p	287	238.462292424	-13.5305684254	56783.4393897	r.MP9601
184924	1705909p	287	238.453203858	-13.5276448309	56783.4902348	r.MP9601
184924	1705924p	287	238.439606405	-13.5232708248	56783.5663045	r.MP9601
184924	1716714p	287	233.920066341	-12.2671827277	56807.3933049	r.MP9601
184924	1716968p	287	233.729511335	-12.2221997478	56808.4319014	r.MP9601
184924	1716976p	287	233.723799673	-12.2208696347	56808.4631981	r.MP9601
184924	1717105p	287	233.568054424	-12.1847116967	56809.3202526	r.MP9601
184924	1717116p	287	233.560289849	-12.1829184922	56809.3632895	r.MP9601
184924	1717127p	287	233.552543986	-12.1811296094	56809.4062227	r.MP9601
184924	1721425p	287	230.553592136	-11.6165126126	56829.3657207	r.MP9601
184924	1721435p	287	230.549234275	-11.6159942053	56829.4046013	r.MP9601
184932	1715410p	287	242.139593288	-14.4829316869	56799.5180243	r.MP9601
184932	1715889p	287	241.524424557	-14.4877261381	56802.4767621	r.MP9601
184991	1631352p	287	214.183772391	-13.8863969277	56455.359504	r.MP9601
184991	1631363p	287	214.1802376	-13.8846638202	56455.4043903	r.MP9601
184991	1635778p	287	214.183584497	-13.6408903151	56477.3312317	r.MP9601
184991	1636136p	287	214.352899901	-13.6783658896	56479.3391845	r.MP9601
184991	1645486p	287	219.529533573	-15.1163667346	56508.2800009	r.MP9601
184999	1756820p	387	46.565139737	16.2399593749	56978.2764489	r.MP9601
184999	1756842p	387	46.5404593439	16.2306608293	56978.3851332	r.MP9601
184999	1756867p	387	46.5146089598	16.2209214797	56978.4989697	r.MP9601
184999	1757103p	500	46.1128193428	16.0692158952	56980.2874926	r.MP9601
184999	1757798p	500	45.2260848751	15.7319803173	56984.4100732	r.MP9601
185070	1686686p	387	216.78540666	-14.7232378784	56689.647863	r.MP9601
185070	1686795p	387	216.952500053	-14.7863707627	56690.645729	r.MP9601
185070	1686862p	387	217.106676428	-14.8446829567	56691.5902666	r.MP9601
185075	1778099p	387	25.9565019474	16.687692715	57046.2827095	r.MP9601
185075	1778108p	387	25.9690058186	16.6903981105	57046.3321482	r.MP9601
185075	1778109p	387	25.9705955263	16.690742067	57046.3384337	r.MP9601
185143	1607616p	287	213.914727249	-12.1337455143	56331.5758074	r.MP9601
185143	1607630p	287	213.921205417	-12.1333885904	56331.6400537	r.MP9601
185165	1768983p	287	16.895736504	2.89927223684	57008.2430404	r.MP9601
185202	1774676p	387	10.0577641068	3.39862182212	57039.2538797	r.MP9601
185202	1774677p	387	10.0589307854	3.39927374797	57039.2589707	r.MP9601
185204	1715377p	287	212.673305255	-13.9999194561	56799.3855021	r.MP9601
185313	1658159p	287	25.1447163423	13.963755997	56573.5248458	r.MP9601
185313	1667550p	287	19.4602499861	12.8228433435	56595.3611786	r.MP9601
185313	1667560p	287	19.4509135308	12.8206103611	56595.400013	r.MP9601
185313	1667877p	287	18.9936911398	12.710112072	56597.3329879	r.MP9601
185313	1667905p	387	18.9619534658	12.7023869547	56597.469985	r.MP9601
185358	1658153p	287	23.8921044753	12.9597297174	56573.4999151	r.MP9601
185367	1735254p	287	26.5291032673	13.6041706099	56893.4616377	r.MP9601
185367	1735270p	287	26.5296285607	13.6071163732	56893.5357968	r.MP9601
185367	1736562p	287	26.445423641	13.7966296092	56899.4416658	r.MP9601
185367	1736591p	287	26.4416009991	13.7992373029	56899.5483442	r.MP9601
185367	1741570p	287	24.5113609032	13.781248443	56918.4474274	r.MP9601
185367	1741581p	287	24.5043242845	13.7801202088	56918.4901816	r.MP9601
185367	1742009p	287	23.6193251691	13.6159992758	56923.4503679	r.MP9601
185367	1775266p	387	19.2961975029	11.7972432744	57041.2325025	r.MP9601
185367	1775275p	387	19.3075961447	11.8012158196	57041.2786353	r.MP9601
185367	1778893p	287	21.6410020273	12.6135719663	57050.2437764	r.MP9601
185406	1778496p	387	215.339705842	-12.7962681155	57048.6327179	r.MP9601
185439	1616937p	287	240.716032085	-13.6162810076	56392.5849879	r.MP9601
185439	1617943p	287	239.836179464	-13.2551013556	56401.5858505	r.MP9601
185439	1625232p	287	236.807911762	-12.4690715435	56419.4280158	r.MP9601
185439	1625242p	287	236.798825217	-12.4671669939	56419.4722505	r.MP9601
185439	1625252p	287	236.790563503	-12.4654353296	56419.5124698	r.MP9601
185439	1625622p	287	236.38250878	-12.3820032955	56421.4722904	r.MP9601
185439	1625897p	287	236.169089637	-12.3398632606	56422.4798138	r.MP9601
185454	1715384p	287	215.710822043	-11.7774007733	56799.4134056	r.MP9601
185454	1716268p	287	214.83716907	-11.5577900591	56805.3894558	r.MP9601
185499	1778493p	387	215.723287353	-13.6105868996	57048.6174421	r.MP9601
185507	1631611p	287	211.011303221	-12.840442474	56456.2616294	r.MP9601
185507	1631621p	287	211.009314212	-12.8395659617	56456.3020838	r.MP9601
185507	1635769p	287	211.257512583	-12.84333551	56477.2949723	r.MP9601
185507	1636127p	287	211.410381213	-12.8899553477	56479.3026006	r.MP9601
185507	1645168p	287	215.305211144	-14.1395359202	56506.2784819	r.MP9601
185507	1645697p	287	215.92298505	-14.3362752222	56509.2793008	r.MP9601
185507	1645955p	287	216.348065011	-14.4707079905	56511.259232	r.MP9601
185533	1716149p	387	192.135172099	-3.57316834491	56804.3828299	r.MP9601
185533	1716150p	387	192.135048044	-3.57315152392	56804.3878762	r.MP9601
185533	1716151p	387	192.134924274	-3.57313474151	56804.3929109	r.MP9601
185533	1716947p	387	192.079407301	-3.57820412809	56808.3556192	r.MP9601
185533	1716948p	387	192.079398891	-3.57823777006	56808.3606655	r.MP9601
185533	1716949p	387	192.079390403	-3.57827172068	56808.3657581	r.MP9601
185568	1756822p	387	45.0507496691	14.2893842755	56978.2865738	r.MP9601
185568	1756844p	387	45.025096148	14.2817698029	56978.395352	r.MP9601
185568	1756869p	387	44.9982593719	14.2738041167	56978.5091475	r.MP9601
185568	1757108p	500	44.5759685405	14.1489902817	56980.3194855	r.MP9601
185568	1757800p	500	43.6592785433	13.8833301353	56984.4227796	r.MP9601
185576	1729010p	287	15.830270072	4.5821817823	56862.5375283	r.MP9601
185576	1729711p	287	16.2845209461	4.70332947498	56865.5680766	r.MP9601
185576	1734907p	287	18.1339277052	4.83058998851	56891.5565004	r.MP9601
185576	1736285p	287	17.9703662957	4.61327607455	56897.4184425	r.MP9601
185576	1736287p	287	17.969994433	4.61292469131	56897.4262031	r.MP9601
185576	1774684p	387	15.1736564182	4.00017955114	57039.2979699	r.MP9601
185628	1645691p	287	213.433249371	-13.9617503093	56509.2553622	r.MP9601
185656	1631355p	287	215.045721791	-13.3898425718	56455.3715311	r.MP9601
185656	1631366p	287	215.043790653	-13.3869302405	56455.4165285	r.MP9601
185656	1636120p	287	215.616450699	-12.5301664039	56479.2741091	r.MP9601
185656	1636323p	287	215.710783085	-12.5230512032	56480.3007834	r.MP9601
185656	1645488p	287	220.18476212	-13.0890197466	56508.287888	r.MP9601
185700	1729478p	287	24.7271831267	13.9023540712	56864.5059945	r.MP9601
185700	1729489p	287	24.7354452346	13.905319029	56864.5493842	r.MP9601
185700	1729500p	287	24.7436698564	13.9082705344	56864.5925769	r.MP9601
185700	1735258p	287	28.24193536	15.0283671579	56893.481989	r.MP9601
185700	1735274p	287	28.2449368128	15.0287751223	56893.5519257	r.MP9601
185700	1741578p	287	27.3807134415	14.3428580137	56918.4785253	r.MP9601
185700	1741589p	287	27.3759775697	14.340211148	56918.521255	r.MP9601
185700	1742024p	287	26.7535827108	13.9982826423	56923.511787	r.MP9601
185700	1751803p	387	21.2109585579	10.9078168581	56953.4309462	r.MP9601
185721	1645759p	287	11.457495881	2.34841626082	56509.4970527	r.MP9601
185721	1645772p	287	11.4613334179	2.35193585148	56509.5502902	r.MP9601
185721	1646269p	287	11.6420906967	2.53643360316	56512.4798185	r.MP9601
185721	1646279p	287	11.6440802621	2.53875206691	56512.5186393	r.MP9601
185721	1651060p	287	10.8338945354	3.30067454664	56535.5649258	r.MP9601
185754	1626168p	287	216.381706068	-13.3854203904	56423.4901268	r.MP9601
185754	1626304p	287	216.166816769	-13.3712022636	56424.493437	r.MP9601
185834	1667915p	387	25.2103212259	12.8936856917	56597.520566	r.MP9601
185834	1671667p	387	20.795729675	11.1064005524	56623.3512607	r.MP9601
185834	1672211p	287	20.3181909825	10.8731070818	56629.2940392	r.MP9601
185834	1672396p	287	20.2576057738	10.8406646318	56630.3391174	r.MP9601
185834	1681663p	387	20.8264671276	10.8417598892	56655.2339962	r.MP9601
185938	1715414p	287	241.065233824	-13.6395529891	56799.5335627	r.MP9601
185938	1715419p	287	241.061421227	-13.6377240476	56799.5534545	r.MP9601
185938	1715893p	287	240.499491619	-13.3707828246	56802.492823	r.MP9601
186023	1734910p	287	17.830529474	6.20064962736	56891.5681404	r.MP9601
186023	1734914p	387	17.8309310635	6.19789427744	56891.5882198	r.MP9601
186023	1736287p	287	17.8408132811	5.32514543646	56897.4262031	r.MP9601
186023	1736486p	287	17.8191765144	5.1447077448	56898.526843	r.MP9601
186023	1736506p	287	17.8171645476	5.13012403422	56898.6146379	r.MP9601
186044	1729257p	287	22.9745403026	13.841499575	56863.5207224	r.MP9601
186044	1729267p	287	22.9873833555	13.8433894455	56863.5622073	r.MP9601
186044	1729277p	287	23.0002924977	13.8452890411	56863.6039058	r.MP9601
186050	1626155p	287	212.081541797	-12.6124344152	56423.4378655	r.MP9601
186050	1626291p	287	211.883723765	-12.5759348219	56424.4356511	r.MP9601
186067	1729721p	287	18.8566491933	7.51014972238	56865.6073158	r.MP9601
186108	1645170p	287	215.741544991	-12.1930034405	56506.2865687	r.MP9601
186108	1645957p	287	216.460394189	-12.5934511847	56511.2674218	r.MP9601
186333	1728418p	287	215.753267842	-12.0654730422	56856.3051189	r.MP9601
186338	1722440p	287	214.750416336	-12.0459997354	56834.3249802	r.MP9601
186338	1728418p	287	216.282412339	-12.7266306168	56856.3051189	r.MP9601
186369	1691927p	387	240.287605789	-14.6220218716	56713.6303013	r.MP9601
186369	1704850p	287	239.789990598	-13.3393799073	56777.4325564	r.MP9601
186369	1704863p	287	239.781444361	-13.3375282227	56777.4838338	r.MP9601
186369	1704876p	287	239.772815553	-13.3356586475	56777.5356067	r.MP9601
186369	1705716p	287	238.907002968	-13.1575826978	56782.5015928	r.MP9601
186369	1705892p	287	238.740314304	-13.1254566928	56783.4155231	r.MP9601
186369	1705907p	287	238.728029151	-13.1231166637	56783.482381	r.MP9601
186369	1705922p	287	238.714042285	-13.1204524987	56783.5585	r.MP9601
186369	1716717p	287	234.106537638	-12.448899058	56807.405678	r.MP9601
186369	1716968p	287	233.918441294	-12.4312549499	56808.4319014	r.MP9601
186369	1716976p	287	233.912742673	-12.4307420305	56808.4631981	r.MP9601
186369	1717105p	287	233.75735453	-12.4170516962	56809.3202526	r.MP9601
186369	1717116p	287	233.749607887	-12.4163941879	56809.3632895	r.MP9601
186369	1717127p	287	233.741879913	-12.4157382642	56809.4062227	r.MP9601
186369	1721422p	287	230.843411651	-12.3714515206	56829.3540808	r.MP9601
186369	1721432p	287	230.83939688	-12.3719155936	56829.3929334	r.MP9601
186404	1650809p	287	14.7362922136	5.09745399204	56534.4239621	r.MP9601
186404	1651026p	287	14.762610453	5.01923819322	56535.4281748	r.MP9601
186404	1651675p	287	14.786570682	4.6648859274	56539.4159394	r.MP9601
186404	1651686p	287	14.7860894526	4.66070339026	56539.4587153	r.MP9601
186532	1768980p	500	10.3242009019	2.90275988452	57008.2293569	r.MP9601
186532	1768993p	500	10.3344192776	2.90605562605	57008.2861256	r.MP9601
186540	1651192p	287	20.0377429313	10.8380636119	56536.537346	r.MP9601
186540	1651202p	287	20.0382125715	10.8377829075	56536.5762128	r.MP9601
186540	1651362p	287	20.0453006228	10.8288932165	56537.5246105	r.MP9601
186540	1651374p	287	20.0454864666	10.828342568	56537.5741689	r.MP9601
186540	1672373p	287	12.4201819135	4.95210406581	56630.2471259	r.MP9601
186540	1672385p	287	12.4274963729	4.95405458833	56630.2945711	r.MP9601
186540	1672746p	387	12.7323732837	5.03784389962	56632.2106863	r.MP9601
186619	1774993p	387	11.6392170965	4.18514070025	57040.2406386	r.MP9601
186703	1658158p	287	25.6771218495	12.9061422911	56573.520964	r.MP9601
186703	1667554p	287	20.2401718261	11.0875621393	56595.3766977	r.MP9601
186703	1667762p	287	20.00729222	11.0024370945	56596.3676184	r.MP9601
186703	1667872p	287	19.7882872579	10.9216859756	56597.3134983	r.MP9601
186703	1667882p	287	19.7793168512	10.9183527097	56597.3527132	r.MP9601
186703	1667900p	387	19.7582730372	10.9105331504	56597.444708	r.MP9601
186703	1668253p	287	18.8790315394	10.5803624702	56601.431471	r.MP9601
186722	1657924p	287	14.3213298741	2.92998239129	56571.3878426	r.MP9601
186722	1657925p	287	14.3199786731	2.92960014363	56571.3931763	r.MP9601
186722	1657940p	287	14.3048499845	2.92532031726	56571.4528948	r.MP9601
186722	1657943p	287	14.3013655623	2.92433459254	56571.4666491	r.MP9601
186722	1657943p	287	14.3013655623	2.92433459254	56571.4666491	r.MP9601
186722	1657945p	287	14.2990059264	2.92366706398	56571.4759634	r.MP9601
186722	1658019p	287	14.0742354849	2.8602241594	56572.3626188	r.MP9601
186722	1658279p	287	13.5311812083	2.70831423706	56574.5002707	r.MP9601
186745	1671921p	287	14.9696431261	3.92991849987	56625.3171044	r.MP9601
186745	1672378p	287	14.8574130885	3.93013519559	56630.2673823	r.MP9601
186745	1672391p	287	14.8571521833	3.93054104814	56630.3195633	r.MP9601
186761	1672592p	287	12.0008363815	1.94978416966	56631.2178009	r.MP9601
186882	1646282p	287	19.8892358163	13.3704941943	56512.530388	r.MP9601
186882	1646295p	287	19.8930207279	13.3716074036	56512.583822	r.MP9601
186882	1651185p	287	19.7770853805	13.0253074176	56536.510179	r.MP9601
186882	1651195p	287	19.7739143598	13.0233012616	56536.5490078	r.MP9601
186882	1651364p	287	19.6902785345	12.9708671553	56537.5323769	r.MP9601
186882	1651365p	287	19.6896862538	12.9704985003	56537.5391137	r.MP9601
186882	1651369p	287	19.6883098266	12.9696417667	56537.5547697	r.MP9601
186882	1651376p	287	19.6859196316	12.9681540308	56537.5819568	r.MP9601
186882	1651499p	287	19.6045666004	12.917902113	56538.4715426	r.MP9601
186882	1651511p	287	19.6001618307	12.9151984512	56538.5181128	r.MP9601
