25651 1616722p 237.888833333 -13.43975 84.7489551733 90.7248727065 1.78503224518 18.7490909091
candidates:
237.88887784 -13.4399306483 83.9350982047 87.2152708714 1.64673286971 18.637364105 yes yes
237.888863675 -13.4382697069 83.9999086008 119.463814562 1.87201270056 18.742946915 yes yes

37135 1691923p 212.08175 -14.0296666667 111.629836268 183.067812498 0.535428133156 19.9109090909
candidates:
212.082596467 -14.0323590074 95.8560347484 131.162603034 0.473997486159 24.5885519798 yes no
212.07902286 -14.0298012365 162.844542883 180.521536441 0.590790092911 23.4533900244 yes no

41012 1717117p 233.496833333 -11.9517777778 210.009833554 194.325971782 3.05085316396 19.0063636364
candidates:
233.497258213 -11.9525706273 202.000017715 178.902791869 4.0437757737 17.8654607301 no yes
233.497258659 -11.9531578647 202.00026598 167.486797728 0.660840923073 19.3353696939 no yes
233.497165763 -11.9517400969 203.733174296 195.050154157 6.9613101458 18.7425461892 no yes
233.497257615 -11.9520496059 202.003612844 189.03125132 1.04529581484 19.3796067853 no yes
233.497257183 -11.9512540699 202.000027281 204.495637483 0.775729712146 19.435654913 no yes
233.49725735 -11.9514867701 202.000312894 199.97225466 0.110084675445 20.1306948808 no yes
233.497256725 -11.9506400725 201.999595864 216.430675983 2.14132114157 18.2710541429 no yes

46736 1729262p 24.2473333333 12.0282777778 59.6655093279 113.940460867 3.17343622132 19.7263636364
candidates:
24.2478060318 12.0286976016 50.644900955 122.005813074 2.53130666362 17.0595101932 yes no
24.247790486 12.0292962783 50.9482813471 133.695585874 2.43476754071 17.253018393 yes no

47554 1741554p 22.8784583333 13.5249166667 78.228663495 112.840533435 2.30057831143 19.65
candidates:
22.8779502701 13.5259805872 87.999991809 133.790070185 1.81766573064 18.2782394613 yes yes
22.8785666679 13.5249050217 76.1607069951 112.583549805 2.60947356212 20.3129915318 yes yes
22.877946907 13.5250971896 88.0000129904 116.509736829 2.61427068491 17.8545497521 yes yes

47554 1741555p 22.87775 13.5246666667 78.4271178232 112.822801409 2.30293092488 19.65
candidates:
22.8778718712 13.5232778439 75.9997846437 85.6185662789 2.19813629228 18.2598175054 yes yes
22.877874951 13.5240791567 75.9999326178 101.295087355 2.15043718538 18.1724580629 yes yes

71686 1722362p 13.6672083333 3.10522222222 127.948664461 94.1479496981 3.23186567908 20.36
candidates:
13.6672429641 3.10530286852 128.620798553 92.5929384932 2.38620844337 21.0971856362 no yes
13.6670016125 3.10522918003 123.973178993 94.0 2.06158862877 21.2800788785 no yes

73947 1722363p 13.5037916667 3.65791666667 160.353420622 197.767935073 4.5439771142 19.7090909091
candidates:
13.5040018756 3.65791382147 156.308689298 197.699252309 1.56286043842 21.3180849825 no yes
13.5036072777 3.65772607239 163.92474826 194.099711686 3.24243752942 20.5239823283 no yes

97640 1734918p 14.4728333333 5.27069444444 187.468684398 202.154142518 1.68608584663 20.3390909091
candidates:
14.472490847 5.27120675452 193.976027187 212.065868974 3.42873848965 21.0276713202 no yes
14.4729455853 5.2706538475 185.320760509 201.357281691 2.25631876857 20.5323801889 no yes

104752 1658159p 25.9439583333 14.5192222222 188.280717179 186.399855821 3.16572715555 19.5936363636
candidates:
25.9440236434 14.5193344854 189.52600781 184.220652066 3.61381206194 19.7836746738 yes yes
25.9442118017 14.5182028355 192.870045948 206.187454032 2.53526682135 21.0400820837 yes yes

106234 1698322p 212.443958333 -10.8264444444 116.381797721 111.015348119 2.56177358337 18.77
candidates:
212.443767424 -10.825421556 112.999722947 91.0096287247 0.830270029771 18.8291430333 no yes
212.443771432 -10.8256846706 113.000229281 96.1587762468 0.877011818375 18.9238729877 no yes
212.443776137 -10.825994689 113.000524086 102.225726492 5.02342186456 18.3147185891 no yes
212.443802598 -10.8277485101 113.00007328 136.545256031 3.28091143584 17.792445987 no yes
212.443796267 -10.8273290129 113.0 128.336684562 3.98907449366 18.0710478704 no yes
212.443784038 -10.8264915458 113.008041929 111.948777796 3.51474923013 17.8624614937 no yes

112573 1757097p 20.2622083333 13.3613333333 79.2904662281 96.4036240107 3.02923823885 20.1309090909
candidates:
20.2622508021 13.3614293717 80.0958762774 94.5491263793 3.45511224371 20.0846029982 yes yes
20.2625032581 13.3607926241 84.7693392902 106.886391471 3.10022932407 22.1002537196 yes yes

115471 1735250p 24.7667083333 15.2056666667 230.226513153 188.093091962 0.535708837586 20.0281818182
candidates:
24.7692365356 15.2046910413 277.189307759 207.395692933 0.59331002344 25.1083076999 yes no
24.7676945621 15.2075383641 248.882684913 151.817475431 0.427948212791 24.4189151508 yes no

138693 1778498p 217.367458333 -14.6386944444 170.925417279 192.396769085 4.06162998842 21.5145454545
candidates:
217.36725661 -14.6386920608 174.701720048 192.463950894 2.1757930901 22.710049566 no yes
217.36765831 -14.6387817914 167.181742495 190.674517788 1.28599755106 23.0553857287 no yes

181749 1728596p 229.11375 -11.2453055556 171.085789617 194.768057979 0.63698782634 21.4563636364
candidates:
229.113662928 -11.245270571 169.431827507 194.085739182 0.687767105957 21.7216807452 yes yes
229.113167626 -11.2456190955 159.912152557 200.808854847 0.574145562957 21.9993917871 yes yes

181749 1728600p 229.113916667 -11.2459166667 169.276673129 194.679954807 0.636946552474 21.4563636364
candidates:
229.11384641 -11.2458964879 167.940695903 194.285503406 0.673911396185 21.8132004122 yes yes
229.113174732 -11.2456261603 155.184169941 189.01515213 0.609373869603 21.9047778063 yes yes
229.114726433 -11.2470836245 184.486347632 217.322836626 0.54313923186 20.3995601425 yes yes

186369 1721432p 230.837375 -12.372 233.840728462 197.502066698 1.74393475059 20.1963636364
candidates:
230.838257072 -12.372918266 217.225549119 179.690426159 1.59098637842 21.3499296122 yes yes
230.837506212 -12.3720878389 231.364073572 195.801119919 1.91018714481 20.0328378157 yes yes

198824 1651346p 24.4377916667 12.5140277778 169.050838643 207.589844595 1.21816889785 20.6427272727
candidates:
24.4395265206 12.5134218411 136.31694233 195.790898256 3.41123500907 19.5743738495 no yes
24.4400702735 12.5120697275 126.057514771 169.665216257 2.11643799813 21.1527204222 no yes
24.4365895547 12.5152268901 191.729918103 230.80136137 0.195225508855 22.3803816736 no yes

202368 1651191p 20.9982916667 13.7522222222 210.083967001 180.456830899 1.38742366479 20.64
candidates:
20.997981402 13.7535094819 204.307600417 155.532495172 0.880220417047 21.9665896016 no yes
20.9980312852 13.7514763157 205.180548983 194.858746377 2.46587362875 21.4549836818 no yes

228966 1751782p 17.7295833333 4.74969444444 112.03892323 100.924112356 4.5284614271 19.4390909091
candidates:
17.7295655698 4.74962486064 112.374810638 99.5704576588 2.21571993929 19.8339903965 no yes
17.7299709093 4.7497003 104.497832028 100.989252552 1.96098063445 19.9072616429 no yes
17.7297983687 4.75072523045 107.999150254 120.982233466 0.0966297853444 20.2190166926 no yes

233020 1646449p 26.1809583333 13.5648611111 222.183762113 185.178857802 1.00326118208 21.6718181818
candidates:
26.1815429898 13.5656779993 233.245258142 169.477982836 2.55736381364 20.9948390236 no yes
26.181394461 13.5653566538 230.426574202 175.661078179 1.70905605141 22.492217454 no yes

234135 1768981p 20.7544166667 4.09652777778 121.724739111 94.4813197326 0.506605534586 21.0154545455
candidates:
20.7544533603 4.09647318977 121.021062531 93.4231062042 0.476867445689 21.1815857996 yes yes
20.7533742522 4.09609636659 141.999430071 86.0782203867 0.458560660631 19.2891617356 yes yes

236889 1681971p 21.707 12.7804166667 59.1268447503 101.957140936 3.33331068117 20.7327272727
candidates:
21.7080272189 12.7811297469 78.4535512106 88.2159288955 4.00508855767 21.2742538096 yes yes
21.7069258274 12.7803969709 57.7325130902 102.336497697 4.04165252423 20.3391906497 yes yes

239987 1682231p 24.335125 12.4674722222 122.643410295 99.289257211 1.49099752469 21.0390909091
candidates:
24.3351476954 12.4674326589 122.219164917 98.521083645 1.79287492418 21.3125118393 yes yes
24.3346130909 12.4675338514 132.339751278 100.469046105 1.23684312988 21.6979026303 yes yes

249227 1705895p 237.197958333 -13.8354444444 146.502186939 182.191640152 3.16591355991 19.5672727273
candidates:
237.199204672 -13.8360577791 123.210589186 170.268176819 2.48474646545 18.9214505864 yes yes
237.198058575 -13.8355094843 144.630845864 180.928566242 3.64739862155 19.8191106405 yes yes

249227 1716501p 232.497791667 -13.3255833333 172.670149765 200.597063842 3.28181873412 19.7236363636
candidates:
232.497918545 -13.3255920157 175.044168419 200.763917082 7.97363484685 19.3202513947 no yes
232.498942712 -13.3261933238 194.198272389 212.327435776 1.45788709496 20.816331058 no yes

249227 1716959p 232.098541667 -13.3008333333 223.129092913 188.711429415 3.20360869948 19.76
candidates:
232.098746307 -13.3008675458 219.260171799 188.053115815 4.72642167925 19.7570773506 no yes
232.099849743 -13.300043686 198.406174529 203.972233559 8.75274679404 20.1463878842 no yes

264006 1626303p 216.170458333 -14.3433055556 217.90111777 189.367761331 2.97883036708 21.4690909091
candidates:
216.169863844 -14.3432031332 228.995548864 191.343958122 0.548207941374 20.1854959321 no yes
216.169724649 -14.3440727453 231.600407233 174.597807779 1.10437477089 19.733608774 no yes
216.169901178 -14.3446033947 228.310046359 164.377461713 1.1955838315 19.5791694219 no yes
216.169648715 -14.3430527477 233.009458846 194.24143981 0.434595810535 19.8263132254 no yes

282866 1616317p 213.4615 -11.5459166667 209.297083537 201.023007723 2.95326126707 20.8472727273
candidates:
213.461563201 -11.5458622751 210.506528043 199.976167213 3.21070016346 21.4535981978 yes yes
213.460344158 -11.5462480018 187.211547001 207.352624003 3.17962392406 22.2819230769 yes yes

291222 1616941p 241.705375 -12.5615833333 113.306386726 110.86361942 1.42855884069 20.6018181818
candidates:
241.704676882 -12.5607037222 99.9978375521 93.6544762112 1.14691221005 19.7129661878 yes yes
241.705408966 -12.5615681486 113.95066611 110.573733509 1.56696365526 20.7137531385 yes yes
241.704671896 -12.5624497573 99.9997088852 127.596760657 1.7880976011 19.1839626206 yes yes
241.704670564 -12.5629078109 99.9995915898 136.500675243 1.64406330926 19.276080657 yes yes
241.704674567 -12.5615339026 99.9999230591 109.793247948 1.63160978053 19.5848781495 yes yes

308537 1692837p 242.179458333 -14.1288611111 72.4214436972 91.355461865 1.70151344608 21.7090909091
candidates:
242.179409618 -14.129858732 73.3684974175 72.1377646521 0.737926952209 22.9055207011 no yes
242.17823768 -14.1290308159 95.2212713024 88.1571829533 0.277659466974 23.7090112792 no yes

309720 1721607p 233.894875 -14.2290555556 229.449058414 188.500031642 1.9848900809 21.4309090909
candidates:
233.894958099 -14.2291240056 227.892363968 187.167395237 2.05943901618 21.4026103141 yes yes
233.893475985 -14.2288542207 255.78042838 192.311783057 2.25412932927 21.9577691429 yes yes

323347 1778112p 26.875375 13.8653611111 165.81731967 199.678337854 4.33395058521 21.9045454545
candidates:
26.8754857739 13.8654638941 167.897789843 197.705947287 2.79758843108 23.2204153884 no yes
26.8752761534 13.864597139 163.934249605 214.425224357 1.55079306757 23.0826584767 no yes

363425 1646184p 219.840916667 -15.7665833333 221.687655898 197.492686111 2.88579116065 21.9181818182
candidates:
219.84228666 -15.7667372571 196.279348627 194.473695426 0.993098468363 23.4956637818 no yes
219.841091077 -15.7666172342 218.453372847 196.831479437 1.22272784838 23.1981528418 no yes

365692 1616725p 239.34125 -13.7483888889 84.9414962682 91.7676047494 1.67758230616 21.5481818182
candidates:
239.340653165 -13.748875263 96.2164129761 82.398251997 1.8735081482 22.7486242798 yes yes
239.341346497 -13.7484662155 83.1151365014 90.2312379812 1.81929202298 21.6625968073 yes yes

371289 1751551p 22.909125 11.7485833333 112.733331979 105.50350451 3.31027368752 21.5827272727
candidates:
22.9091280939 11.7485358615 112.672589333 104.582369042 1.82783145142 22.0108970801 no yes
22.909438215 11.7486291288 106.812004107 106.384064634 1.15124268572 22.3873851575 no yes

371289 1751797p 22.71725 11.6926944444 208.360875248 203.744128454 4.447559295 21.6072727273
candidates:
22.7175971299 11.6927592603 201.795055965 205.009616266 3.32995425486 22.5993212535 no yes
22.7171799472 11.6927376867 209.684977888 204.584134031 2.00397776543 22.6807978535 no yes

378428 1651373p 21.20375 13.8836944444 211.410174068 182.901533807 0.952320331859 20.9763636364
candidates:
21.2051482836 13.8820209895 237.519007685 215.437195233 1.35383003981 22.6609461084 no yes
21.2060031596 13.8831816802 253.626933239 192.882216564 5.78167312815 21.0282500045 no yes

