8839 1691902p 211.8735 -14.1941944444 172.980144979 182.444516012 0.433013914591 18.71
8839 1691913p 211.872375 -14.1934722222 177.09610069 182.384956397 0.600521819442 18.71
13753 1630866p 237.169416667 -11.8889166667 214.287402717 194.153963259 2.86339341095 19.3118181818
14077 1645761p 11.1557083333 4.34538888889 228.0938696 195.206340701 0.321721367576 18.8727272727
14077 1645774p 11.155 4.34619444444 222.683959603 194.687262798 0.329138304156 18.8727272727
20509 1729358p 241.311458333 -14.1066388889 169.229637642 199.574577015 0.558613403941 19.4490909091
23877 1607609p 211.8115 -12.7615277778 170.357463994 190.074927879 1.19952288377 19.9381818182
23877 1607619p 211.814041667 -12.7630555556 172.431322351 190.254163278 1.18787780824 19.9381818182
27433 1671647p 11.6231666667 2.30855555556 172.016651172 200.41997255 0.797895994252 19.8790909091
27433 1672592p 11.4472916667 2.48116666667 173.759746218 201.183100104 0.493693425596 20.0027272727
37135 1692176p 212.038625 -14.0001111111 187.856145315 183.061757014 0.557892616348 19.88
40242 1636118p 215.496708333 -13.9894444444 165.479741636 195.921169159 0.769705745986 19.4209090909
47601 1735065p 24.2187916667 13.2185 172.16249119 209.317292735 0.527158533623 20.1418181818
49604 1671661p 10.4259166667 2.51027777778 227.413085034 192.80124122 0.620146813183 19.5254545455
63305 1607617p 213.8155 -11.3919166667 223.546671021 208.030435923 1.50633897024 20.6218181818
68283 1625355p 242.296833333 -14.3109722222 19.0483123122 191.699355279 3.05192581743 18.2445454545
84424 1667869p 21.0614166667 11.9596944444 180.354278358 -2.41995941908 3.20207304059 18.94
86305 1691686p 219.813166667 -15.4905 180.41194103 188.803758654 0.386158628978 20.7627272727
88802 1672401p 20.1054583333 12.4338055556 229.881018732 194.2314415 0.966506555755 20.3518181818
94320 1607624p 212.851 -12.3904166667 172.400258186 191.368905573 1.69647985119 19.6454545455
94320 1607626p 212.851916667 -12.3909166667 173.59659796 191.233713332 1.69461335964 19.6454545455
95538 1728440p 243.644 -13.7449166667 149.134857255 194.521636566 0.730609471839 19.6245454545
97675 1645256p 17.4352916667 6.89908333333 219.462132008 191.930335068 0.648313227549 20.6827272727
106234 1691674p 214.594083333 -11.0792777778 223.003055789 210.311117573 0.402680512986 19.3618181818
106234 1691907p 214.614125 -11.0958611111 225.605019114 210.82539472 0.330847432268 19.3454545455
116333 1682240p 23.2965 14.6979722222 168.757642973 195.018485923 1.26825007687 20.5790909091
118934 1728590p 230.386416667 -11.8976666667 173.147588603 196.929903664 0.724777164714 20.8918181818
158590 1735271p 26.8318333333 15.0208888889 226.062478818 185.965268103 0.0975427370466 20.1963636364
181953 1691905p 213.152333333 -13.6944722222 164.342571142 185.743827016 0.37607179588 20.8336363636
186924 1728436p 237.989916667 -14.4430555556 233.25368419 201.78889144 0.518099331788 21.0163636364
212903 1778499p 218.738041667 -13.9356666667 170.486261675 193.244193404 3.94753796226 21.7736363636
237229 1651352p 25.7704166667 13.4975 224.823026408 183.60483146 0.80477151878 20.7363636364
237229 1651496p 25.727875 13.5140555556 172.728006604 184.141455837 0.871545304204 20.7154545455
249328 1672597p 9.37183333333 1.88844444444 214.111685759 197.314447396 0.890331701319 20.9363636364
264106 1616944p 243.22725 -13.5539166667 185.428213452 187.370815744 1.47418637131 21.2990909091
264389 1735068p 22.3122916667 13.1724722222 218.705742203 185.632205988 0.715893916816 21.7481818182
264389 1736162p 22.1267916667 13.2052222222 171.583850638 214.229197602 0.980922858457 21.6881818182
264389 1736199p 22.1177916667 13.2058888889 187.784413845 214.349176409 1.00252203737 21.6881818182
266641 1734908p 16.3400833333 4.0865 213.974815234 191.164704003 1.04633711643 20.86
291222 1617721p 241.079125 -12.2566388889 216.110946299 209.188388041 1.98922167054 20.4772727273
295519 1778899p 23.9199583333 13.9546388889 172.822897151 200.696666393 3.21164908053 22.2263636364
295918 1672597p 9.67358333333 2.61127777778 167.486819263 198.971011695 0.870504370658 21.3254545455
311976 1607609p 211.761791667 -12.9813055556 161.244036374 188.306600066 1.71935763033 20.9345454545
330195 1722731p 15.2463333333 5.81163888889 226.364632008 192.593294498 3.06275180191 22.35
330195 1729020p 18.78475 7.57572222222 38.0171231673 192.244877692 1.48555796499 22.0681818182
355245 1635437p 239.164541667 -12.8144444444 162.828428314 200.92093149 1.49938245129 20.6472727273
355695 1728435p 237.705458333 -12.7784166667 237.355490126 191.607697174 0.720825496377 21.0936363636
367425 1752198p 22.1212083333 5.26338888889 175.11312198 195.720333448 3.23856062188 20.4645454545
367870 1778896p 23.1565416667 12.7537777778 220.905764564 199.669902105 4.01605985854 22.0881818182
371289 1775279p 20.0625416667 11.2413611111 168.902538947 197.003885322 3.56937660993 22.9227272727
375067 1671672p 19.6507083333 12.8864444444 125.73010748 194.290526011 1.52961909335 20.6063636364
375067 1672401p 19.4917916667 12.6007777778 237.800404467 195.384638946 0.560730023391 20.75
375067 1681848p 21.3762083333 12.5295833333 232.438269711 192.047846179 2.2023314834 21.22
378428 1651191p 21.2533333333 13.8668055556 214.691715265 183.670860596 0.873714000296 20.9972727273
