238P 1692178p 213.161916667 -12.5791111111 183.478825418 187.526347453 0.632706943487 24.6254545455
candidates:
213.164386492 -12.5795033995 136.62028815 180.026350557 0.502563640182 22.7091523485 yes yes
213.162326721 -12.5755664715 175.505719311 256.038964099 0.504301888475 24.5461146911 yes yes
213.159791711 -12.581168398 223.929835657 147.696208245 0.545553966474 23.0514027424 yes yes

P-2012-F5 1646362p 244.2395 -12.8863333333 170.480333317 197.221877759 1.31966473032 20.21
candidates:
244.239385394 -12.8862655807 168.315582869 195.912763536 1.24145172238 24.059778157 yes no
244.240367814 -12.8843142279 187.09395859 158.193537777 1.02678272818 23.765599166 yes no

comet 942274p 342.856275 9.989905 197.977098106 195.673863943 1.5 21.2333333333
candidates:
342.855724144 9.99122046894 208.589284185 221.122470651 0.978776132529 8.9601932708 yes no
342.856240569 9.98998720828 198.640449779 197.264265838 1.80501935911 6.66356801462 yes no

238P 1691904p 213.223541667 -12.6009444444 170.26825912 188.623686647 0.469644601082 24.6436363636
candidates:
213.220775563 -12.6027996186 222.801646894 152.796033725 0.442205140398 24.2966080037 yes yes
213.220087771 -12.603610857 235.894163442 137.128662863 0.425447422129 24.460797776 yes yes
213.220166373 -12.5988163967 234.014277626 229.712298257 0.375627254002 23.5352769947 yes yes

P-2012-F5 1646362p 244.2395 -12.8863333333 170.480333317 197.221877759 1.31966473032 20.21
candidates:
244.239385394 -12.8862655807 168.315582869 195.912763536 1.24145172238 24.059778157 yes no
244.240367814 -12.8843142279 187.09395859 158.193537777 1.02678272818 23.765599166 yes no

