1040
1400
3667
6730
7062
7411
8250
9222
12443
12532
13150
15552
17530
17591
18093
18399
18900
20102
20134
21100
21625
22011
23707
23986
24878
25746
25850
26187
26219
26724
27219
27229
27497
27620
27802
28343
28391
29422
31219
31704
31792
32456
32942
33792
34854
35175
35254
35348
36278
37019
37182
37532
39105
39132
39212
39302
39404
39460
40140
41185
41671
41852
41952
42521
42712
43208
43343
44443
44519
45136
45670
45749
46254
47655
48491
49526
49574
49659
50758
51052
51279
51686
51967
54654
55823
55962
56307
57655
58902
58919
58921
58956
59943
59997
60006
60141
60157
60181
60251
60378
60418
60574
62665
63118
63832
65676
66047
66074
67054
67202
67255
68147
68370
68762
68923
71230
71430
71452
71676
71718
71729
72161
72454
72773
72813
72894
73296
73364
73407
73690
73982
73996
74420
74490
76245
76456
76467
76650
76696
76788
77564
77612
77764
77828
77907
78097
78478
78504
78724
80052
80059
80068
80085
80117
81730
82021
82050
82469
82623
83399
84410
84744
84829
84966
85424
85652
86196
86260
87812
87859
88759
88887
89173
89605
89794
90141
90348
90444
90593
90629
91703
91843
91857
91946
92046
92134
92215
92277
94107
94144
94314
94326
95572
95628
96294
96539
96574
96822
97288
97380
97576
97584
97635
97751
97758
97768
98703
99250
99256
101547
101599
101628
101635
101649
102045
104204
104286
104307
104806
104859
104903
104967
104994
105031
105101
105162
105172
105229
105310
105365
105444
105539
105741
105807
106052
106063
106078
106491
106518
106550
106624
106719
106730
106781
106812
106814
106816
106827
106948
108671
108809
108882
109092
110414
110871
110961
111061
112290
112478
113747
113813
114151
114608
114890
114894
115007
115232
115348
115429
115479
115630
115853
115854
116052
116139
116629
116667
116789
116927
116995
117899
118444
118471
118852
118957
119015
120165
121348
121440
121502
121609
121646
121659
121712
121729
121734
121742
121748
121769
121796
123651
123941
124031
124064
124067
124105
124109
127427
127443
127451
127825
127920
128522
128530
129059
129104
129173
129216
129430
129704
130310
130340
130343
130388
131305
131379
131455
131472
131485
132962
133171
133762
133801
133865
133988
134847
135058
135105
135118
135138
135199
135376
135489
136361
136387
136571
136699
136919
138522
138523
138549
138579
138639
138754
138771
139478
139567
139573
140378
140636
140705
140742
141025
141154
141180
141529
143334
143464
143551
143557
144106
144446
144501
144659
144724
144947
145144
145181
145568
146155
146236
146872
146937
147389
147664
148363
148450
148462
148468
149528
149559
149738
149819
150201
150590
150624
150633
151482
152039
152459
152690
153239
154170
154176
154213
154594
154597
154614
154615
155354
155863
156631
156671
156695
157022
157024
157032
157747
158113
158150
158588
158913
159225
159284
159687
160278
161169
161172
161352
161581
161811
161831
161931
161958
162434
162439
162441
162457
162468
163534
163576
163580
164410
165112
165113
165684
165688
165692
165722
165727
165743
165906
166478
166559
166698
166747
166819
166879
167655
168113
168716
169136
169202
169395
170142
170148
170782
171238
171411
171997
172046
172401
172994
173722
173824
173842
173879
173901
173911
173934
173955
174488
174511
175520
175689
175989
176405
176436
176537
176547
176566
176602
177108
177112
177821
178249
178702
178738
179409
179476
179487
179529
179558
180140
180713
181185
181219
181440
181471
181804
181968
182025
182128
182158
182690
182880
182941
184196
184210
184249
184253
184927
185204
186329
188340
188517
188877
189159
189290
191184
191194
191353
191368
191475
191483
193011
193862
195719
195801
195883
195907
195921
195949
196960
197113
197155
197209
197317
197380
197383
197453
197505
200121
201332
201378
201380
201382
201419
201685
201878
201908
202598
202857
203247
203819
203834
204254
204256
204616
204954
205022
205023
205056
205562
206199
206250
206261
206262
206273
206275
206282
206742
206755
206906
207335
207993
208173
208174
208362
208944
208995
209006
209411
209449
209453
209487
209491
209495
210235
210834
210974
211459
211465
211472
211909
212312
212328
213057
213073
213376
213781
214070
214422
214464
214491
214798
215151
215227
215341
215990
216021
216346
216634
216638
216640
217216
217372
217650
217651
218300
218403
218450
218520
218754
219478
219909
219971
220330
220360
220876
220879
221419
222907
223307
223308
223329
224775
224779
225051
225185
225467
226081
226444
226508
226518
226557
228902
228929
228931
229019
230017
230024
230423
230432
230436
230473
230706
230743
230778
230971
231038
232327
232951
232969
233031
233914
234048
234064
234811
234834
234887
234926
234943
235123
235381
235467
235482
235490
235532
235902
235990
236026
236037
236083
236817
237428
237608
237609
237652
237694
237985
238355
238379
238385
238407
238693
238723
239848
239937
240271
240272
240780
240985
241075
241223
241683
241706
241748
242405
242506
242979
243035
243397
243526
243635
243650
243705
244527
244576
244987
245014
245061
245067
245357
245591
246038
246274
246834
246981
247058
247720
247814
247841
247923
248017
248476
248539
249169
249193
249676
249767
250273
250525
250531
251738
251804
251889
252141
252207
252794
253338
253381
254142
254150
254300
255244
255283
255290
255365
255475
255480
256545
256548
256855
257010
257550
257659
257719
257925
257971
257979
258542
258676
259386
260206
260260
260340
260386
260403
260438
261574
261677
261731
261745
262765
263765
264392
264804
264867
265031
265072
265094
265168
265442
265500
266028
266614
266781
267161
267545
267562
267662
267769
267791
268735
269444
269517
269518
270098
271269
271279
271948
271983
272003
272063
272590
273178
273219
273224
275022
275552
275772
275815
276244
276319
276351
276892
276967
277063
277068
277116
277135
277487
278450
278681
279036
279319
279834
279839
279909
280033
280129
280665
280691
280709
280712
281039
281080
281679
282969
283390
283394
283564
283587
283602
283897
283898
283899
284084
284266
284891
285387
285397
285635
285657
285666
285762
285771
285799
286030
286057
286331
286520
286692
286714
287201
287433
287495
287674
287781
288166
288264
288306
288516
288534
288588
288702
288815
289147
290685
290835
291109
291937
292492
293031
293197
293409
293651
293661
294009
294292
294437
294473
294901
295959
296080
296417
296899
296956
297028
297243
297458
297462
297478
297949
298732
299239
299285
299348
299689
300182
300185
301004
301572
302019
302041
302067
302074
302337
302369
302439
302452
302476
302827
303191
303215
303719
303799
304618
304715
304755
305452
305692
305913
306155
306297
306739
306771
307207
308361
308556
308628
309153
309722
310051
310501
310512
310514
310525
310530
310532
310551
310919
310999
311117
311510
311543
311944
311966
311989
312420
312535
312728
313598
313658
313922
314404
314514
314563
314567
314598
315011
315053
315124
315146
315154
316114
316226
316295
316353
316786
316828
316968
316978
317341
317342
317365
317741
318163
318251
318537
319184
319335
319428
319502
320144
320217
320252
321320
321353
321474
321696
322639
322777
323187
323209
323377
324288
324309
325365
325379
325381
325525
325618
325935
326556
326766
326871
326901
326915
327514
327564
327598
327599
327996
328049
328050
328437
328691
329017
329050
329172
329208
329634
330160
330200
330803
331165
331281
331311
331729
331761
331844
331956
332240
332418
332634
332932
332979
333314
333315
333500
334089
334126
334134
334170
334172
334180
334201
334393
334436
334562
334578
335655
335880
335968
336027
336530
336977
337381
337478
337518
337527
337576
337617
337706
337758
337765
337843
338402
338948
339012
339502
339559
339570
339579
340579
340585
340589
340590
340609
340627
340632
340655
340740
340743
341395
341631
341711
341743
341777
341826
343286
343968
344271
344338
344361
344364
344388
344828
345074
345713
346074
346096
346251
346252
347054
347065
347294
347732
347733
347735
347760
347790
347793
348157
348164
348416
348805
348817
348856
348954
349188
349402
349420
349453
349907
350082
350107
350298
350552
350749
351254
351454
351480
351551
351901
351945
352112
352468
352557
353314
354150
354151
354211
354223
354682
354690
354765
355170
355629
355748
355773
356152
356702
356850
356950
357191
357349
357580
357770
357786
357802
357882
358434
358844
358892
358928
358936
359505
359602
359675
360422
360426
360526
360679
360998
361462
361512
361911
361933
362280
362864
362987
364848
365376
365673
365789
365812
366079
366190
366244
366483
366484
366506
366512
366515
367591
367751
367829
367972
368305
368311
368318
368319
368322
368346
369148
369209
369381
369623
369806
369922
369949
370226
370304
370366
370372
370395
370452
370666
370668
370853
370874
371236
371801
371821
372126
372890
373005
373278
373639
373661
373754
373797
373809
374004
374200
374206
375094
375411
375569
376022
376772
376832
377075
377076
377223
377297
377548
377559
378376
378393
378427
378468
378481
379761
379814
380215
380249
380400
380403
380414
380691
381190
381206
381241
381248
381255
381258
381289
381684
382298
382750
383019
383029
383638
383663
384184
384227
384261
385190
385263
385427
385599
385689
386608
386906
387713
387801
388263
388268
388777
388782
388830
389271
389276
389290
389553
389716
390246
390618
390622
390720
390976
390983
391046
391105
391746
392113
392408
392439
392635
393174
393193
393311
