10955
11983
20573
22760
23019
26078
29109
32634
38799
39751
41209
41865
42205
42425
43044
44586
44845
46130
46945
47505
47598
48793
50268
50612
54333
54982
57139
60040
60168
61664
63763
64098
64408
65785
68391
71085
75990
79196
81290
81357
81364
81581
81837
82928
83157
83249
83309
84300
87452
87661
87818
87891
88669
88776
89039
89155
89760
93211
93630
95444
95583
99172
100729
104007
104262
105320
107754
108104
108823
108983
110089
110299
110313
110796
110854
112090
112514
113065
113114
113471
115573
115877
116265
118722
123402
126907
129119
130044
130054
134776
135839
135903
138379
139394
139553
139661
140061
140301
141220
142832
143009
143123
144465
144789
146528
146709
148849
148876
149924
150571
151839
152034
153946
154774
154796
155214
155268
155812
157200
158950
160349
161384
161712
161847
164001
164022
164388
166387
166471
166508
167411
168440
168646
169895
169900
170042
170450
170634
172234
172265
172288
172321
173234
173395
174992
175426
175955
176298
179132
179195
180968
181026
181575
181638
182463
182542
182615
182770
184436
185174
185700
186222
187085
187151
188071
188394
188777
188911
190040
190287
191143
191772
191859
192069
192085
192698
192740
195590
196556
198294
199337
200123
201544
201571
202819
203965
204035
204091
205162
206061
206590
208802
208840
209254
209531
209786
210383
211769
211800
214343
214359
214601
216366
217429
217993
218284
218773
219756
223889
224390
224449
225014
225090
225971
226379
226823
226930
228191
229226
229466
229597
229793
230098
230930
230953
230955
231234
231545
231546
232541
233319
233716
233845
234726
234752
235239
235241
235288
236940
237155
238195
238203
238266
239170
239176
240186
240207
240399
241172
241242
241515
243249
243645
244810
245329
245949
246208
246368
246430
246739
248782
250201
250483
251101
251161
251426
251610
252568
252585
252637
253242
255800
256017
256075
256105
256145
256298
256835
256952
257023
257847
258286
258295
258312
261025
261151
261438
261531
263966
264693
265662
266377
266429
267033
268611
269044
269384
269544
270561
271836
272618
272819
273906
274318
274573
274930
275510
276114
276507
276993
277639
277754
278701
278730
278750
278863
278950
279564
279787
281445
281477
281505
281946
281951
283083
284061
284297
286255
287048
287169
287429
287937
288355
289110
289332
290567
290611
290671
290800
290865
290987
292284
292672
292845
293613
294123
294356
294777
294917
295055
295123
295547
298063
299097
299141
299184
300533
300573
301299
302663
302674
303096
303635
304258
304280
305907
307911
308255
309162
309535
309574
309963
311723
311793
312321
314274
314885
314913
315531
315646
315795
316454
317676
318805
318812
318913
319896
319903
320897
321457
321886
321919
321929
322876
323790
323877
327385
327452
328340
330763
331193
331208
331241
331617
331791
332772
335104
336185
336296
336330
336926
337324
338564
338582
338688
338750
338849
339337
340379
342186
342265
342383
342418
342545
342793
342946
343402
343521
344711
344714
344762
344999
345526
346653
346767
348330
348756
349271
349724
349739
350092
350310
350387
351124
351391
352176
352307
352384
353680
353806
354273
355424
356518
356521
356735
358205
358233
358294
358349
358679
359300
359771
359932
360146
361284
361309
361314
361321
361795
361808
362491
362732
364286
365607
365792
367522
367567
367595
368804
369370
369779
369885
369918
371150
371178
372513
372605
372896
372958
373002
374549
375017
376252
376285
376507
377391
379384
379648
379655
382442
384425
384851
386100
387097
387772
388655
389126
389158
389614
390043
390490
391593
391609
391628
392049
392471
393275
