110
363
1766
2306
2560
3124
3450
3670
5087
5103
6593
6796
7457
8450
8673
9784
10172
10651
11180
11196
11392
11418
11883
11989
11991
12281
12315
12755
12778
13343
13349
13423
14655
15168
15680
15804
15954
16107
16312
16438
16770
16920
17125
17333
17894
17972
18241
18438
18950
19190
19442
19465
19638
19691
20050
20370
20540
20638
21134
21660
21680
22389
22537
22719
23047
23085
23102
23507
24088
24182
24185
24191
24216
24236
25267
25518
26976
27118
27363
27434
27479
27493
27542
27681
27890
28740
28826
29205
30628
30674
31157
32202
32208
32695
33126
34178
34301
34328
34355
34434
34728
34765
35603
36605
36765
36854
36912
37058
37074
37489
38287
38932
39054
39668
39762
40915
40922
40952
41025
41061
41885
42005
42290
42456
42870
43071
43153
43188
43258
43271
44025
44419
44442
44874
45187
45276
45284
45322
46336
46520
46557
46933
47376
48185
48550
49342
50439
50505
50583
50603
50609
50613
50779
50824
50861
50934
51001
51005
51110
51672
51864
52403
52635
54343
54992
55153
55447
55639
55662
56191
56227
56790
57814
57928
58080
58533
59058
59117
59142
59600
59682
60015
60030
60060
61243
61490
61557
61740
61764
61978
61993
62094
62557
62569
63494
63857
63909
63933
66007
66011
66712
66727
67001
69037
69359
69760
69766
70606
70678
70729
70850
70917
70936
71011
71038
71113
71237
71251
72368
72445
72521
73433
73921
74258
74329
74359
76470
78071
78223
78368
78370
78383
78484
78531
78604
78733
78748
79103
81348
81354
81442
82834
82950
82992
83005
83192
83263
83296
83471
83504
83631
84298
84488
85127
85335
87508
87597
87774
87793
87827
87869
88020
88653
88872
89067
89286
89701
90011
90052
90832
91524
93315
93589
93617
93635
94103
95310
95383
95513
95516
95552
95553
96031
96133
97010
97302
97609
98852
98993
99115
99288
100165
101251
102949
103133
103478
103700
103925
103961
104310
104709
107562
109903
110008
110136
110162
110407
110472
110479
110619
110623
110808
110813
110915
111074
111149
111214
111228
111334
111348
111354
111469
112777
112874
113338
113412
113526
113544
113636
113776
115095
115181
115338
117378
118809
119338
121270
121391
121465
122705
122713
123148
123816
125988
126261
126735
126942
126949
126966
127783
128463
129293
129374
129417
129434
132891
133253
133373
133472
133685
134822
135175
135350
135792
136025
136110
136346
139635
139716
139726
139748
139762
139803
140557
140623
141204
141360
142705
142883
142982
143008
143149
143719
144108
144371
144622
145414
146534
146578
146710
147672
148858
149512
149958
150568
151261
151856
152624
153163
155277
155767
156559
156572
156577
157244
157784
157908
158108
158534
160441
161342
161382
161417
161568
161864
162342
163352
164076
165010
165015
166482
166505
166568
166569
167135
167302
167318
167363
167885
167958
168236
168542
168619
169822
169858
169866
169992
170413
170524
171016
171073
172255
173426
173785
175513
175538
175544
176272
178157
179223
179249
179296
179301
179314
180712
180969
181113
181116
181192
181608
182580
182598
182801
182905
183489
184556
184919
185382
186255
186610
186632
187150
187190
187192
189794
190410
191111
191126
192682
192700
195226
195452
196770
198117
198515
198620
199248
199279
201537
201598
202283
202574
203031
203037
204013
204689
204898
204938
204992
206082
206096
208147
208846
208857
208870
209227
209318
210082
210326
211242
211289
212196
212290
212797
212873
214627
214635
216176
216470
216868
217992
218021
218274
218673
219737
220346
221219
221306
222309
222345
223675
224457
225995
226777
226789
226819
226875
227424
230650
230657
231455
231533
231690
232519
232826
233841
233896
233974
233975
234344
234700
234918
235246
235712
236985
237097
237927
238543
238786
238972
239133
240210
241267
242636
243036
243289
244630
245133
246446
246896
247328
247381
247979
248665
248826
249244
249281
249903
249969
249981
251143
251245
251285
251433
251623
252441
252584
252644
254784
254794
254804
254864
254921
256812
256880
257031
257060
257090
258320
260870
261171
261510
261579
262756
262939
263343
266388
268100
269577
270477
270536
272617
272938
273709
273740
274406
274575
274586
274705
275193
276544
277703
277719
278626
278657
278913
279543
279570
279586
280646
283358
284071
284626
285003
285183
285489
286063
286240
288043
289675
290414
290616
290693
290885
291300
291744
292203
292421
292959
293960
294353
295105
295218
296206
296241
296334
296620
296670
297031
298165
298229
298252
298677
300636
300788
300810
301439
303178
304202
304299
304503
305185
305324
306130
306451
307447
307469
308823
309580
311867
311871
314275
314832
314975
315677
316257
316603
317179
318554
318925
319927
320064
321701
321772
321973
322252
322290
322482
323772
325249
330446
330980
331051
331291
332597
333811
333934
334792
335553
336192
336897
336899
336941
338682
338747
338753
338771
340496
340542
341180
341265
342285
342590
343442
343447
343494
343506
343522
343614
344787
345904
346016
346750
347301
347853
347872
349294
349767
351824
352419
353726
353946
354995
355120
356943
358191
359522
359847
361285
361319
361340
361775
362363
362835
364307
364860
364938
365616
366005
366920
367178
368802
368985
369545
369583
369920
370799
371192
372411
372570
372648
374169
374539
376251
376326
378800
381572
381927
383880
385007
387221
389181
392953
393271
