1118
2826
5017
5024
12559
15136
16467
17443
18984
21542
24282
25200
26482
27361
28249
28335
28385
28617
28928
36156
40213
41397
47078
47136
47870
49647
51924
65071
65170
68297
72836
74467
78186
82058
82737
82958
83042
83773
83932
87768
88090
88163
92155
97629
99822
106026
108536
111614
113430
113835
115714
117273
127340
127508
133826
140720
147849
149465
152488
158824
161442
163525
207802
210182
216378
220383
230483
248229
257743
276906
277084
278939
281869
296541
303889
308015
308095
352550
359455
359501
362819
369017
376059
383791
388814
389171
392407
392684
