1222
21653
43552
81986
83920
87629
99244
112983
121488
129038
129723
133091
135026
138437
139462
162119
164506
175980
177528
177618
184631
185932
195387
208158
211412
215209
217585
218050
232336
239211
243193
243596
243727
243941
243946
245862
247065
247250
248943
255364
263771
271183
271213
278432
278433
278465
285267
288701
293705
296558
296961
301631
303548
304168
306230
306254
308794
318148
320767
323544
325445
327007
328418
329824
333430
334744
334772
338031
344453
345953
363619
364892
365084
365269
370753
375421
376567
378890
380429
382156
390936
