12739
14092
17327
18953
20756
25209
25766
26336
27898
29101
34539
38325
39039
39100
39297
39370
40526
40597
40896
41867
43691
44999
46328
48328
48691
50412
51032
52072
53129
54160
55437
57187
58831
60156
60430
62245
62812
64285
66786
70854
70878
70913
74380
75385
76350
77396
78430
81130
81612
81735
83075
83202
83219
84456
88842
89028
93846
95138
95397
95510
96754
96826
97207
103796
104192
108153
109838
110809
111180
111195
112926
113439
113442
119882
122934
123256
126542
128912
129565
129907
133646
134026
135870
136292
136496
138188
139717
140463
142703
142910
143130
145431
146766
147898
148931
148991
151001
151123
151857
152358
156515
156516
157227
157310
161358
161366
161707
161726
161896
162016
162104
162890
164012
164116
164526
166523
167290
167814
168640
172658
172716
173435
175537
178166
179274
179315
181394
181463
182590
183850
185446
185545
190072
192751
192777
198026
198073
199330
199518
200239
202534
209284
209817
211792
212244
212342
212823
214007
216231
216795
216817
217107
217573
221929
222793
224435
224583
224615
224674
226865
227562
227913
227931
230077
231323
231502
233344
233756
233810
234127
240456
243605
246703
249570
256268
256329
257000
257035
257531
260927
261088
261316
262532
263466
264546
264708
265381
265768
266332
268544
271871
272887
272931
272934
272969
272997
273075
277793
278678
280979
283145
284612
287039
290601
291651
291686
293914
294262
294572
297067
298136
301305
301459
301516
301977
305163
305821
306344
307499
309576
310023
310279
311878
312915
315703
316363
316375
316403
316415
318775
319037
320808
323848
327304
327963
332391
332773
333663
336351
342881
347403
349270
349818
353672
353693
358161
358647
361337
365967
371734
377918
381576
381876
384062
386355
389120
389148
389948
