1298
1961
3157
3215
4955
5084
5361
5454
7114
7790
8010
8029
10049
11147
11813
12782
13014
13804
14612
14796
15025
15078
15966
15975
16713
17114
17165
18724
19072
20803
21164
23511
25270
26217
26550
27498
29929
32751
34627
35148
35220
37109
37334
38397
38525
38562
39055
40207
40661
40962
41036
41192
41251
42103
42764
43262
43530
45648
47664
47903
51022
54569
55226
56794
59916
63232
63459
69958
69993
73850
76552
78396
82710
85086
86364
87222
89804
92017
92119
95674
104569
105686
105785
106707
113795
115736
134162
136548
149969
151393
154137
158593
161967
169310
187461
189925
193169
195984
196020
197443
201231
204604
207346
207348
210161
210715
216008
220403
223313
227058
232926
238386
239247
240487
240499
245013
245917
249639
254337
254923
255110
258717
259448
267649
274414
274556
275436
281313
281323
281353
289871
290557
291156
300951
303856
305396
308452
311551
316339
324772
328816
333753
334973
345624
346820
354771
354803
364533
372265
375511
376544
376641
379108
387126
