13314
43616
54253
58742
59923
61396
65853
76214
78289
79110
79148
81750
83421
91670
111344
111482
120085
123191
123725
126712
126945
127117
127332
128527
134752
137130
144599
147379
148032
150031
152033
153976
154078
156565
157691
161713
168456
169839
169854
169888
169889
173680
178622
184737
184875
188544
190373
190419
190593
192244
192802
198685
199833
201749
202835
203690
205048
205161
208855
210494
214675
218995
219436
219923
220603
223651
223658
226842
227929
228272
229182
229983
231800
232845
233446
235270
235874
235883
235895
238039
239481
239510
240402
240660
241426
241831
242050
242931
244114
244177
246856
248614
248797
250661
255033
258469
262458
264727
264757
265711
265813
265870
267475
267762
268556
269110
269112
270531
270566
271211
271829
272908
272910
276514
277748
280077
281953
287233
288511
289856
290351
290436
293217
300817
301493
302124
303575
304206
305240
309017
311687
313216
314799
315848
316426
317603
323564
323787
325498
329167
331473
331820
335165
335564
338777
339437
345927
346583
350939
351169
352250
354647
355499
357078
359723
360907
362413
362800
363182
363395
364279
364896
364904
364935
366760
367794
369526
370775
372782
373256
376461
377839
381162
381174
382780
386485
387968
388735
392075
