1338
2682
4001
8853
9695
12369
12459
12572
14759
16443
16520
17893
17904
19007
20863
21188
21509
22963
23298
24758
25530
27844
28479
28519
34937
35738
35795
36000
36632
37488
38142
43533
44151
47169
47350
49825
51481
55746
58433
60753
63869
64149
67457
68765
72197
73149
75060
78827
80203
96647
107184
107694
111710
112042
113974
118524
120880
121898
124190
124230
124949
128955
131942
137221
139033
150142
156832
158839
169507
170391
171262
174597
174600
174630
176154
179735
179777
180255
180354
182135
183121
198932
200161
200617
200842
200882
202095
209570
218564
265174
268317
279213
279874
280770
294732
295020
304789
308704
311208
314659
328075
334546
336087
340011
352690
360032
361568
363737
367267
373446
381021
388884
