148
34909
40853
41448
48605
61728
69777
72901
75448
76769
85410
91030
91528
101308
111827
114820
114822
114878
116263
119617
123721
126762
127221
129945
133296
134042
136034
136840
140891
142765
159792
162888
164980
168712
171060
176244
182162
186269
188118
192639
204458
206639
208833
211264
212281
213285
216631
216855
217485
217542
218764
219455
231926
235150
238577
240412
242567
243684
245450
247361
249885
253196
253353
258433
265880
267764
270285
271853
275886
278038
283877
283890
284611
285859
286928
288432
289914
303185
303204
303470
304842
306812
316126
320854
321815
322723
323805
323872
324741
328564
330470
332540
338844
341141
343849
344793
346766
352880
353382
354054
359587
360631
362883
365853
366112
366146
367885
370756
370758
382985
385604
392739
