1547
4652
12706
43766
61207
61928
66853
78908
81550
84910
87239
88187
92953
94290
112325
117163
122633
122636
125942
139499
146444
147311
150781
151032
157480
159794
160660
161328
161625
164726
168418
168427
170714
174176
182474
183415
185380
187886
190292
191790
192690
192710
202951
205153
206084
206418
210449
217773
218696
219697
219779
219780
221336
223592
223619
224478
228332
229401
244629
248783
250258
251022
253237
258069
267325
271646
271693
272518
275363
276518
280606
281613
282440
284115
284529
285227
285299
285628
288021
291690
293129
293796
295456
296990
300824
306100
306544
307291
307609
310797
310854
312976
314712
319904
320772
322835
322869
323105
323121
323139
323465
330382
336517
337108
337114
337121
337136
339258
344098
344172
344644
346639
347464
347529
347980
348362
349770
351031
351059
351157
352210
352991
354426
357412
358627
363132
364804
365370
367142
371943
372414
373485
374591
376406
376810
377361
380194
380638
382890
382911
382914
382938
385345
387516
387546
387915
387917
388269
388668
389472
391252
391257
