158
167
208
243
263
277
311
321
452
462
534
658
720
761
811
832
962
975
993
1029
1079
1100
1223
1245
1289
1336
1350
1363
1389
1423
1442
1443
1482
1497
1570
1618
1635
1725
1741
1742
1745
1762
1774
1802
1809
1824
1835
1840
1848
1878
1894
1912
1913
1955
2051
2092
2117
2123
2144
2155
2160
2176
2188
2209
2224
2225
2226
2230
2268
2300
2319
2338
2377
2470
2482
2498
2506
2541
2555
2574
2589
2591
2620
2626
2683
2700
2713
2726
2729
2742
2785
2811
2814
2833
2837
2901
2924
2931
2953
2958
2963
2969
2985
3016
3019
3032
3117
3131
3143
3170
3191
3195
3207
3226
3261
3303
3334
3337
3374
3377
3380
3386
3409
3436
3457
3515
3516
3545
3623
3661
3726
3765
3778
3780
3781
3791
3804
3856
3903
3941
3975
4076
4084
4123
4195
4206
4240
4241
4259
4260
4286
4316
4345
4351
4365
4372
4389
4447
4506
4507
4623
4627
4651
4656
4664
4696
4727
4782
4803
4850
4863
4876
4887
4926
4927
4965
4981
5033
5072
5094
5139
5141
5161
5187
5286
5303
5306
5322
5338
5383
5414
5428
5442
5459
5465
5494
5523
5578
5582
5583
5677
5679
5759
5791
5809
5881
5882
5888
5918
5923
5941
5963
6001
6006
6143
6206
6210
6252
6262
6275
6276
6284
6299
6342
6408
6437
6457
6492
6538
6588
6605
6628
6653
6686
6718
6757
6778
6797
6798
6826
6829
6836
6839
6881
6899
6903
6971
6980
6986
7028
7048
7120
7121
7126
7199
7210
7244
7260
7311
7340
7346
7372
7396
7443
7455
7473
7478
7502
7521
7528
7544
7597
7610
7630
7647
7657
7661
7664
7665
7674
7689
7719
7754
7762
7770
7821
7862
7881
7902
7913
7923
7993
8049
8063
8093
8094
8101
8102
8144
8182
8183
8185
8221
8231
8234
8279
8343
8361
8386
8388
8421
8495
8499
8534
8539
8571
8581
8657
8694
8698
8740
8751
8754
8847
8867
8932
8933
8939
8946
8953
9042
9078
9105
9122
9124
9178
9226
9229
9238
9244
9248
9266
9267
9285
9287
9306
9337
9357
9372
9379
9380
9405
9408
9426
9463
9487
9496
9499
9528
9530
9573
9592
9631
9726
9727
9745
9757
9776
9786
9795
9824
9859
9889
9908
9916
9944
9977
9988
9989
9990
9999
10025
10052
10114
10192
10197
10198
10230
10240
10252
10267
10284
10311
10340
10341
10353
10378
10380
10447
10448
10534
10536
10595
10596
10605
10612
10630
10704
10708
10733
10755
10783
10789
10876
10879
10880
10887
10897
10916
10994
11037
11039
11053
11103
11109
11111
11134
11146
11156
11170
11201
11224
11241
11298
11308
11320
11348
11350
11353
11372
11449
11532
11534
11535
11568
11582
11585
11648
11706
11728
11740
11741
11749
11762
11763
11907
11944
11966
11994
12049
12050
12095
12124
12131
12144
12186
12224
12260
12353
12355
12356
12385
12388
12435
12491
12540
12555
12564
12597
12615
12640
12643
12663
12679
12757
12815
12838
12857
12869
12876
12936
12951
12952
12984
12991
12994
13021
13087
13112
13147
13177
13225
13266
13270
13306
13332
13344
13360
13368
13373
13375
13382
13412
13413
13414
13432
13646
13676
13680
13725
13746
13756
13765
13768
13777
13785
13797
13799
13806
13807
13828
13835
13886
13891
13895
14067
14071
14093
14094
14098
14103
14164
14178
14184
14243
14246
14256
14263
14271
14280
14281
14382
14438
14439
14443
14524
14553
14652
14724
14768
14772
14776
14779
14783
14797
14894
14897
14977
14981
14990
14992
14997
14998
15043
15063
15077
15081
15090
15146
15195
15205
15277
15281
15301
15339
15341
15384
15409
15414
15421
15453
15460
15462
15467
15468
15469
15501
15544
15564
15568
15573
15576
15578
15597
15649
15849
15863
15876
15879
15940
15956
15957
16033
16044
16049
16053
16101
16113
16131
16164
16199
16223
16227
16247
16249
16254
16255
16291
16313
16324
16326
16342
16345
16347
16473
16483
16484
16493
16502
16541
16616
16626
16706
16714
16748
16764
16775
16780
16839
16845
16909
16917
16926
17029
17053
17054
17082
17096
17103
17107
17108
17115
17116
17120
17122
17147
17151
17163
17246
17309
17366
17369
17455
17456
17523
17525
17537
17572
17605
17607
17694
17762
17772
17779
17794
17830
17832
17844
17865
17980
18043
18092
18122
18123
18149
18154
18182
18199
18224
18292
18359
18384
18410
18442
18462
18469
18470
18478
18534
18541
18555
18557
18561
18563
18573
18623
18636
18662
18689
18729
18821
18838
18930
19005
19008
19017
19083
19191
19192
19193
19195
19198
19218
19249
19270
19345
19462
19470
19477
19586
19587
19597
19627
19678
19778
19801
19821
19849
19854
19873
20025
20026
20029
20088
20089
20091
20092
20093
20095
20194
20209
20213
20214
20222
20223
20338
20339
20364
20397
20499
20516
20533
20572
20584
20609
20615
20625
20649
20690
20774
20830
20837
20870
20874
20884
20905
20908
21027
21029
21098
21132
21137
21155
21167
21201
21204
21247
21352
21355
21357
21359
21366
21533
21566
21580
21604
21685
21701
21717
21808
21821
21839
21857
21858
21932
21933
21937
21939
21947
21990
21991
21993
22003
22132
22151
22366
22398
22431
22484
22492
22497
22540
22681
22682
22691
22705
22715
22739
22757
22762
22768
22772
22899
22902
22920
22939
22968
22982
22983
22987
22994
22996
23022
23023
23045
23050
23054
23056
23066
23071
23151
23198
23218
23338
23535
23540
23543
23682
23808
23852
23861
23868
23872
23873
23883
23891
23912
23914
23925
24095
24121
24125
24144
24204
24308
24378
24493
24570
24572
24586
24750
24789
24790
24873
24874
24875
24947
25106
25112
25123
25127
25155
25171
25173
25183
25192
25197
25198
25202
25205
25232
25235
25241
25246
25273
25277
25285
25289
25293
25298
25304
25326
25578
25604
25611
25636
25640
25653
25670
25671
25768
25793
25799
25801
25811
25813
25814
25836
25933
26003
26044
26046
26055
26108
26163
26183
26184
26334
26531
26619
26642
26688
26782
26873
26875
26970
26987
27134
27151
27180
27184
27186
27197
27218
27232
27364
27374
27464
27502
27514
27521
27527
27576
27663
27818
27899
27914
27956
27963
27985
27991
27999
28000
28012
28015
28028
28051
28061
28097
28221
28236
28238
28251
28270
28271
28287
28314
28341
28342
28360
28363
28659
28661
28665
28687
28692
28707
28747
28755
28784
28833
28834
28842
28848
28853
28871
28965
29024
29050
29211
29212
29401
29404
29499
29520
29551
29634
29834
29851
29857
29866
29938
29969
30006
30172
30254
30278
30286
30305
30342
30352
30353
30427
30488
30563
30889
30991
31050
31052
31203
31218
31237
31245
31276
31649
31687
31698
31770
31777
32087
32179
32201
32213
32280
32284
32298
32306
32314
32315
32318
32323
32399
32407
32557
32563
32573
32610
32611
32660
32677
32732
32860
32861
32863
32866
32871
32873
32874
32992
33143
33153
33164
33171
33176
33192
33203
33263
33422
33434
33445
33722
33823
34087
34103
34129
34141
34158
34162
34165
34177
34236
34256
34277
34312
34324
34334
34336
34351
34397
34403
34412
34432
34443
34453
34469
34474
34475
34478
34479
34504
34543
34580
34720
34729
34786
34827
35103
35114
35146
35157
35206
35212
35215
35239
35241
35249
35251
35304
35305
35313
35315
35339
35513
35525
35555
35578
35590
35616
35691
35768
35955
36036
36055
36056
36066
36128
36129
36133
36251
36281
36315
36352
36517
36518
36590
36600
36609
36760
36837
36838
36850
36873
36884
36953
37029
37037
37045
37048
37061
37068
37069
37070
37073
37129
37138
37144
37184
37201
37289
37346
37361
37411
37464
37533
37659
37662
37665
37692
37695
37698
37753
37754
38245
38253
38266
38267
38271
38272
38285
38294
38295
38296
38299
38301
38302
38304
38340
38366
38384
38387
38391
38416
38442
38445
38464
38466
38490
38530
38608
38963
38985
38992
39015
39075
39145
39168
39170
39310
39392
39403
39684
39770
39780
39865
40099
40105
40124
40173
40438
40444
40491
40510
40516
40601
40616
40713
40754
40782
40783
40789
40792
40814
40819
40820
40887
40888
40920
40921
40943
40944
40948
40960
41010
41011
41060
41065
41075
41083
41085
41086
41088
41090
41093
41094
41104
41129
41145
41159
41160
41172
41227
41242
41261
41291
41293
41307
41512
41584
41593
41632
41797
41869
41988
41997
42034
42058
42133
42152
42207
42360
42385
42741
42779
42854
42936
43001
43032
43051
43056
43092
43108
43121
43159
43256
43263
43279
43358
43549
43648
43878
43883
43929
44015
44251
44253
44376
44383
44469
44477
44490
44579
45129
45257
45259
45266
45303
45334
45370
45474
45508
45522
45539
45586
45610
45612
45613
45628
45633
45654
45695
45755
45889
46134
46193
46307
46308
46321
46401
46516
46518
46583
46585
46666
46727
46732
46739
47042
47063
47091
47611
47640
47662
47691
47700
47724
47772
47782
47833
47846
47866
47938
47981
48312
48369
48400
48424
48492
48608
48790
48797
48799
48800
48804
49278
49380
49388
50377
50407
50452
50458
50475
50493
50555
50565
50576
50587
50594
50596
50619
50623
50629
50638
50648
50702
50715
50745
50772
50797
50802
50811
50832
50857
50871
50889
50891
50894
50896
50898
50915
50922
50924
51008
51068
51089
51095
51097
51098
51108
51130
51165
51252
51292
51779
51788
51847
51884
51891
51923
51987
52009
52173
52179
52202
52312
52528
52541
52602
52615
52638
52664
53257
53261
53288
53298
53299
53338
53339
53377
53962
53974
54177
54232
54272
54392
54454
54472
54504
54505
54527
54883
54884
54897
54973
55002
55004
55011
55025
55106
55113
55114
55124
55163
55177
55228
55250
55252
55253
55279
55282
55288
55301
55310
55311
55350
55392
55393
55430
55434
55497
55509
55691
55710
55712
55852
55856
55897
55904
55908
56285
56427
56558
56808
56824
56829
56989
57422
57431
57461
57480
57483
57511
57540
57572
57573
57588
57662
57681
57703
57707
57725
57735
57758
57767
57805
57865
57892
57953
57970
57984
58021
58258
58292
58326
58387
58400
58490
58500
58513
58566
58632
58745
58771
58773
58850
59154
59165
59807
59831
59846
59935
60064
60071
60094
60148
60149
60183
60204
60207
60223
60444
60449
60465
60486
60552
60576
60661
60679
60688
60693
61422
61431
61486
61489
61497
61499
61513
61571
61681
61694
61835
61852
61855
61857
61865
61872
61876
62226
62234
62298
62331
62441
62534
62552
62616
62656
62669
62673
62674
62681
62801
62803
62806
62808
62811
62965
63049
63129
63203
63394
63531
63660
63684
63691
63727
63731
63751
63785
63793
63795
63816
63852
63883
63889
63908
63917
63953
63954
64021
64051
64127
64165
64191
64196
64327
64356
64371
64375
64449
64485
64635
64681
64754
64761
64815
64843
64846
65026
65042
65049
65080
65133
65136
65158
65177
65187
65365
65383
65414
65459
65534
65611
65801
66216
66696
66742
66753
66881
66883
66894
66908
66912
66913
66948
66975
67022
67138
67217
67263
67272
67285
67357
67463
67527
67811
68385
68392
68422
68440
68452
68521
68893
68942
68965
68986
69002
69009
69174
69335
69771
69774
69782
69795
69800
69802
69821
69823
69825
69827
69843
69856
69857
69863
69866
69867
69880
69891
69896
69934
69965
70777
70849
70873
70938
71003
71031
71033
71049
71051
71053
71099
71266
71268
71303
71314
71322
71350
71447
71499
71626
72541
72556
72587
72607
72653
72668
72684
72719
72841
73280
73353
73371
73401
73462
73558
73713
73794
73843
73950
74306
74312
74383
74388
75176
75204
75668
75893
75915
75940
75979
76002
76003
76004
76007
76019
76021
76023
76032
76033
76069
76120
76142
76181
76185
76187
76201
76206
76210
76215
76216
76223
76232
76233
76234
76260
76279
76288
76435
76453
76501
76503
76504
76506
76507
76508
76575
76584
76611
76686
76761
77425
77499
77569
78164
78189
78276
78282
78337
78372
78378
78379
78447
78473
78479
78513
78516
78517
78581
78594
78596
78636
78813
78885
78896
78950
78966
78981
79035
79045
79067
79071
79074
79213
79327
79328
79331
79337
79458
79899
79975
79988
79990
79991
79993
79996
80011
81205
81552
81565
81587
81645
81665
81725
81827
82399
82555
82720
82725
82730
82753
82760
82775
82780
82785
82808
82841
82843
82846
82847
82867
82869
82990
83058
83065
83073
83074
83092
83095
83096
83104
83115
83126
83181
83235
83267
83313
83314
83318
83320
83327
83367
83369
83376
83383
83385
83387
83391
83392
83397
83402
83404
83406
83418
83422
83427
83457
83481
83496
83507
83515
83519
83530
83542
83558
83565
83572
83586
83589
83593
83595
83601
83607
83608
83623
83650
83694
83699
83713
84075
84285
84319
84465
84551
84552
84554
84558
84568
84607
84658
84812
84887
84928
84977
85089
85112
85229
85350
85407
85414
85497
85527
85569
85573
85756
87289
87296
87329
87361
87364
87436
87796
87990
88001
88002
88008
88045
88051
88121
88146
88147
88711
88756
88807
88862
88871
88874
88892
88988
89162
89186
89197
89210
89235
89239
89243
89289
89390
89411
89446
89546
89580
89589
89795
89809
89812
89826
89840
89848
89856
89865
89877
89879
89880
89883
89923
89965
89978
89985
89988
90418
90420
90605
90616
90640
90659
90790
90796
90842
91143
91425
91458
91469
91498
91508
91514
91520
91553
91555
91564
91578
91644
91671
91688
91694
91698
91704
91706
91708
91783
91804
91828
91831
91834
91837
91848
91852
91909
91971
91992
92019
92041
92044
92157
92877
93526
93632
93690
93759
93760
93761
93774
93805
93840
93843
93844
93879
93881
94049
94055
94064
94089
94097
94098
94153
94183
94194
95235
95241
95276
95283
95292
95295
95302
95325
95361
95364
95408
95431
95488
95515
95521
95546
95576
95632
96529
96553
96578
96605
96894
96898
96940
96945
96955
96989
97059
97089
97096
97104
97106
97122
97136
97137
97156
97184
97213
97217
97272
97320
97356
97449
97512
97513
97574
98878
98885
98991
99048
99100
99301
99435
99733
99764
99766
99788
99861
99863
99888
99914
99937
100107
100161
100295
100297
100326
100595
101213
101340
101356
102379
102442
102713
103159
103531
103691
103728
103762
103764
103850
103852
103855
103867
103885
103888
103896
103916
103950
104035
104068
104072
104098
104108
104115
104116
104134
104151
104188
104190
104206
104226
104261
104279
104334
104368
104409
104415
104433
104441
104472
104474
104485
104487
104492
104497
104500
104545
104603
104638
104639
104678
104691
104692
104725
104758
104769
105015
105239
105265
105296
105318
105324
105439
105476
105493
105560
105568
105659
105672
105675
105703
105719
105890
105898
106098
106115
106164
106179
106225
106364
106430
107339
107366
107393
107950
108852
108988
109656
109804
109805
109833
110148
110242
110307
110462
110810
110855
110882
110893
110901
110950
110952
110964
111012
111014
111032
111038
111048
111055
111058
111162
111166
111185
111201
111225
111293
111321
111335
111361
111363
111364
111367
111375
111379
111381
111389
111436
111447
111464
111478
111479
111480
111489
111497
111521
111575
111610
111814
112409
112647
112756
112776
112779
112781
112785
112801
112853
112857
112888
112895
112903
112922
112968
112972
113021
113026
113049
113067
113099
113263
113280
113328
113378
113397
113424
113456
113482
113486
113499
113515
113517
113535
113568
113612
113685
113733
113789
113855
114084
114132
114156
114370
114641
114662
114673
114703
114730
114952
114971
115107
115157
115213
115251
115310
115311
115317
115334
115373
115375
115399
115400
115551
115552
115586
115608
115632
115681
115687
115704
115727
115733
115748
115811
115907
115933
115980
116209
116288
116469
116487
116500
116503
116507
116511
116529
116541
116597
116633
116634
116653
116686
116879
116947
116980
117045
117103
117309
117341
117381
117425
117454
117482
117555
117633
117655
117688
117703
117761
117829
117833
117887
118017
118019
118040
118106
118143
118208
118209
118225
118253
118796
118810
118838
118841
118910
118921
118926
119709
119753
119782
119783
119784
119794
119816
119818
119860
119861
119888
119890
120120
120162
120326
120339
120344
120377
120537
120589
120680
120691
120890
120939
121212
121239
121333
121360
121361
121368
121377
121378
121416
121469
121510
121563
121568
121569
121576
121577
121588
121596
121648
121652
121670
121672
121702
121757
121767
121821
122366
122746
122761
123177
123194
123300
123375
123447
123657
123660
123706
123792
123818
123885
123965
124017
124018
125757
125975
126051
126094
126219
126231
126432
126465
126480
126495
126517
126556
126578
126647
126650
126651
126666
126677
126678
126679
126682
126697
126734
126748
126776
126783
126799
126806
126865
126914
126922
126929
126947
126975
127040
127058
127060
127153
127189
127273
127291
127295
127306
127309
128006
128103
128120
128125
128142
128158
128187
128200
128214
128219
128220
128246
128252
128262
128281
128294
128297
128325
128333
128465
128499
128711
128829
128864
128867
128919
128929
128931
128932
128944
128970
129009
129018
129031
129057
129087
129102
129120
129213
129242
129268
129278
129287
129381
129399
129479
129529
129533
129662
129689
129691
129701
129707
129717
129721
129956
130022
130156
130215
130224
130230
130232
130282
130289
131250
131251
131272
131277
131291
131987
132668
132718
132735
132799
132809
132822
132824
132826
132830
132847
132852
133259
133268
133275
133305
133311
133313
133322
133326
133362
133395
133412
133419
133422
133434
133449
133478
133488
133528
133548
133567
133610
133678
133705
133716
133724
133729
133736
133742
133745
133829
134094
134148
134152
134155
134156
134182
134183
134192
134194
134237
134331
134831
134948
135126
135191
135223
135256
135313
135861
136017
136057
136069
136188
136272
136343
136688
136778
136781
136851
137147
137159
138679
138743
138796
139578
139579
139639
139655
139711
139721
139776
139796
139823
139850
139852
139888
139890
139893
139916
139917
139920
139930
139933
139935
139977
139979
139986
139999
140000
140005
140014
140041
140053
140090
140112
140114
140115
140121
140125
140141
140149
140153
140155
140157
140179
140186
140207
140211
140222
140228
140241
140250
140295
140302
140310
140311
140337
140344
140405
140457
140503
140602
140646
140661
140677
140690
140695
140696
140707
140728
140729
140732
140743
140755
140758
140777
140778
140788
140798
140801
140805
140809
140833
140857
140863
140991
141005
141012
141021
141023
141029
141039
141102
141214
141227
141255
141257
141366
141383
141393
141459
141462
141914
142099
142988
143047
143054
143155
143251
143675
143679
143711
143724
144159
144247
144366
144391
144435
144456
144484
144499
144614
144620
144734
144749
144770
144846
144886
144910
144914
145337
145418
145445
145460
145479
145516
145537
145541
145590
145747
145860
146182
146195
146536
146537
146657
146704
146746
146752
146753
146757
146759
146783
146803
146806
146812
146830
146843
146851
146895
146924
146950
147368
147399
147416
147419
147426
147747
147767
147791
147797
147799
147869
147921
147996
148367
148432
148561
148592
148639
148683
148944
148967
148969
149004
149013
149022
149041
149048
149065
149066
149073
149090
149095
149116
149131
149428
149503
149885
149901
149908
149942
149954
149960
149961
149982
149987
150009
150040
150050
150087
150134
150154
150177
150262
150510
150533
150574
150578
150597
151167
151282
151300
151305
151317
151331
151332
151335
151337
151338
151341
151384
151407
151417
151734
151844
151860
151870
152048
152065
152092
152093
152254
152257
152342
152355
152375
152399
152430
152443
152487
152581
152597
152790
152791
152813
152816
152851
153637
154038
154039
154046
154047
154064
154074
154075
154097
154100
154104
154109
154114
154120
154122
154135
154139
154158
154161
154165
154166
154587
154598
154756
154794
154816
154822
154833
154848
154859
154861
154864
154876
154925
154945
154957
155170
155190
155194
155219
155253
155254
155267
155291
155320
155323
155392
155405
155517
155527
155531
155540
155542
155548
155813
155872
156534
156542
156553
156561
156573
156583
156591
156597
156613
156662
156680
157199
157225
157228
157246
157275
157283
157306
157320
157327
157342
157362
157367
157380
157397
157412
157423
157456
157457
157617
157630
157672
157685
157721
157725
157731
157759
157771
157896
157909
157916
157926
157930
157932
157941
157942
158326
158351
158540
158741
158756
159016
159023
159036
159043
159099
159106
159107
159113
159121
159129
159149
159206
159210
159300
159302
159341
159393
159803
159967
159973
160430
160435
160455
160467
160993
161030
161111
161129
161146
161603
161628
161809
161919
162411
162447
163372
163386
163399
163408
163483
163511
163517
163519
163523
163638
163999
164100
164115
164356
164363
164372
164378
164525
164536
164538
164543
164546
164582
164610
164778
165051
165059
165825
166504
166514
166518
166552
166567
166582
166590
166595
166620
166624
166629
166647
166653
166655
166660
166682
166743
166748
166806
167372
167432
167436
167575
167588
167602
167603
167638
167791
167876
168001
168004
168007
168011
168038
168386
168387
168442
168453
168682
168696
169104
169146
169234
169235
169291
169848
169849
169887
169919
169936
169954
169985
169993
169996
170022
170091
170609
170698
170701
170719
170720
170748
170751
170757
170793
170801
170802
170812
170856
171069
171079
171112
171155
171173
171176
171220
171235
171407
171639
171916
171951
172011
172229
172705
172706
172746
172799
172925
172940
172953
173038
173052
173068
173085
173091
173094
173107
173715
173763
173775
173777
173799
173801
173804
173806
173807
173810
173815
173854
173857
173884
173885
173889
173890
173894
174197
174427
175052
175066
175176
175322
175341
175497
175506
175517
175528
175568
175570
175592
175598
175605
175608
175612
175668
175690
176055
176285
176313
176332
176339
176369
176380
176388
176394
176445
176472
176488
176498
176501
176505
177578
177620
177732
177792
177836
177868
177908
178123
178167
178173
178178
178183
178189
178206
178211
178221
178229
178323
178697
178698
179191
179220
179222
179234
179248
179254
179320
179322
179328
179344
179356
180110
180142
180146
180690
180711
180965
180967
180991
181012
181013
181020
181034
181055
181078
181093
181097
181144
181154
181171
181182
181188
181198
181202
181207
181220
181233
181273
181451
181487
181493
181503
181560
181585
181632
181659
181738
181760
181790
182089
182726
182739
182742
182760
182768
182791
183482
183543
184388
184417
184456
184533
184621
184645
184651
184654
184665
184667
184678
184679
184685
184686
184690
184774
184786
184793
184805
184809
184812
184818
184847
184868
184896
184898
184901
184914
184916
185001
185019
185027
185043
185070
185156
185200
185231
185257
185267
185272
185292
185293
185296
185316
185322
185330
185348
185369
185396
185400
185410
185451
185452
185456
185472
185488
185499
185531
185536
185556
185672
185675
185677
185914
186242
186251
186305
186939
187138
187169
187172
187223
187225
187227
187252
187255
187260
187262
187296
187308
187315
187317
187339
187346
187354
187365
187377
187381
187411
187419
187420
187593
187599
187609
187709
188098
188109
188132
188503
188672
188736
188740
188754
188755
188770
188782
188801
188808
188833
188901
188913
188921
188969
188978
189254
189294
189295
189376
189477
189483
190094
190101
190108
190112
190126
190218
190225
190260
190329
190391
190423
190425
190440
190445
191207
191330
191331
191334
191346
191358
191359
191376
191409
191458
191769
191845
191898
192054
192058
192067
192068
192070
192071
192094
192098
192099
192102
192124
192147
192228
192236
192375
192526
192554
192566
192567
192702
192859
192868
192915
192993
193660
193692
193703
193739
195165
195660
195780
195791
195866
196023
196139
196583
196590
196636
196637
196639
196655
196664
196685
196739
196745
196752
196772
196776
196778
196782
196831
196834
196835
196852
196884
196886
196890
196899
196905
196908
196913
196951
197006
197015
197020
197023
197087
197091
197106
197115
197274
197329
197330
197340
197457
197503
198463
198488
198562
198605
198641
198643
198648
198656
198664
198804
199256
199314
199326
199353
199393
199405
199416
199417
199445
199453
199465
199466
199485
199494
199496
199511
199512
199519
199522
199545
199551
199559
199580
199582
199592
199593
199612
199617
199653
199681
199755
199775
199931
199948
200017
200038
200297
200306
201209
201218
201242
201281
201290
201374
201521
201647
201659
201717
201753
201768
201818
201831
202189
202265
202266
202269
202304
202498
202537
202572
202595
202603
202632
202633
202636
202641
202655
202657
202737
202761
202763
202775
202795
202809
202827
202834
202846
202876
202933
203039
203750
203759
203760
203764
203769
203771
203780
203796
203797
203825
203986
204075
204089
204090
204140
204172
204188
204515
204518
204528
204550
204552
204565
204584
204587
204592
204599
204602
204674
204735
204846
204849
204866
204880
204897
204900
204901
204918
204944
205015
205016
205017
205052
205205
205504
205512
205521
205548
205563
206023
206106
206118
206146
206172
206187
206239
206572
206656
206708
206727
206744
206746
206747
206749
206759
206767
206789
206794
206812
206828
207238
207293
207308
207317
207320
207328
207372
207418
207448
207519
207578
207595
207613
207690
207751
207758
207760
207768
207776
207777
207781
207804
207816
207823
207831
207849
207879
207882
207884
207888
207916
208140
208334
208336
208350
208355
208363
208365
208379
208397
208400
208407
208929
208951
208974
209286
209361
209374
209452
209690
209843
209877
209894
209990
210021
210088
210097
210098
210117
210135
210163
210179
210201
210256
210291
210372
210403
210426
210433
210484
210860
210868
210961
211421
211425
211480
211804
211818
211834
211843
212252
212304
212336
212451
212467
212480
212493
212520
212525
212528
212531
212562
212586
212668
212670
212839
212896
212900
212915
212990
213326
213342
213350
213834
214083
214384
214392
214409
214515
214590
214679
214712
214727
214780
214790
214835
214838
214960
214975
215026
215332
215337
215844
215958
216013
216130
216145
216157
216180
216234
216359
216377
216402
216404
216820
216882
217124
217465
217471
217491
217689
217700
217712
218049
218061
218067
218069
218405
218422
218459
218657
218736
218779
218781
218786
218927
218978
219065
219166
219171
219222
219463
219849
219861
219878
219879
219883
219898
219904
220350
220634
220640
220645
220655
220658
220707
220709
220760
220792
220795
220802
220875
221213
221224
221286
221332
221341
221357
221367
221384
221394
221406
221407
221416
221426
221429
221430
221445
221462
221487
221492
221683
221716
221743
221754
221756
221757
221781
221907
222089
222090
222112
222117
222119
222135
222139
222368
222845
222855
222863
222873
222896
223407
223427
223724
223759
223761
223767
223790
223792
223799
223805
223806
223813
223828
223829
223835
223853
223857
223861
223879
223916
223920
224592
224598
224600
224603
224605
224611
224613
224616
224618
224625
224630
224634
224636
224641
224644
224657
224668
224673
224677
224680
224683
224713
224719
224732
224742
224917
224925
224946
224980
225030
225057
225068
225383
225387
225392
225394
225626
225640
226016
226044
226527
226814
226815
226840
226868
226870
226871
226877
226897
226912
226916
226921
226922
226935
226987
227000
227509
227512
227514
227520
227525
227539
227548
227549
227556
227565
227590
227591
227599
227602
227611
227620
227623
227625
227629
227631
227641
227645
227653
227655
227658
227664
227689
227708
227932
227935
228072
228094
228137
228406
229208
229214
229220
229255
229264
229583
229593
229598
229612
229613
229614
229621
229629
229636
229643
229655
229702
229744
229745
229746
229780
229794
229814
229827
229834
229942
229980
229994
230940
231307
231357
231383
231470
231507
231528
231529
231530
231538
231541
231560
231567
231571
231582
231585
231656
231768
231780
231788
231789
231940
232275
232295
232297
232300
232301
232307
232528
232531
232581
232583
232608
232933
232943
232945
233412
233431
233452
233453
233465
233466
233558
233561
233594
233599
233686
233736
233753
233793
233794
233816
233830
233853
234034
234036
234038
234125
234134
234785
234791
234795
234798
234818
234837
234838
235240
235301
235326
235361
235397
235403
235441
235462
235899
235910
235932
235936
235945
235949
235955
235986
235992
236596
236608
236624
236642
236805
236816
236832
236834
236936
236956
237045
237132
237169
237190
237194
237198
237225
237236
237237
237243
237249
237285
237305
237933
237936
237973
237978
237982
238004
238014
238324
238588
238657
238659
238665
238671
238688
238691
238701
238704
238718
238721
238727
238738
238754
239078
239201
239342
239345
239418
239423
239441
239454
239468
239474
239483
239485
239486
239643
239666
239673
239684
239699
239710
239815
240474
240475
240687
240692
240703
240704
240712
240713
240742
241169
241187
241191
241221
241230
241243
241247
241258
241287
241309
241310
241312
241323
241443
241444
241491
241493
241502
241508
241795
242366
242605
243171
243200
243243
244756
244880
245411
245423
245441
245443
245915
246000
246200
246328
246452
246453
246481
246482
246493
246499
246567
246652
246677
246691
246887
248927
248934
249151
249759
249988
250002
250269
250270
250666
250684
250694
250701
250702
250705
250730
250735
250764
250779
250793
251261
251272
251295
251297
251300
251319
251478
251498
251510
251526
251532
251674
251677
251680
252077
252086
252686
252717
252730
252748
252786
254190
254767
254789
254809
254814
254815
254816
254857
254865
254885
254888
254892
254900
254901
254903
254905
254909
254911
254918
254929
254940
254953
254982
254984
255023
255032
255035
255042
255050
255051
255052
255055
255064
255073
255108
255109
255118
255125
255126
255139
255143
255155
255165
255203
255221
255250
255311
255335
255336
255430
256340
256347
256381
256394
256417
256421
256422
256438
256443
256444
256852
256881
256910
256912
257004
257021
257039
257049
257069
257092
257111
257126
257144
257241
257487
257489
257509
257896
258348
258560
258594
258640
258677
260263
260301
260302
260328
260378
260833
260850
260875
260876
260877
260881
260986
260988
261014
261023
261101
261163
261165
261173
261177
261178
261201
261216
261220
261266
261267
261288
261300
261301
261303
261304
261309
261334
261346
261360
261424
261427
261445
261447
261529
261538
261549
261580
261602
261620
261625
261637
261638
261659
261684
261703
261715
261719
262067
262073
262267
262278
262299
262324
262326
262490
262503
262517
262555
262577
262608
262673
262799
262883
262932
262937
262942
262951
262962
262979
262989
262993
263000
263029
263037
263303
263410
263433
263579
263591
263592
263659
263731
264026
264038
264140
264171
264174
264182
264188
264238
264272
264337
265375
265384
265386
265401
265403
265412
265415
265428
265570
265697
265827
265828
265829
265830
265831
265836
265845
265847
265848
265855
265862
265867
265872
265878
265893
265904
265905
265917
265919
265923
265924
265925
265966
266001
266339
266347
266368
266426
266430
266431
266716
266723
266764
266796
266803
266842
266846
266865
266868
266876
266941
267085
267091
267097
267768
267772
268127
268129
268136
268154
268503
268507
268543
268562
268568
268572
268576
268581
268583
268595
268599
268603
268606
268608
268621
268623
268628
268631
268636
268648
268661
268699
269223
269285
269292
269352
269511
269533
269569
269588
269773
269811
270014
270018
270022
271195
271235
271297
271303
271309
271790
271893
271937
271939
272451
272704
272705
272796
272817
272837
272878
272898
272928
272945
272968
272971
272989
272994
273000
273002
273011
273012
273013
273014
273029
273043
273049
273051
273052
273064
273079
273082
273129
273138
273204
273213
273840
273862
273900
273915
274161
274250
274255
274308
274312
274328
274350
274358
274370
274373
274405
274417
274449
274510
274524
274539
274561
274589
274594
274595
274597
274610
274611
274626
274636
274642
274655
274727
274730
274758
274863
274868
274874
274949
274981
275037
275058
275115
275178
275194
275235
275256
275474
275482
275498
275537
275540
276529
276548
276586
276608
276609
276850
276995
277012
277369
277634
277660
277687
277693
277716
277773
277788
277789
277818
277819
277828
277833
277836
277890
278304
278319
278419
278647
278650
278656
278686
278707
278760
278771
278772
278783
278807
278810
278824
278856
278861
278870
278873
278909
278912
278932
278986
278989
279002
279014
279059
279209
279283
279293
279331
279332
279509
279625
279757
280158
280170
280404
280438
280662
280727
280937
281024
281032
281045
281050
281052
281062
281063
281495
281509
281545
281589
281602
281619
281655
281704
281711
281729
281843
281859
282594
282980
282995
283094
283115
283120
283126
283310
283891
284236
284345
284520
284541
284567
284570
284578
284580
284590
284601
284602
284607
284613
284615
284616
284681
284795
285040
285068
285118
285193
285909
285937
285941
285965
285972
286007
286038
286117
286388
286577
286962
287002
287022
287345
287368
287714
288474
288732
288879
289418
289474
289626
289649
289659
289737
290113
290117
290118
290158
290226
290235
290256
290273
290287
290315
290317
290318
290334
290347
290390
290403
290406
290446
290484
290491
290512
290533
290569
290570
290618
290619
290641
290675
290705
290709
290739
290849
290862
290863
290899
290955
290967
291009
291059
291123
291128
291139
291143
291147
291158
291169
291185
291196
291264
291306
291349
291377
291425
291426
291457
291684
291897
292021
292042
292074
292109
292123
292124
292139
292151
292380
292535
292634
292638
292664
292678
292831
292886
292922
292928
292985
293067
293108
293114
293122
293203
293204
293223
293236
293256
293340
293341
293352
293362
293364
293432
293484
293494
293508
293891
293984
293995
294039
294083
294103
294108
294110
294162
294166
294173
294181
294257
294264
294364
294372
294378
294380
294382
294426
294443
294468
294537
294616
294737
294762
294801
294873
294882
294924
294957
295026
295059
295071
295079
295150
295171
295364
295448
295452
295494
295664
295689
295698
295868
296001
296020
296025
296028
296115
296162
296194
296212
296222
296279
296305
296322
296335
296363
296409
296434
296573
296651
296655
296659
296703
296749
297006
297115
297120
297130
297546
297547
297572
297587
297599
297605
297606
297778
298678
298717
298731
298744
299216
299662
299680
299701
299714
299722
299724
299727
299733
299740
299742
299751
299758
299774
299777
299793
299818
299844
299845
299848
299852
299853
299855
299886
299903
299908
299920
300415
300655
300664
300730
300779
300861
300942
301148
301210
301242
301244
301336
301370
301391
301393
301400
301403
301426
301440
301453
301500
301525
301545
302127
302153
302218
302234
302289
302779
302824
303179
304231
304254
304261
304264
304269
304277
304308
304322
304332
304338
304341
304342
304351
304385
304398
304407
304409
304410
304426
304449
304452
304461
304464
304476
304489
304491
304500
304508
304513
304521
304548
304556
304557
304559
304567
304580
304620
304714
304750
305189
305261
305283
305301
305443
305458
305796
305917
306226
306267
306296
306324
306345
306387
306402
307385
307922
308319
308322
308328
308358
308830
308877
308888
308889
308898
308941
308949
308962
308985
308988
308993
308995
309004
309009
309011
309013
309015
309021
309024
309031
309038
309046
309049
309051
309059
309067
309070
309075
309076
309079
309082
309083
309091
309104
309588
309608
309627
309631
309991
310168
310196
310199
310212
310277
311346
311833
311834
311863
311874
311882
311898
312378
312384
312712
312719
312724
312733
312752
312757
312761
312762
312763
312837
312904
312928
314240
314242
314282
314291
314292
314294
314317
314340
314350
314351
314352
314366
314380
314389
314395
314400
314422
314428
314883
315015
315038
315668
315717
315783
315784
315792
316354
316364
316368
316401
316407
316408
316410
316412
316506
316509
316535
316608
316633
316674
316680
316838
316839
316880
317243
317263
317270
317372
317382
317385
317417
317485
317556
317772
317844
317955
318196
318197
318199
318244
318324
318455
318626
318721
318800
318834
318860
318864
318884
318914
318946
318961
318962
318975
318977
318980
318988
318989
319000
319005
319026
319043
319046
319063
319068
319079
319087
319101
319140
319246
319358
319395
319424
319426
319454
319887
319893
319965
319975
319994
319998
320002
320023
320024
320038
320042
320054
320063
320107
320117
320140
320327
320333
320336
320384
320400
320405
320495
320593
320699
320893
320985
321054
321083
321124
321125
321136
321137
321146
321147
321164
321172
321176
321179
321223
321230
321234
321240
321522
321542
321586
321617
321637
321704
321901
321935
321969
322032
322065
322089
322142
322146
322153
322185
322241
322269
322281
322300
322352
322372
322394
322396
322397
322405
322428
322561
322617
322620
322679
323525
323527
323538
323540
323584
323840
323948
323984
323986
324015
324019
324025
324027
324030
324051
324076
324085
324098
324108
324119
324121
324164
324187
324213
324606
324671
324674
324682
324684
324685
324686
324705
324711
324716
324717
324720
324724
324725
324826
325474
325485
325538
325561
326187
326252
326260
327003
327055
327479
327484
327486
327488
327495
327516
327534
327535
327568
328506
328537
328549
328568
328580
328595
328600
328605
328694
328761
328762
328829
328848
329187
329193
329230
329239
329705
329851
330080
330136
330153
330154
330155
330182
330957
331004
331065
331074
331135
331224
331235
331321
331824
331945
331957
332163
332174
332181
332373
332550
332635
332677
332761
332763
332938
332983
333383
333448
333692
333704
334452
334497
335237
335618
335627
335632
335641
335868
336008
336310
336320
336365
336400
336438
336449
336453
336473
336496
336498
336910
336990
337229
338149
338155
338193
338199
338200
338303
338894
339406
339443
339444
339447
339452
339454
339465
339474
339476
339479
339497
339512
339563
341158
341159
341166
341200
341216
341221
341250
341251
341278
341294
341298
341302
341303
341304
341307
341310
341322
341327
341350
341365
341405
341410
341453
341475
341484
341485
341489
341492
341555
341565
341607
341692
341716
342694
342856
342886
342894
342899
342906
342911
342929
342941
342971
342979
342990
343019
343031
343059
343080
343363
343448
343463
343477
343524
343584
343945
344480
344528
344535
344536
344811
345055
345072
345607
345921
345945
345996
345997
346002
346021
346024
346031
346040
346042
346047
346049
346064
346068
346078
346090
346095
346117
346120
346136
346142
346399
346559
346697
346718
346728
346730
346731
346746
346748
346749
346756
346774
346787
346818
346834
346852
347096
347107
347317
347420
347451
347456
347473
347907
348141
348534
348611
348885
348947
348963
348983
349261
349306
349312
349317
349321
349325
349332
349339
349348
349367
349371
349384
349425
349819
349826
349838
350003
350308
350384
350402
350457
350682
351883
351888
351897
351898
352332
352349
352387
352470
352478
352486
352504
353095
353119
353146
353480
353489
353498
353535
353560
353569
353587
353758
353791
353804
353851
353890
353895
354024
354484
355027
355034
355050
355054
355066
355068
355083
355084
355091
355107
355111
355115
355118
355127
355132
355145
355156
355157
355158
355471
355524
355529
355578
355579
355664
356170
356539
356583
356586
356631
356632
356652
356778
356791
356794
356816
356848
356849
356861
356931
356932
357720
357753
357903
358261
358280
358285
358314
358321
358351
358354
358358
358682
358694
358733
358787
358801
358830
358845
358846
358883
359531
359537
359549
359563
359840
359892
359952
359991
360861
360867
360895
360906
360909
360962
360995
361014
361411
361418
361853
361870
362527
362561
362821
362885
363099
363893
363897
363905
363944
363982
363995
363999
364002
364006
364039
364051
364061
364453
364484
364913
364930
364937
364978
365593
365731
366001
366032
366243
366319
366761
366778
366781
366787
366971
366985
367221
367279
367544
367546
367599
367620
367653
367657
367758
367869
368622
369045
369115
369164
369402
369407
369418
369556
369596
369631
369659
369843
369898
369907
369960
370487
370556
370585
370842
370846
371188
371231
371248
371259
371276
371287
371300
371778
372022
372028
372039
372062
372074
372075
372082
372102
372103
372185
372317
372571
372600
372642
372647
372675
372684
372695
372705
372711
373034
373075
373077
373079
373109
373273
373321
373375
373417
373859
373863
373886
373891
373896
373905
373927
373938
373945
374590
374594
374599
374601
374615
374617
374627
374822
375222
375307
375326
375333
375334
375342
375347
375356
375371
375390
375400
375405
375430
375434
375439
375443
375448
375449
375450
375474
375475
375571
375610
375908
375922
376237
376299
376547
376610
376644
376727
376998
377159
377160
377167
377187
377895
378745
378748
378758
378764
378787
378797
378808
378813
378817
378836
378845
378851
378852
378853
378858
378865
378866
378869
378887
378889
378892
378893
378896
378906
378943
378957
378958
378960
378963
378964
378987
379018
379031
379039
379041
379043
379044
379071
379432
379833
380003
380063
380085
380112
380353
380470
380940
381469
381497
381562
381590
381605
381609
381616
381934
382237
382338
382618
382828
383335
383631
383677
383697
383723
384035
384101
384143
384147
384157
384169
384495
384799
384838
384869
384914
384916
384919
384927
384971
384978
385011
385094
385101
385601
385848
385857
386114
386116
386139
386152
386168
386172
386308
386472
386474
386478
386495
386507
386513
386558
386562
387025
387057
387072
387076
387113
387121
387180
387187
387270
387323
387380
387571
387659
387694
387700
387950
387951
387969
387971
388275
388294
388308
388629
388669
388676
388681
388687
388701
388712
388714
388727
388731
389151
389182
389186
389209
389217
389222
389256
389701
389714
389721
389741
389811
390018
390135
390154
390161
390216
390217
390227
390249
390254
390259
390272
390497
390797
391254
391262
391562
391572
391636
391657
391662
391668
392030
392055
392109
392128
392597
392604
392610
392896
392944
392991
393076
393130
393158
393251
393284
