15
85
258
473
630
682
801
812
966
1050
1094
1106
1168
1193
1275
1329
1333
1346
1425
1431
1458
1495
1499
1503
1531
1554
1775
1886
1926
1927
2005
2079
2181
2302
2304
2337
2381
2384
2463
2490
2537
2649
2660
2672
2685
2743
2786
2790
2796
2810
2822
2842
2869
2915
2964
2970
2988
2993
3017
3041
3080
3093
3182
3242
3252
3286
3296
3305
3313
3335
3387
3422
3484
3487
3488
3492
3503
3518
3524
3539
3569
3616
3662
3707
3711
3714
3729
3758
3779
3805
3816
3835
3870
3877
3892
3894
3909
3934
3961
3965
3974
3977
4056
4085
4128
4133
4149
4164
4190
4191
4252
4254
4275
4285
4288
4358
4384
4399
4418
4452
4467
4502
4526
4553
4564
4565
4567
4580
4601
4602
4611
4628
4636
4644
4695
4699
4704
4738
4763
4766
4767
4874
4877
4905
4911
4914
4943
4963
4974
4989
5001
5007
5035
5059
5093
5152
5188
5196
5206
5207
5215
5216
5231
5250
5260
5271
5288
5293
5308
5317
5321
5356
5382
5388
5464
5479
5489
5502
5517
5526
5544
5546
5547
5549
5574
5584
5611
5650
5657
5694
5695
5700
5703
5748
5772
5776
5785
5805
5824
5851
5890
5893
5913
5935
5962
5971
5976
5988
6000
6010
6073
6094
6119
6127
6134
6147
6199
6228
6260
6281
6302
6321
6326
6335
6356
6373
6388
6391
6401
6409
6422
6445
6463
6466
6496
6530
6561
6650
6662
6663
6729
6746
6775
6827
6833
6858
6898
6905
6926
6939
6950
6981
6982
7075
7118
7151
7165
7170
7177
7198
7258
7259
7273
7318
7328
7329
7342
7344
7356
7390
7419
7428
7477
7487
7592
7628
7646
7659
7679
7736
7811
7813
7834
7855
7878
7894
7954
7963
7971
8041
8045
8059
8073
8111
8118
8132
8170
8278
8290
8300
8321
8360
8397
8400
8420
8472
8515
8597
8605
8632
8643
8654
8719
8759
8903
8995
9006
9021
9038
9054
9133
9145
9149
9153
9191
9193
9269
9289
9297
9332
9334
9356
9363
9401
9442
9460
9500
9512
9536
9549
9587
9627
9628
9653
9659
9666
9729
9738
9804
9805
9808
9891
9906
9982
10031
10078
10109
10141
10164
10220
10260
10262
10329
10351
10385
10387
10391
10394
10426
10441
10549
10564
10568
10599
10602
10607
10645
10669
10743
10746
10805
10838
11009
11035
11045
11059
11079
11101
11151
11186
11233
11290
11310
11327
11445
11478
11482
11528
11555
11579
11608
11642
11705
11734
11745
11752
11787
11797
11798
11850
11881
11884
11905
11930
11932
11961
11982
12028
12034
12044
12045
12084
12096
12102
12121
12136
12162
12193
12257
12269
12272
12274
12277
12304
12305
12351
12420
12424
12473
12528
12550
12686
12687
12688
12709
12756
12908
12914
13009
13016
13017
13018
13019
13044
13049
13055
13076
13110
13143
13260
13276
13284
13352
13354
13358
13359
13390
13392
13411
13452
13511
13517
13552
13582
13640
13643
13800
13816
13836
13939
13942
13959
14010
14030
14031
14066
14091
14118
14126
14127
14166
14201
14208
14210
14212
14232
14299
14339
14361
14362
14374
14379
14397
14401
14430
14476
14494
14497
14537
14578
14594
14603
14625
14630
14662
14665
14668
14691
14695
14706
14720
14721
14737
14831
14842
14856
14858
14901
14909
14911
14931
14984
14999
15015
15049
15103
15135
15138
15141
15149
15165
15166
15197
15270
15272
15273
15302
15327
15366
15383
15419
15425
15449
15466
15496
15516
15520
15558
15590
15605
15613
15688
15709
15717
15719
15730
15799
15800
15803
15829
15851
15871
15903
15925
15936
15953
15963
15997
16186
16187
16328
16355
16358
16363
16366
16420
16430
16437
16439
16442
16453
16466
16523
16533
16535
16539
16540
16559
16579
16590
16592
16595
16678
16693
16773
16779
16783
16819
16833
16875
16888
16940
16943
16954
16971
17006
17012
17016
17019
17060
17127
17133
17180
17207
17209
17219
17241
17257
17275
17279
17322
17367
17382
17388
17395
17426
17478
17487
17517
17519
17642
17648
17725
17766
17793
17810
17836
17846
17850
17857
17888
17949
17999
18000
18003
18023
18030
18031
18040
18055
18064
18067
18114
18146
18147
18218
18226
18254
18332
18375
18433
18437
18487
18509
18519
18522
18532
18591
18631
18637
18654
18685
18711
18734
18738
18763
18792
18802
18810
18813
18835
18845
18863
18871
18879
18897
18922
18977
18988
19012
19091
19113
19152
19155
19181
19183
19188
19189
19313
19314
19316
19364
19366
19490
19511
19514
19520
19522
19554
19559
19560
19562
19620
19648
19682
19700
19710
19718
19733
19735
19743
19745
19757
19759
19771
19773
19777
19793
19850
19894
19895
19918
19919
19920
19933
19953
20008
20013
20024
20044
20057
20090
20110
20111
20117
20124
20184
20197
20277
20349
20353
20358
20361
20384
20430
20434
20473
20485
20489
20504
20520
20563
20579
20597
20599
20605
20623
20624
20647
20680
20682
20709
20712
20723
20745
20747
20753
20757
20758
20759
20767
20788
20797
20805
20811
20816
20864
20865
20867
20896
20903
20909
20962
20963
20971
21003
21023
21024
21040
21043
21044
21077
21087
21089
21090
21095
21107
21120
21127
21150
21152
21153
21215
21234
21241
21255
21347
21351
21354
21365
21437
21518
21527
21558
21561
21562
21570
21591
21611
21645
21646
21655
21662
21693
21761
21764
21787
21794
21865
21907
21912
21923
21931
21983
22024
22032
22047
22085
22088
22092
22117
22119
22125
22135
22170
22183
22278
22284
22359
22360
22367
22388
22476
22489
22588
22629
22635
22637
22641
22686
22688
22709
22854
22870
22879
22882
22886
22926
22985
23005
23081
23090
23120
23154
23170
23205
23302
23303
23314
23339
23341
23388
23413
23448
23449
23469
23477
23490
23561
23565
23605
23607
23608
23612
23672
23674
23677
23686
23693
23764
23765
23774
23780
23786
23799
23802
23829
23835
23853
23880
23884
23892
23941
23959
23960
23976
23979
23984
23985
23993
24012
24014
24102
24181
24195
24196
24260
24298
24399
24460
24469
24476
24487
24575
24577
24612
24660
24675
24678
24694
24732
24741
24777
24805
24811
24816
24863
24884
24934
24946
24983
25027
25048
25064
25067
25069
25167
25174
25216
25242
25274
25282
25342
25349
25352
25407
25409
25472
25489
25496
25525
25532
25535
25545
25557
25589
25641
25687
25724
25739
25747
25830
25865
25871
25889
25897
25908
25926
25935
25947
25967
25998
26020
26088
26096
26158
26161
26178
26206
26256
26257
26270
26343
26357
26363
26372
26403
26408
26419
26421
26432
26470
26473
26481
26490
26501
26538
26547
26580
26592
26612
26626
26627
26629
26630
26636
26644
26654
26683
26687
26706
26775
26791
26793
26825
26829
26850
26903
26912
26913
26915
26977
27117
27128
27139
27146
27152
27199
27225
27285
27297
27310
27331
27355
27395
27398
27400
27430
27474
27475
27494
27554
27577
27579
27586
27614
27623
27639
27686
27720
27721
27786
27825
27831
27860
27861
27883
27894
27960
27974
28055
28056
28067
28082
28172
28188
28191
28269
28274
28281
28304
28307
28319
28325
28326
28377
28432
28472
28577
28599
28731
28774
28776
28806
28849
28897
28900
28972
28973
29010
29076
29133
29154
29166
29200
29244
29251
29306
29311
29343
29392
29394
29406
29449
29470
29480
29487
29489
29550
29630
29664
29670
29743
29758
29782
29790
29791
29797
29798
29821
29893
29907
29912
30001
30072
30075
30080
30135
30143
30182
30224
30231
30258
30261
30266
30274
30351
30359
30366
30377
30387
30403
30432
30445
30448
30568
30579
30584
30587
30598
30734
30784
30794
30797
30879
30882
30884
30886
30887
30929
30936
30938
30939
30947
30976
31047
31048
31059
31111
31175
31202
31208
31227
31230
31239
31361
31373
31382
31385
31399
31459
31497
31518
31521
31530
31549
31648
31666
31685
31693
31732
31752
31760
31790
31799
31804
31815
31833
31837
31855
31887
31930
31993
31999
32020
32099
32110
32114
32133
32139
32164
32184
32203
32248
32291
32294
32355
32468
32479
32491
32493
32495
32497
32517
32531
32565
32577
32776
32796
32853
32891
32960
32983
33011
33023
33039
33098
33150
33151
33155
33157
33174
33185
33206
33236
33275
33284
33346
33500
33521
33544
33557
33636
33637
33641
33643
33649
33653
33654
33656
33692
33698
33708
33709
33718
33719
33735
33813
33820
33834
33874
33956
33962
34041
34055
34057
34094
34095
34214
34223
34286
34347
34348
34390
34417
34422
34435
34445
34459
34582
34584
34588
34653
34656
34683
34685
34704
34705
34811
34812
34813
34847
34849
34866
34873
34888
34925
34931
34997
35131
35192
35234
35295
35320
35421
35441
35451
35467
35480
35487
35504
35542
35558
35561
35564
35566
35568
35592
35595
35676
35876
35889
35892
35894
35903
35906
35923
35929
35939
35941
35975
35981
35990
36011
36019
36022
36027
36028
36035
36099
36104
36106
36173
36223
36255
36307
36365
36569
36705
36716
36725
36727
36777
36786
36831
36907
36933
36969
37081
37206
37219
37222
37223
37263
37265
37267
37271
37276
37296
37317
37321
37328
37332
37424
37647
37914
37916
37927
37930
37934
37968
37970
37980
37994
38006
38009
38010
38014
38043
38067
38089
38201
38205
38208
38226
38227
38228
38229
38281
38399
38454
38458
38468
38634
38646
38655
38660
38741
38831
38835
38840
38853
38913
38919
38929
38998
39046
39057
39112
39138
39202
39224
39258
39283
39345
39398
39432
39454
39534
39584
39663
39737
39746
39753
39755
39759
39819
39935
39950
40035
40040
40045
40063
40069
40079
40087
40112
40161
40282
40283
40318
40391
40429
40446
40482
40535
40545
40547
40557
40670
40674
40699
40702
40709
40721
40722
40724
40725
40736
40739
40745
40747
40752
40787
40844
40854
40994
41050
41111
41151
41171
41176
41206
41233
41256
41297
41313
41400
41420
41437
41451
41453
41472
41516
41520
41543
41580
41591
41596
41658
41673
41767
41769
41827
41913
41923
41943
41950
41967
41981
42047
42062
42077
42115
42128
42143
42165
42170
42241
42282
42283
42284
42353
42374
42398
42463
42478
42489
42573
42574
42703
42706
42719
42721
42724
42856
42892
42963
42987
42996
43026
43041
43042
43053
43090
43094
43142
43144
43161
43168
43169
43211
43224
43287
43416
43469
43509
43531
43595
43598
43607
43777
43797
43831
43876
43926
43987
44028
44197
44206
44207
44213
44215
44234
44240
44258
44259
44275
44279
44287
44297
44307
44309
44310
44317
44320
44323
44331
44335
44348
44354
44358
44367
44387
44401
44430
44445
44447
44455
44472
44530
44540
44556
44570
44687
44846
44848
44865
44892
44951
45009
45034
45050
45063
45122
45150
45154
45156
45189
45194
45199
45212
45222
45240
45263
45283
45290
45319
45320
45385
45392
45403
45406
45423
45429
45456
45467
45487
45497
45520
45529
45540
45542
45553
45560
45600
45627
45655
45661
45690
45700
45774
45777
45857
45871
45894
45904
45932
45935
45980
45981
45982
46008
46029
46041
46061
46087
46089
46111
46158
46173
46183
46187
46188
46229
46230
46233
46239
46262
46280
46294
46297
46334
46354
46367
46380
46411
46434
46441
46456
46552
46580
46636
46822
46862
46902
46928
46943
46959
46974
46975
46982
46992
47049
47071
47118
47133
47134
47303
47358
47388
47396
47445
47482
47483
47516
47530
47532
47539
47558
47561
47570
47582
47590
47594
47659
47707
47763
47766
47799
47835
47853
47859
47871
47917
47926
48130
48143
48152
48188
48200
48266
48268
48297
48365
48374
48386
48408
48485
48487
48489
48532
48591
48594
48600
48685
48687
48694
48701
48768
48857
49057
49082
49109
49127
49245
49267
49268
49275
49292
49293
49296
49303
49317
49326
49331
49338
49343
49354
49367
49372
49378
49393
49395
49400
49403
49416
49419
49427
49457
49507
49525
49539
49575
49582
49627
49781
49866
49916
49928
49965
50042
50111
50113
50149
50183
50191
50197
50200
50203
50204
50219
50232
50249
50281
50333
50352
50360
50363
50369
50380
50395
50435
50528
50561
50608
50622
50655
50689
50718
50723
50730
50731
50732
50739
50742
50748
50753
50773
50776
50795
50803
50816
50817
50829
50835
50841
50853
50854
50860
50866
50925
50932
50948
50964
50991
51020
51091
51121
51126
51145
51180
51201
51207
51220
51242
51262
51276
51302
51308
51569
51589
51616
51656
51666
51689
51717
51723
51734
51740
51772
51778
51794
51802
51817
51821
51833
51842
51846
51855
51857
51939
52020
52038
52039
52087
52271
52277
52298
52390
52443
52574
52605
52608
52611
52612
52621
52783
53013
53086
53096
53097
53185
53191
53193
53211
53212
53213
53219
53221
53233
53241
53247
53258
53318
53343
53344
53348
53371
53390
53411
53492
53510
53528
53568
53744
53765
53776
53780
53830
53844
53851
53929
53952
54008
54012
54044
54068
54091
54128
54137
54143
54145
54147
54193
54201
54207
54223
54288
54304
54335
54336
54344
54362
54386
54418
54421
54422
54432
54445
54466
54468
54481
54515
54531
54543
54685
54716
54748
54759
54762
54790
54791
54829
54834
54846
54847
54892
54906
54929
54931
54937
54976
55014
55049
55063
55076
55078
55142
55154
55191
55299
55361
55389
55399
55414
55424
55469
55479
55484
55493
55528
55543
55550
55554
55600
55629
55648
55699
55853
55886
55902
56067
56075
56096
56117
56154
56173
56175
56185
56193
56198
56199
56200
56209
56212
56217
56254
56260
56282
56335
56514
56572
56636
56705
56711
56717
56739
56758
56769
56775
56776
56779
56813
56891
56893
56904
56915
56925
56938
57008
57019
57020
57054
57079
57173
57180
57228
57236
57242
57252
57296
57319
57329
57349
57403
57500
57532
57539
57541
57543
57563
57595
57604
57647
57656
57673
57743
57786
57792
57807
57855
57863
57899
57901
57909
58042
58148
58160
58162
58187
58356
58357
58361
58495
58499
58557
58729
58733
58737
58791
58820
58834
58841
58845
59055
59203
59308
59403
59439
59443
59449
59485
59509
59516
59527
59551
59554
59579
59581
59585
59592
59604
59611
59616
59624
59633
59638
59646
59662
59665
59667
59672
59675
59683
59693
59711
59728
59741
59745
59755
59760
59782
59784
59827
59877
60045
60247
60263
60284
60310
60319
60362
60434
60435
60546
60554
60595
60600
60722
60766
60781
60857
60952
60972
61076
61087
61141
61266
61301
61319
61356
61358
61474
61607
61626
61639
61644
61689
61733
61800
61946
62078
62105
62144
62156
62160
62192
62217
62233
62313
62377
62389
62396
62496
62541
62575
62579
62592
62598
62625
62706
62792
62827
62865
62897
62982
63119
63120
63122
63127
63253
63276
63344
63357
63418
63419
63575
63602
63604
63614
63629
63672
63682
63845
63937
63983
63989
64035
64084
64085
64115
64147
64153
64156
64160
64215
64411
64412
64514
64522
64552
64555
64592
64598
64621
64623
64678
64680
64807
64827
64839
64952
64962
65113
65163
65428
65441
65505
65684
65705
65722
65796
65833
65846
65856
65898
65938
65951
66001
66126
66186
66210
66411
66413
66446
66451
66474
66482
66505
66510
66522
66530
66542
66548
66557
66569
66573
66577
66594
66599
66607
66610
66619
66621
66623
66624
66631
66632
66636
66723
66725
66744
66745
66755
66761
66769
66780
66804
66826
66830
66842
66851
66867
66899
66936
66949
66960
66997
67023
67058
67059
67072
67153
67158
67273
67292
67296
67328
67536
67773
67795
67809
67848
67912
67920
67921
67934
67947
67959
67962
67964
68028
68035
68103
68128
68130
68181
68182
68185
68231
68265
68280
68293
68317
68349
68355
68462
68487
68545
68551
68591
68594
68623
68748
68774
68808
68817
68827
68860
68901
68979
69029
69047
69092
69123
69143
69182
69249
69292
69319
69323
69331
69418
69422
69517
69525
69538
69631
69685
69711
69740
69784
69887
70217
70308
70380
70438
70445
70452
70501
70508
70551
70555
70625
70631
70637
70648
70680
70690
70697
70717
70727
70746
70752
70764
70822
70827
70829
70852
70903
70931
70944
70955
70960
70964
70969
71030
71048
71071
71076
71078
71095
71117
71119
71124
71126
71141
71143
71148
71149
71155
71199
71208
71224
71232
71249
71288
71297
71300
71306
71312
71338
71371
71383
71387
71403
71413
71416
71420
71421
71427
71431
71462
71473
71538
71794
71936
71956
72016
72018
72031
72164
72188
72280
72322
72323
72329
72330
72355
72405
72427
72444
72477
72528
72615
72620
72741
72745
72777
72805
72818
72827
72834
72892
72907
72912
72922
73092
73124
73137
73152
73158
73259
73307
73308
73378
73504
73636
73741
73839
73889
74078
74083
74087
74094
74117
74129
74130
74136
74155
74156
74178
74180
74214
74267
74270
74274
74296
74303
74326
74341
74343
74362
74378
74502
74752
74957
74985
75130
75159
75161
75281
75332
75366
75376
75379
75384
75386
75400
75462
75488
75490
75515
75516
75526
75528
75553
75562
75606
75608
75612
75640
75726
75736
75744
75763
75764
75766
75768
75770
75772
75775
75804
75812
75814
75872
75898
75907
75908
75924
75954
75959
75992
76034
76150
76240
76248
76250
76262
76293
76304
76308
76319
76333
76342
76357
76380
76465
76475
76528
76548
76549
76587
76589
76602
76609
76623
76629
76659
76687
76716
76732
76907
76971
76979
76991
76992
77028
77041
77110
77112
77118
77164
77172
77208
77352
77429
77455
77459
77491
77509
77527
77602
77603
77647
77836
77856
78015
78077
78082
78114
78134
78172
78219
78269
78287
78297
78333
78592
78691
78701
78702
78789
78808
78829
78850
78938
78985
79022
79050
79087
79321
79431
79451
79565
79697
79823
79828
79844
79847
79856
79862
79873
79882
79896
79911
79918
79933
79935
79950
79964
79977
79997
80586
80647
80812
80851
80968
80981
80987
80996
81006
81098
81111
81152
81163
81217
81220
81225
81230
81247
81337
81342
81359
81371
81377
81383
81401
81403
81453
81465
81467
81495
81504
81558
81563
81569
81572
81578
81580
81639
81641
81642
81678
81692
81694
81700
81710
81718
81719
81754
81762
81782
81829
81836
81848
81849
81855
81911
81929
82326
82371
82383
82387
82413
82423
82459
82520
82566
82584
82601
82603
82607
82625
82698
82824
82861
82881
82914
82944
82968
82973
83016
83156
83189
83205
83462
83463
83663
83667
83816
83853
83859
83933
84002
84017
84043
84120
84153
84184
84354
84374
84391
84416
84436
84440
84470
84507
84511
84526
84527
84557
84590
84637
84653
84664
84700
84717
84723
84734
84764
84767
84776
84794
84830
84878
84880
84920
84924
84933
84949
84953
85031
85045
85105
85190
85265
85397
85507
85550
85581
85582
85586
85589
85595
85618
85750
85786
85800
85847
85888
85889
85920
85924
85928
85930
85939
85963
85973
85976
86004
86012
86015
86029
87053
87070
87072
87100
87103
87105
87111
87116
87121
87129
87150
87166
87173
87175
87176
87178
87180
87181
87206
87220
87231
87234
87235
87256
87257
87274
87277
87308
87312
87347
87353
87370
87392
87398
87402
87411
87412
87441
87462
87486
87524
87534
87572
87584
87651
87665
87668
87669
87671
87678
87686
87702
87725
87728
87766
87799
87800
87803
87804
87838
87856
87888
87889
87894
87910
87925
87931
87932
87937
87943
87945
87954
87960
87986
87987
88012
88127
88145
88181
88208
88260
88271
88405
88446
88509
88604
88616
88640
88642
88652
88736
88751
88916
89052
89053
89117
89128
89140
89224
89272
89274
89280
89308
89328
89347
89369
89458
89459
89461
89495
89550
89575
89670
89711
89728
89771
89778
89820
89873
89882
89888
89907
90000
90034
90035
90104
90168
90182
90188
90203
90233
90279
90327
90355
90421
90422
90440
90477
90486
90492
90493
90507
90521
90535
90666
90683
90872
91025
91035
91055
91063
91065
91066
91067
91070
91073
91074
91085
91086
91094
91101
91108
91125
91126
91137
91139
91322
91361
91362
91369
91398
91406
91408
91414
91416
91454
91455
91502
91505
91535
91562
92486
92611
92662
92688
92695
92724
92784
92904
92931
92939
92940
92942
92961
92965
92967
92969
92974
92976
92977
92993
93004
93014
93017
93029
93033
93037
93045
93056
93139
93162
93181
93200
93218
93220
93227
93245
93248
93267
93277
93283
93289
93319
93321
93326
93336
93368
93378
93382
93399
93401
93404
93419
93421
93428
93429
93451
93452
93454
93481
93482
93493
93498
93500
93511
93513
93531
93540
93568
93591
93594
93615
93676
93729
93744
93813
93818
93860
93869
93871
93883
93897
93905
93921
93924
93965
93970
93978
93979
93990
93997
94010
94011
94015
94024
94025
94054
94135
94163
94182
94259
94430
94620
94687
94708
94728
94872
94886
95037
95220
95224
95236
95345
95413
95454
95472
95577
95591
95675
95698
95714
95774
95777
95787
95817
95821
95863
95928
95968
95974
95992
96046
96248
96262
96263
96278
96317
96391
96409
96439
96451
96469
96485
96486
96488
96723
96738
96739
96740
96747
96748
96766
96786
96801
96832
96840
96868
96872
96891
96909
96910
96946
96958
96959
96963
96964
96965
96973
96975
96978
96993
97008
97014
97023
97025
97031
97038
97061
97079
97125
97182
97232
97248
97255
97262
97269
97321
97409
97411
97436
97521
97764
98395
98506
98560
98574
98585
98593
98671
98689
98699
98707
98712
98722
98723
98787
98855
98858
98870
98877
98900
98902
98907
98920
98930
98941
98959
98964
99011
99030
99031
99034
99040
99101
99102
99106
99160
99184
99192
99216
99217
99521
99570
99718
99744
99760
99835
99845
99856
99858
99925
99941
99987
100057
100579
100597
100606
100612
100616
100637
100639
100693
100704
101040
101077
101131
101191
101218
101330
101357
101443
101453
101473
101480
101555
101615
101640
101678
101689
101706
101740
101753
101768
101772
101786
101788
101802
101958
102181
102249
102250
102370
102420
102435
102474
102475
102579
102624
102640
102672
102701
102704
102730
102998
103050
103121
103142
103154
103169
103170
103174
103182
103184
103189
103190
103255
103300
103315
103364
103412
103439
103441
103445
103451
103499
103514
103519
103547
103565
103606
103638
103978
104004
104057
104059
104194
104265
104295
104301
104337
104339
104659
104668
104744
104832
104844
104856
104860
104910
104926
104937
104966
105019
105052
105062
105125
105128
105146
105165
105196
105245
105282
105303
105449
105680
106489
106746
106763
106855
106903
107042
107114
107137
107188
107328
107345
107374
107522
107541
107643
107701
107707
107758
107760
107782
107832
107834
107914
107953
107966
107994
108007
108083
108093
108102
108133
108148
108152
108160
108170
108199
108237
108252
108262
108282
108294
108338
108352
108365
108409
108474
108493
108496
108601
108614
108616
108644
108687
108804
108834
108871
108875
108881
108885
108894
108938
109031
109070
109075
109090
109171
109222
109234
109236
109248
109259
109271
109275
109302
109324
109328
109341
109357
109405
109419
109425
109430
109432
109443
109445
109473
109479
109550
109561
109604
109624
109630
109651
109708
109713
109777
109828
109843
109924
109933
109983
109993
110015
110022
110054
110147
110166
110173
110182
110241
110324
110335
110341
110366
110368
110371
110376
110381
110395
110412
110422
110451
110463
110494
110519
110547
110554
110559
110560
110579
110584
110732
110746
110764
110767
110795
110864
110869
110912
110914
110916
110988
111005
111021
111070
111127
111140
111288
111312
111341
111536
111680
111706
111708
111721
112284
112376
112394
112466
112472
112476
112496
112599
112642
112659
112664
112831
112938
113111
113162
113176
113188
113201
113404
113595
113756
113837
113844
113895
113911
113933
113941
113956
114022
114150
114193
114294
114435
114442
114449
114468
114516
114542
114548
114559
114569
114597
114651
114829
114835
114900
114915
114967
115013
115028
115045
115084
115126
115159
115169
115204
115210
115300
115378
115516
115544
115575
115628
115629
115636
115661
115677
115793
115880
116015
116037
116125
116146
116150
116157
116185
116212
116305
116372
116427
116435
116455
116462
116496
116523
116556
116565
116599
116641
116773
116833
116933
116936
117005
117009
117070
117080
117206
117248
117259
117331
117437
117480
117665
117676
117726
117729
117733
117741
117816
117861
117871
117905
117922
118088
118090
118366
118383
118669
118679
118778
118790
118834
118859
118861
118880
118882
119223
119296
119373
119375
119394
119443
119465
119484
119491
119508
119525
119538
119551
119569
119576
119646
119648
119664
119665
119673
119727
119761
119768
119769
119770
119829
119830
119836
119902
120067
120093
120117
120123
120160
120174
120261
120271
120282
120300
120310
120314
120316
120403
120650
120671
120673
120806
120816
120826
120831
120837
121113
121155
121288
121394
121400
122206
122210
122223
122226
122252
122253
122284
122292
122296
122353
122356
122412
122461
122466
122471
122500
122509
122566
122577
122588
122614
122622
122635
122638
122646
122659
122660
122672
122673
122786
122788
122794
122851
122869
122914
122919
122968
122982
123012
123026
123036
123049
123061
123067
123072
123073
123081
123083
123174
123196
123199
123215
123265
123323
123352
123360
123366
123434
123452
123453
123454
123462
123508
123521
123526
123535
123568
123569
123572
123578
123585
123586
123587
123592
123622
123711
123733
123942
124736
124751
124815
125274
125328
125397
125498
125518
125524
125636
125787
125877
125902
125937
126130
126180
126304
126363
126379
126396
126411
126415
126479
126505
126620
126638
126640
126663
126724
126727
126728
126755
126757
126846
126889
127007
127010
127062
127064
127215
127233
127240
127321
127335
127339
127383
127439
127570
127609
127740
127869
127982
128051
128148
128151
128357
128415
128594
128597
128606
128755
128779
128787
128807
128808
128900
128905
129054
129307
129355
129483
129559
129650
129825
129878
129883
129889
129984
129995
130042
130056
130087
130088
130102
130120
130130
130144
130173
130188
130563
130758
130814
130844
130864
130969
130975
131024
131028
131031
131082
131086
131089
131107
131112
131120
131140
131146
131150
131168
131217
131317
131319
131370
131839
131914
132359
132364
132368
132387
132432
132460
132464
132477
132518
132529
132531
132546
132571
132582
132583
132586
132597
132601
132627
132630
132660
132679
132692
132769
132946
133388
133401
133439
133581
133624
133758
133778
133792
133810
133843
133854
133867
134058
134165
134248
134309
134326
134382
134425
134458
134484
134506
134706
134735
134781
134794
134799
134802
134985
134990
135007
135022
135667
135675
135711
135715
135717
135728
135794
135796
135813
135936
135946
135951
135991
136054
136064
136088
136097
136107
136213
136254
136265
136325
136345
136376
136467
136470
136492
136536
136542
136555
136626
137004
137051
137055
137118
137132
137140
137791
137970
138008
138038
138115
138132
138136
138142
138160
138165
138200
138226
138237
138352
138380
138387
138412
138429
138463
139152
139292
139333
139339
139350
139378
139404
139430
139437
139440
139448
139476
139496
139500
139506
139558
139586
139618
139703
139704
139825
139827
139955
140277
140600
140872
141289
141355
141751
141800
141880
141889
142214
142273
142289
142320
142386
142421
142559
142564
142595
142599
142601
142612
142651
142715
142742
142747
142788
142882
142898
142939
143007
143017
143019
143039
143050
143056
143069
143076
143112
143141
143143
143173
143176
143197
143276
143339
143367
143385
143405
143460
143465
143550
143810
143858
143972
143975
143980
143984
143986
144224
144280
144381
144422
144492
144531
144633
144649
144702
144799
145111
145176
145194
145226
145266
145275
145311
145332
145351
145395
145539
145575
145578
145653
145670
145677
145682
145709
145850
145851
146049
146095
146112
146323
146391
146424
146438
146516
146596
146605
146618
146631
146643
146727
147217
147267
147273
147307
147327
147329
147366
147386
147631
147640
147763
147785
147813
147854
147875
147876
148012
148044
148082
148293
148296
148352
148390
148519
148520
148524
148528
148549
148558
148570
148582
148626
148642
148707
148727
148741
148784
148789
148839
148843
149303
149398
149399
149409
149433
149443
149461
149464
149470
149495
149525
149587
149667
149736
149800
149998
150016
150044
150048
150253
150254
150255
150504
150513
150678
150752
150794
150798
150883
150895
150896
150910
150917
150919
150930
150949
150975
150980
150983
150987
151070
151129
151136
151169
151213
151246
151259
151287
151706
151729
151743
151744
151782
151793
151846
152053
152188
152437
152446
152469
152669
153065
153079
153084
153108
153119
153130
153208
153391
153620
153621
153660
153717
153789
153847
153855
153857
153890
153916
153937
153998
153999
154006
154013
154080
154082
154495
154497
154514
154516
154530
154535
154556
154571
154581
154585
154670
154737
154761
154828
155004
155046
155053
155055
155104
155306
155389
155420
155421
155447
155451
155504
155505
155702
155710
155730
155778
155827
156135
156296
156325
156344
156348
156372
156382
156397
156398
156400
156462
156526
156544
156858
156910
156951
156958
156995
157191
157237
157264
157323
157487
157512
157535
157567
157589
157590
157682
157684
157779
157782
157837
157872
158074
158100
158106
158308
158375
158380
158454
158479
158510
158523
158999
159278
159384
159390
159419
159427
159444
159475
159483
159628
159887
160052
160064
160111
160197
160205
160336
160469
160538
160543
160580
160586
160622
160664
160666
160839
160855
161049
161051
161061
161064
161065
161193
161271
161310
161362
161377
161390
161430
161453
161526
161721
161865
161867
161942
161965
162007
162090
162121
162234
162317
162334
162335
162362
162804
162839
162867
162880
163296
163325
163333
163359
163788
163798
163815
163829
163834
163840
163864
163887
163930
163939
164046
164059
164071
164084
164108
164160
164284
164436
164499
164600
164613
164681
164729
164818
164825
164848
164856
164870
164928
164981
165012
165456
165501
165528
165529
165552
165555
165560
165581
165594
165606
165609
165627
165635
165641
166322
166362
166376
166377
166452
166458
166581
166692
167121
167163
167188
167189
167197
167231
167232
167243
167262
167281
167317
167323
167331
167402
167417
167418
167425
167466
167527
167528
167599
167919
167920
167921
167952
167987
167994
168117
168158
168164
168171
168189
168491
168564
168569
168579
168605
168623
168666
169077
169083
169088
169093
169712
169717
169749
169827
169840
169925
170406
170423
170444
170467
170473
170522
170527
170530
170537
170547
170562
170588
170594
170616
170623
170662
170666
170960
171034
171104
171178
171182
171344
171354
171355
171358
171363
171449
171512
171594
171602
171605
171612
171847
172147
172168
172176
172223
172231
172270
172294
172304
172305
172339
172608
172626
172663
172670
172673
172759
172942
173020
173060
173201
173204
173218
173229
173231
173387
173405
173414
173431
173670
173686
173691
173732
173766
173788
174123
174135
174175
174190
174240
174290
174321
174335
174346
174348
174371
174436
174847
174848
174872
174896
174952
175001
175002
175025
175076
175479
175512
175532
175727
175776
176385
176753
176768
176776
176789
176790
176813
176835
176843
176865
176905
176917
176928
176996
177034
177172
177245
177277
177326
177391
177413
177458
177507
177513
177562
177580
177588
177637
177739
177799
177853
177954
177977
177999
178087
178138
178260
178317
178376
178571
178629
178635
178643
178873
178878
178882
178898
178986
179006
179053
179055
179122
179126
179155
179177
179336
179611
179796
179808
179833
179836
179856
179882
179926
179944
179974
180049
180051
180074
180410
180422
180460
180539
180549
180599
180626
180631
180632
180648
180660
180704
180716
180730
180887
180893
181076
181319
181489
181541
181650
181772
182311
182393
182412
182415
182416
182418
182494
182536
182557
182578
182588
182618
182663
182668
182718
182979
183191
183298
183421
183426
183430
183436
183451
183680
183975
184018
184032
184048
184069
184097
184160
184640
184696
184740
184750
184764
184826
184831
184900
185025
185187
185423
185615
185626
185866
185882
185889
185899
185997
186011
186026
186044
186069
186071
186096
186132
186199
186204
186243
186572
186591
186601
186879
186896
186905
186911
187277
187286
187307
187415
187453
187455
187492
187529
187532
187901
187903
187980
187982
187997
188009
188013
188014
188033
188255
188274
188280
188292
188305
188455
188479
188662
188788
188791
189044
189050
189053
189061
189064
189124
189136
189189
189247
189389
189528
189538
189550
189569
189607
189608
189802
189850
189851
189855
190045
190051
190067
190083
190099
190103
190115
190293
190363
190376
190431
190560
190561
190574
190597
190604
190627
190633
190637
190638
190639
190646
190649
190679
190995
191038
191039
191045
191134
191304
191313
191316
191717
191718
191737
191746
191750
191783
191807
191820
191824
191827
191830
191855
191883
192028
192229
192459
192472
192494
192500
192633
192649
192653
192660
192667
193245
193269
193410
193463
193469
193470
193473
193499
193511
193533
193539
193547
193616
193630
193675
194815
195053
195160
195172
195175
195199
195228
195256
195297
195366
195370
195378
195430
195489
195525
195553
196375
196430
196498
196511
196521
196534
196596
197027
197278
197870
197955
198010
198076
198097
198109
198184
198199
198204
198209
198211
198247
198260
198262
198292
198348
198376
198418
198422
198449
198457
198476
198479
198573
198624
199371
199403
199454
199532
199627
199805
199889
199906
199975
199983
200076
200185
200197
200203
200209
200396
200401
200469
200472
200478
200494
200527
201072
201146
201164
201211
201334
201509
201514
201767
202051
202155
202168
202180
202188
202199
202206
202259
202290
202348
202520
202589
202597
202693
203001
203052
203111
203144
203151
203189
203202
203215
203229
203235
203659
203683
203913
203926
203938
203940
203945
203953
204034
204084
204366
204506
204718
204729
205069
205107
205148
205179
205391
205392
205419
205967
206089
206379
206387
206490
206503
206576
206674
206687
207104
207207
207254
207318
207319
207351
207534
207551
207906
208002
208034
208113
208154
208310
208827
208834
209075
209093
209174
209217
209230
209255
209271
209606
209658
209721
209783
209794
209806
209812
209816
209841
209866
209993
210058
210068
210155
210174
210439
210513
210521
210636
210779
211228
211235
211246
211283
211338
211354
211372
211381
211386
211394
211414
211426
211666
211682
211692
211702
211731
211742
211747
212078
212164
212226
212249
212268
212273
212508
212633
212737
212950
213006
213137
213972
213975
213979
214031
214058
214142
214272
214295
214324
214328
214331
214340
214341
214345
214354
214365
214380
214611
214634
214801
214963
215128
215156
215249
215264
215265
215279
215500
215501
215526
215703
215815
215919
215930
216318
216533
216539
216541
216542
216678
216803
216832
216893
216982
216986
217047
217056
217090
217113
217253
217271
217291
217407
217418
217575
217754
217762
217875
217884
217904
217920
217964
217972
217981
217999
218015
218043
218257
218356
218363
218379
218628
218668
218670
218677
218692
218695
218745
218919
219006
219068
219333
219346
219413
219518
219594
219615
219616
219649
219651
219660
219674
219690
219703
219773
219809
219813
219876
220332
220338
220584
220711
221068
221083
221089
221100
221103
221112
221122
221137
221180
221279
221289
221302
221363
221783
221997
222244
222251
222259
222266
222285
222288
222325
222580
222628
222652
222661
222740
222745
223240
223250
223255
223258
223275
223665
223741
224275
224304
224340
224341
224343
224452
224453
224455
224473
224483
224522
224531
224549
224950
225133
225175
225245
225284
225509
225533
225542
225545
225546
225554
225559
225761
225827
225836
225846
225866
225895
225987
225998
226741
226807
227267
227421
227429
227444
227459
227463
227586
227948
227951
227961
227991
228042
228059
228325
228334
228345
228348
228377
228495
228512
228595
228615
228632
228677
229510
229518
229531
229551
229555
229562
229708
229736
229860
230106
230107
230313
230328
230343
230345
230351
230403
230409
230630
230854
230861
230866
231253
231258
231260
231267
231268
231278
231285
231298
231526
231668
231744
231760
231838
232144
232199
232204
232222
232223
232225
232564
232580
232797
232818
232919
233093
233190
233252
233279
233391
233451
233456
233487
233656
233690
233782
233970
234029
234095
234247
234251
234271
234286
234320
234326
234699
234722
235111
235144
235146
235147
235160
235168
235245
235661
235796
235803
236323
236387
236412
236441
236449
236483
236492
236526
236544
236546
236561
236562
236581
236583
236603
236625
236639
236710
236870
237054
237064
237100
237154
237405
237410
237444
237454
237560
237585
237590
237783
237846
237854
237864
237876
237897
237901
237961
238133
238162
238169
238194
238218
238237
238321
238585
238589
238677
238901
238989
239103
239155
239158
239196
239206
239278
239334
239371
239541
239644
239705
239758
239765
239821
239856
239949
239950
240109
240136
240150
240162
240165
240261
240361
240418
240444
240645
240647
240649
240978
240981
240983
240991
241009
241038
241225
241234
241617
241640
241670
241766
241768
241785
241981
241989
241999
242047
242259
242299
242537
242620
242976
243198
243206
243239
243251
243254
243535
243558
243560
243598
243786
243876
244203
244209
244326
244371
244490
244491
244512
244583
244586
244617
244705
244773
244801
244807
244844
244848
244874
244881
244953
244973
245177
245209
245250
245333
245365
245372
245688
245807
245860
245873
245944
246036
246081
246166
246187
246295
246407
246413
246565
246815
247213
247235
247580
247592
247595
247603
247640
247662
247681
248236
248300
248608
248625
248712
248834
248839
248893
249187
249192
249369
249502
249561
249854
249897
250154
250156
250175
250179
250189
250211
250220
250228
250493
250610
250625
251058
251075
251159
251183
251209
251210
251213
251214
251219
251226
251257
251275
251399
251468
251496
251617
251641
251664
251719
251988
252008
252009
252014
252233
252237
252253
252275
252279
252292
252313
252383
252385
252387
252390
252391
252394
252400
252442
252473
252510
252514
252550
253000
253085
253186
253206
253271
253305
253368
253856
253893
253953
253989
254030
254060
254065
254071
254094
254591
254619
254641
254664
254667
255557
255675
255914
255927
255977
255984
256007
256074
256120
256151
256174
256175
256179
256191
256238
256276
256320
256406
256672
256754
256848
256870
256932
256976
256978
256994
257003
257063
257172
257174
257289
257296
257322
257359
257444
257576
257769
257848
258041
258047
258090
258091
258094
258129
258156
258157
258160
258181
258217
258227
258288
258316
258342
258448
258451
258467
258471
258480
258985
259029
259058
259148
259202
259223
259225
259226
259254
259265
259301
259325
259346
259731
259791
259817
259819
259872
259923
259928
259943
259957
259996
260035
260056
260079
260125
260595
260665
260745
260746
260888
260893
260924
262103
262131
262182
262558
262626
262749
262754
262773
262855
262899
262903
262908
263259
263272
263461
263661
263744
263756
263769
263786
263894
264088
264197
264425
264447
264492
264515
264523
264534
264535
264576
264580
264601
264624
264648
264681
264691
264717
264722
264914
265004
265008
265018
265023
265319
265356
265376
265581
265587
265590
265595
265601
265602
265658
265694
265736
266229
266267
266305
266376
266420
266469
266525
266617
267182
267185
267214
267338
267348
267428
267476
267712
268021
268032
268035
268066
268086
268096
268106
268109
268116
268160
268938
269052
269378
269397
269707
269711
269781
269942
269945
269946
269981
269986
269991
270195
270300
270448
270456
270458
270466
270512
270573
270579
271003
271044
271064
271584
271626
271726
271769
271797
271823
271851
271888
272462
272537
272568
272634
272653
272661
272699
273366
273451
273637
273695
273698
273718
273719
273822
273825
273835
273853
273872
273887
273925
273977
273982
273992
274392
274502
274548
274774
274775
274842
274914
274925
275144
275240
275334
275427
275503
275531
275572
275685
275687
275694
275710
275712
275716
276019
276039
276044
276088
276108
276115
276119
276143
276154
276350
276467
276494
276501
276754
276811
276887
276905
276925
276971
277139
277503
277579
277597
277638
277779
278028
278032
278179
278220
278247
278291
278308
278334
278346
278351
278362
278709
278819
278887
279063
279100
279370
279492
279558
279745
279783
279843
279848
279850
280036
280111
280117
280128
280178
280302
280305
280500
280577
280588
280604
280614
280731
281043
281211
281217
281219
281252
281347
281443
281528
281832
281928
282008
282020
282034
282040
282056
282058
282062
282069
282116
282255
282381
282382
282383
282437
282543
282563
282633
282772
282775
282939
282983
282991
283019
283109
283111
283167
283300
283349
283584
283603
283843
284112
284149
284223
284288
284575
284812
284840
284858
285238
285262
285672
285743
285848
285852
285854
285906
285959
286239
286326
286378
286488
286713
286758
286836
286869
286870
286871
286890
286899
286900
286914
286917
287050
287061
287071
287131
287143
287244
287330
287439
287485
287541
287579
287606
287664
287692
287733
287865
287901
287926
288052
288063
288087
288109
288124
288154
288169
288193
288206
288208
288232
288252
288266
288271
288358
288446
288449
288481
288580
288611
288621
289311
289329
289411
289519
289609
289616
289897
289989
290058
290399
290537
290945
291014
291361
291527
291579
291605
291723
291860
291906
292023
292160
292198
292413
292527
292710
292722
292982
292997
293107
293188
293312
293378
293458
293628
293733
293778
293827
293865
293866
293915
293930
293958
294007
294008
294041
294082
294117
294171
294219
294452
294898
295006
295299
295301
295475
295546
295612
295827
296015
296016
296044
296075
296185
296254
296294
296712
297063
297133
297136
297328
297335
297353
297965
297979
297982
297995
297997
298003
298023
298103
298170
298179
298207
298383
298437
298441
298443
298466
298506
298520
298540
298547
298561
298562
298581
298598
298607
298616
298628
298651
299029
299050
299066
299068
299094
299114
299168
299188
299603
299628
299653
299659
300363
300397
300419
300472
300479
300509
300516
300522
300529
300550
300584
300592
300669
300724
300727
300746
300783
301096
301101
301192
301254
301265
301556
301727
301762
301779
301841
301889
301895
301940
301971
302522
302537
302550
302573
302585
302642
302665
302677
302686
302703
302705
302713
302769
303015
303019
303064
303065
303067
303068
303111
303127
303136
303492
303509
303542
303553
303564
303566
303623
303630
304120
304150
304993
305028
305031
305062
305078
305096
305123
305125
305165
305196
305203
305807
305876
306087
306137
306168
306220
306504
306530
306557
306598
306656
306744
306781
306856
306914
306922
306985
306991
307098
307265
307283
307333
307350
307394
307418
307498
307553
307649
307668
307670
307791
307793
307861
307891
307912
307936
307938
307956
308017
308253
308279
308287
308300
308313
308413
308431
308773
308774
308893
308914
309112
309136
309195
309461
309531
309752
309892
309950
309967
309984
310258
310362
310372
310729
310779
310795
310799
310914
311006
311021
311106
311298
311322
311381
311617
311628
311703
311799
312253
312263
312295
312366
312583
312593
312596
312704
312953
313173
313176
313187
313188
313200
313447
313461
313476
313483
313502
313503
313508
313512
313523
313532
313546
313554
313577
313586
313853
313858
313873
313902
314202
314203
314204
314210
314225
314233
314266
314670
314686
314687
314713
314765
314771
314774
314777
314800
314801
314845
314847
314848
314868
314896
314903
315486
315500
315505
315546
315612
315648
315658
315680
315683
315687
315733
315740
316255
316630
316861
316988
317002
317003
317013
317014
317027
317029
317053
317060
317113
317137
317174
317319
317557
317572
317614
317629
317636
317778
317957
317978
318016
318018
318047
318069
318074
318097
318099
318536
318720
318738
318808
318827
318855
318889
318920
318978
318985
319517
319582
319620
319635
319677
319679
319755
319808
319900
320603
320625
320703
320706
320816
320851
320868
320928
320935
320987
321119
321209
321352
321370
321375
321394
321436
321505
321537
321555
321675
321752
321801
321880
321956
322064
322166
322573
322648
322711
322735
322779
322799
322818
322832
322840
322844
322846
322854
322855
322863
322889
323077
323080
323109
323152
323162
323430
323433
323473
323493
323531
323746
323756
323764
323777
323779
323806
323821
323850
323873
323888
323890
323911
324029
324063
324429
324547
324594
324641
324661
325065
325101
325136
325145
325150
325285
325304
325340
325426
325508
325656
325657
325871
325921
325927
325983
325997
326279
326335
326345
326349
326357
326387
326410
326417
326427
326449
326463
326691
326705
326706
326710
326718
326727
326972
326978
326985
326988
326996
327001
327028
327041
327248
327250
327308
327350
327370
327379
327409
327476
327746
327865
327867
327887
327906
327956
328236
328280
328355
328586
328635
328636
328716
328730
328790
328792
328939
328965
328978
328984
329005
329305
329310
329325
329381
329383
329597
329769
329789
329790
329793
329814
329856
329966
330016
330097
330247
330386
330422
330917
330970
331148
331180
331197
331477
331490
331514
331618
331786
331789
331896
331897
331903
331920
331922
331934
331946
331955
332069
332182
332354
332403
332837
332902
332909
332914
332925
333057
333244
333277
333289
333419
333463
333642
333649
333736
333819
333883
333909
333914
334018
334027
334036
334130
334392
334419
334432
334434
334489
334734
334735
334739
334814
335045
335118
335140
335469
335471
335521
335775
335801
335802
335806
335818
335828
336135
336142
336143
336154
336160
336170
336198
336223
336266
336268
336292
336293
336340
336358
336382
336425
336460
336467
336487
336511
336522
336630
336660
336704
336707
336812
337124
337147
337151
337169
337254
337289
337311
337320
337327
337959
337994
338019
338029
338030
338036
338487
338497
338499
338503
338516
338517
338520
338521
338551
338599
338607
338614
338659
338679
338680
338738
338803
339109
339127
339159
339201
339225
339227
339271
339274
339283
339288
339318
339319
340164
340217
340220
340235
340260
340275
340381
340394
340437
340469
340508
340570
340924
340983
341082
341089
341103
341129
341133
341151
341163
341962
341977
341978
342041
342043
342047
342106
342147
342152
342196
342228
342231
342254
342356
342360
342364
342371
342422
342469
342500
342513
342524
342582
342583
342690
342747
342794
342839
342874
342922
343002
343347
343457
343592
343788
343818
343840
343853
343855
343857
343960
344035
344092
344105
344110
344119
344122
344400
344401
344656
344660
344736
344750
344933
344963
345002
345306
345463
345512
345519
345851
345865
346391
346440
346488
346534
346556
346586
346608
346616
346631
346670
346679
346951
346996
347060
347121
347158
347168
347263
347373
347439
347462
347513
347517
347574
347811
347833
347954
348006
348048
348054
348078
348082
348098
348102
348319
348343
348346
348359
348373
348406
348541
348721
348743
348761
349040
349137
349153
349156
349162
349173
349230
349285
349385
349665
349666
349695
349763
349786
349855
349977
350017
350021
350045
350279
350386
350449
350483
350858
350860
350875
350889
350915
350924
351010
351065
351069
351076
351084
351137
351148
351349
351360
351377
351387
351399
351410
351411
351779
352168
352189
352204
352218
352337
352368
352876
352950
353223
353302
353481
353789
353838
353979
353980
354051
354253
354255
354256
354274
354448
354451
354462
354469
354598
354633
355003
355020
355033
355045
355057
355284
355344
355347
355357
355371
355391
355443
356011
356046
356064
356068
356086
356149
356459
356567
356569
356591
357021
357073
357243
357255
357267
357271
357276
357277
357280
357304
357454
357464
357470
357604
357670
357676
357694
358113
358146
358154
358156
358213
358235
358530
358543
358632
358653
358696
359284
359321
359515
359539
359727
359746
359811
359886
359983
360129
360137
360164
360201
360248
360250
360258
360259
360298
360322
360341
360465
360489
360495
360600
360619
360621
360635
360636
360766
360817
360835
360836
361184
361190
361203
361277
361407
361417
361716
362211
362222
362225
362226
362228
362236
362238
362239
362244
362339
362446
362601
362718
362724
362741
362783
362798
362927
362992
363063
363117
363133
363201
363312
363339
363385
363387
363566
363587
363601
363608
363801
363835
363846
363848
363892
364008
364221
364238
364248
364289
364324
364350
364372
364380
364393
364394
364573
364614
364854
364888
365151
365218
365243
365464
365508
365522
365807
365846
365915
365940
366161
366205
366382
366383
366427
366441
366612
366875
366882
366931
367166
367511
367580
367715
368124
368180
368230
368244
368258
368583
368685
368699
368742
368769
368780
368786
368796
368954
368967
368988
368990
369098
369103
369328
369330
369332
369345
369535
369679
369723
369748
369775
369799
369830
369899
369911
369948
370032
370042
370044
370179
370469
370687
370700
370949
371026
371066
371115
371119
371672
371684
371694
371944
371972
371985
371991
371992
372012
372015
372399
372407
372423
372479
372493
372555
372594
372603
372991
373031
373119
373330
373387
373470
373472
373494
373495
373590
373838
373852
374051
374073
374082
374105
374156
374324
374348
374353
374362
374374
374377
374438
374455
374518
374527
374960
374978
375046
375270
375279
375286
375774
375783
375786
375798
375814
375815
375834
375840
375859
375911
375914
375918
375923
375942
375944
376314
376321
376329
376369
376442
376780
376798
376805
376892
376905
376911
377329
377342
377353
377414
377434
377705
377776
377807
378367
378695
378708
378833
378995
379173
379198
379219
379249
379281
379284
379310
379324
379377
379574
379589
379703
379722
379732
379759
379897
380164
380167
380168
380178
380192
380263
380569
380590
380592
380594
380598
380612
380635
380637
380834
380838
380842
380886
381127
381133
381161
381483
381621
381828
381852
381864
381873
381884
381893
382108
382161
382195
382200
382304
382349
382452
382578
382597
382605
382898
382905
382929
382931
382939
383211
383213
383216
383256
383286
383288
383613
383618
383860
383943
383981
384008
384438
384483
384536
384583
384694
384708
384719
384723
384748
384809
384833
384837
385132
385175
385370
385382
385476
385531
385560
385568
385572
385578
385581
385769
385792
385834
386305
386317
386334
386338
386342
386409
386411
386413
386639
386727
386744
386793
386806
386923
386987
387356
387426
387464
387520
387536
387539
387552
387622
387629
387685
387761
387850
387906
387928
387953
388201
388210
388221
388229
388563
388997
389014
389047
389055
389400
389446
389459
389467
389470
389657
389718
389768
389882
389927
389962
389981
390047
390146
390314
390371
390397
390443
390492
390494
390513
390682
390686
390739
390763
390778
390896
390907
391220
391502
391547
391579
391612
391621
391904
391946
391989
392360
392371
392390
392623
392663
392697
392726
392745
392753
392801
392808
392818
392828
392864
392867
392878
392975
392983
393063
393256
393282
393285
393286
393323
