16286
16544
36945
42244
45384
47650
48794
50605
53275
56637
63055
68828
88036
89211
103767
106039
113146
115100
118855
126457
128894
156551
167854
169957
173782
176442
181105
196588
210864
212538
213374
213739
220627
226949
228083
238747
248909
252052
254802
256452
257908
265406
275573
276605
280142
281554
281736
282811
284806
290439
292136
293493
295096
297557
299220
300599
302149
303690
304396
304608
309648
314989
316293
318245
319948
329027
331060
338129
345967
355094
367594
376691
382254
389759
