1658
2980
3600
4639
5174
5777
6028
6886
6978
7633
7934
8131
9053
9912
9994
11816
12344
12870
13275
14032
14202
14514
14660
14680
16082
17025
17387
17885
18323
19013
19555
19935
20009
20559
20699
21072
21522
21672
23057
23116
23246
24646
24737
26680
26849
27278
27339
29028
29874
29952
30559
31246
31962
32419
32977
33101
35450
35887
36218
36263
36745
36927
37342
37885
37935
38195
38280
39099
39871
40480
41374
41648
42494
42714
42998
43123
43957
44949
45228
45430
46600
46947
47019
47365
47620
48490
48978
49418
50672
51695
52181
52399
53188
53284
54480
55086
57086
57164
57251
57414
57898
57973
58040
58364
59001
59010
59132
59435
59531
59547
59654
59706
60565
60654
61379
62256
62392
62786
63137
63846
64483
64561
66549
66553
68090
68626
69026
69107
70538
70713
71080
71178
71241
73376
74249
75222
75720
75878
75879
76354
76426
76463
76958
77223
77313
77392
77445
78285
79788
81080
81133
81250
81436
82302
82631
84073
84093
85126
85980
87146
87325
87381
87425
87821
87831
87970
88581
89694
90146
90311
91112
93007
93318
93479
93550
93650
93704
94858
95090
95200
95225
95758
95919
98731
99291
100059
100271
100644
101100
101525
102584
102620
102817
103307
103337
104155
104291
104831
105097
107024
107445
107548
107788
108188
108375
110443
110591
110631
111028
111620
112313
112397
113078
113232
115271
115618
115929
116988
116999
118678
118680
118813
119589
119764
120130
120743
122162
122348
122908
122967
124672
126704
127283
127547
128581
128817
129647
129944
129960
130137
130140
130145
130195
131117
131141
132545
132553
132827
134384
134451
134818
135004
135009
135319
135770
135873
136545
136755
137987
139340
140485
142512
142643
142730
143087
143161
143261
144141
144310
145085
145410
146365
146372
147253
148571
148594
148665
148788
150519
150562
150866
151779
153088
153189
153765
153866
156333
158080
159053
159139
159649
159907
161057
161348
162364
163232
163324
165540
165580
167093
167173
167256
167269
167293
167345
167817
167984
168090
168234
168570
169727
169762
170029
170362
171125
171219
171330
171599
172668
173338
173352
173752
174333
174376
174842
174871
175089
176319
176673
176861
177341
177536
177766
178383
179007
179802
179861
180068
180547
182297
182370
184115
184121
184670
185202
186035
186134
186882
188469
189586
189606
190533
190599
191041
191681
192463
192478
193431
193595
195261
196484
196501
198423
199235
199361
199753
199989
200491
201125
201128
203000
204023
204781
205043
206364
208304
210814
211324
212186
212267
212545
213261
213709
215507
217085
217091
217997
218596
219364
219706
219743
220311
221176
221371
222503
222635
225502
227406
227458
228046
228533
228591
229106
229469
231304
232159
233323
233585
235773
236343
236502
237226
237375
237877
240147
240154
240363
240972
242350
245318
247460
250181
251980
252017
253166
253250
253837
253994
255778
255873
255988
256092
256186
256190
256798
258111
258332
259285
260095
260098
260725
263158
263711
264249
266359
266538
266578
266679
266871
268451
268482
268972
269032
269056
269650
269949
269961
270352
270395
270449
271667
272659
273799
273980
275646
275666
276026
276458
277665
277669
277979
278316
278560
280032
280052
280103
280123
281610
281942
282842
282979
284222
284245
284951
285845
285951
286132
286150
286840
287884
289328
291525
293310
293990
294278
294347
294671
294970
298366
299020
300391
300492
300837
301529
303043
303490
303562
303600
304178
305732
306156
306420
307038
307181
307846
310786
312275
313893
315436
317001
317253
318030
318104
319593
319714
320676
320986
321059
321994
323125
323773
325612
326338
326444
326681
327236
328793
328954
329184
329812
330107
331153
331925
333479
333979
334391
334395
334437
335515
336151
336808
338008
338488
339300
340282
340946
342296
342605
344108
344904
345835
347508
349145
349701
351037
351380
352740
352922
353955
354286
359272
362182
362223
363598
369348
369506
370174
370940
371639
371713
372523
374300
375723
376222
376915
378339
379262
380288
380543
381186
381827
382471
385236
385331
386327
389030
389529
389874
390150
391503
391622
391855
392341
392345
392513
393056
