17392
26910
32183
40837
42526
45296
48173
48534
50436
50720
54677
55841
60708
67606
69361
85579
88523
88618
90723
100687
112786
116857
119723
138242
138289
144015
146495
148904
148924
149871
156533
157824
162291
176282
182714
184308
185539
185695
186206
198093
198523
199566
199638
204113
206501
212816
214563
216146
221397
224378
228384
233365
236428
239398
247993
251452
256267
257164
262086
262276
265702
272536
272553
275213
277644
277796
284257
290923
301310
305132
307364
318803
319434
321226
331935
359904
364831
368760
372526
390142
392901
