173
20493
22479
24179
26278
33675
41157
43569
46114
48301
48560
53123
53368
59621
68909
71168
72478
73343
78755
81621
81908
82328
83884
84918
87828
88594
89494
90183
99012
103017
108430
109862
110405
113125
114110
115261
116347
116990
121303
122677
128950
129197
129826
132481
132681
132761
139384
139727
143329
146355
148880
148933
150175
150894
151840
152683
152822
153849
156444
157130
157876
158408
159088
161522
161940
163984
164018
165009
167532
168230
169095
170415
172350
172787
175967
177482
177510
178078
180703
183431
186088
196606
197480
198844
200216
202697
202853
206362
206474
208068
210653
221825
222344
222353
226023
226710
226719
234323
235845
237577
241792
243522
244389
245425
249884
249910
252304
252365
252443
252450
252484
252487
252505
256274
256351
258396
260019
265548
265649
267469
276144
277448
277488
278922
279851
283373
284294
285750
286172
288518
290547
293258
294733
294854
298048
298687
304372
307492
308854
308965
309639
311727
311844
313231
326363
330466
334753
334788
336280
336421
338712
340468
342702
342805
344741
350878
351133
360881
364009
377445
380653
381156
381430
385550
387503
390480
391250
391981
