18466
29054
33870
36773
44536
55752
59787
67151
69369
69940
69975
72829
73394
77383
81040
81780
83577
85631
89429
93776
95534
95798
99118
102868
105370
108326
110456
113080
113185
113646
116374
123247
123507
123570
123756
132514
132532
132781
135371
138343
140427
143571
144948
149098
149606
152196
152224
153112
154015
157563
158032
158748
160238
160551
165644
169873
169973
173701
178674
178972
178990
183460
190253
192780
192847
193593
193698
195240
195520
196706
198559
200289
201656
205197
208844
211330
214021
214773
219426
222000
225607
229259
234122
234829
240387
240415
240947
241804
242928
245379
247052
249989
252618
257537
260212
260896
261397
262741
263790
265784
267464
267474
267493
268641
271841
278310
282124
282276
282303
282325
282751
282928
283334
283718
285849
287280
288495
288512
288690
294062
294339
294446
298291
299202
301754
303605
303628
304192
304256
304447
306153
306658
307541
310391
313241
317252
318137
318706
321564
321921
324624
325673
327046
327071
327397
331496
331499
333442
334850
338549
338626
338745
340566
341153
343980
344512
348401
350113
355452
360644
363212
364331
364495
367583
368996
371707
374175
377137
378788
378880
381951
382808
382821
389857
