194
686
1609
4937
13042
14627
15981
16315
17792
27496
27655
28403
29303
30692
31402
36390
37002
38016
38219
39031
40464
41538
41709
42302
43571
43788
45901
46420
51406
53216
54970
58287
59723
64523
68166
69524
70953
73399
75126
75629
76336
76404
77001
77470
78111
81505
83469
83501
86668
88298
89051
89237
91339
91392
91405
96502
96743
98843
98896
100078
105044
105383
107298
107778
108658
110356
116886
120373
125516
126148
126726
126761
127102
129728
130125
131020
131029
133892
136550
136985
137983
137998
138161
138405
138485
139256
140331
142169
143988
144187
146073
148530
148564
148597
149706
151778
155020
157529
159011
159613
160019
160233
161437
163336
163865
168165
170954
171844
172587
174444
175177
178649
180675
181712
185162
186089
186865
186890
186906
187995
189305
195022
195364
196491
199852
200483
200528
201549
202582
204869
209830
212109
212185
212583
212934
213689
215162
217072
217112
217945
218362
218601
219323
219559
221132
221669
222516
222550
224559
225869
227500
230247
231669
233905
235202
235705
236508
237513
240700
240986
244749
245106
246382
247142
247604
248165
248743
249385
249829
250644
251100
251721
254080
254705
255906
256124
256863
258275
262348
264434
267537
271656
273886
275066
275122
279673
280283
280607
282063
282554
282818
283106
283141
285157
285215
287597
288438
292118
294234
295469
295586
296410
296514
296868
297293
298455
298462
298602
299006
300624
304155
304934
305140
306112
307029
307478
307577
307713
309398
310828
311705
312663
312667
312823
313794
313802
316197
320790
320953
321192
321512
323814
325551
326114
326337
326389
326472
328278
329357
331540
331772
331790
332364
334894
337116
338004
339250
339261
339342
340341
340406
342860
344633
344980
344982
345826
346739
346955
347809
350867
351125
351386
352943
353130
357639
358654
362790
365750
366440
368447
369063
369274
373480
375756
376256
376517
379253
379277
380173
380850
383259
384643
384721
385548
386287
391219
391638
391960
392519
392735
392773
