20
2316
2946
4579
4734
5031
7007
7760
7989
8399
8412
8446
8452
8690
9424
9696
9884
10023
10100
10102
10719
10904
10983
11000
11376
11519
11572
12176
12401
12409
12414
12800
13127
13283
13418
13636
13637
13666
13703
13841
13912
13973
14057
14289
14331
14405
14698
14760
14928
15016
15020
15115
15217
15219
15296
15320
15402
15798
15888
15896
16128
16168
16209
16306
16687
16812
16983
17173
17473
17760
17897
18760
18995
19059
19088
19205
19417
19805
19972
20264
20376
20440
21385
21778
22319
22470
22581
22804
22860
23062
23256
23372
23644
23649
23658
24117
24220
25046
25225
25266
25361
25901
26037
26090
26306
26712
26810
26862
27062
27120
27320
27869
27965
28382
28481
28501
28690
28719
28767
28992
29009
29081
29118
29131
29142
29236
29330
30028
30032
30162
30613
31120
31388
31596
31859
31861
32089
32582
32604
32790
32806
32849
33050
33354
33459
33597
33681
34009
34392
34527
35001
35073
35142
35221
35225
35408
35412
35413
35696
35806
35843
35885
35944
36184
36287
36305
36372
36417
36421
36466
36528
36603
36608
36667
36919
37118
37128
37412
37465
37642
37817
37825
37867
37870
38096
38138
38207
38286
38673
38752
38763
38768
38813
38897
39360
39464
39689
39851
39869
39872
39898
39913
39915
40358
40369
40414
40478
41666
41678
41835
41969
42166
42415
42421
42520
42626
42635
42643
42646
42677
42678
43060
43197
43222
43335
43478
43841
44835
44920
44941
44973
44989
45128
45146
45794
46627
46756
47253
47267
47355
47486
47487
47503
47596
48034
48125
48281
48425
48505
48513
48582
48654
48675
48738
48920
49003
49044
49124
49134
49169
49190
49248
49764
49964
50008
50029
50242
50244
50286
50454
50471
50500
50548
50557
50611
50869
51395
51423
51545
51564
51649
52033
52058
52145
52429
52442
52504
52506
52515
53035
53565
53721
53732
53745
53746
53838
53902
53936
53970
54158
54162
54175
54184
54273
54766
54853
54922
55199
55257
55346
55665
55977
56017
56066
56542
56595
56635
56821
57043
57317
57364
57407
57409
57839
57893
58039
58171
58184
58189
58205
58266
58372
58507
58596
58602
58634
58695
58974
59048
59105
59121
59193
59211
59238
59255
59263
59466
59774
60199
60419
60441
60535
60542
60658
60835
60877
60969
61178
61188
61214
61237
61257
61322
61351
61378
61383
61492
61714
61839
61863
62228
62335
62559
62751
63236
63328
63468
63679
63692
63773
63924
63950
64036
64055
64095
64112
64171
64189
64197
64334
64369
64387
64400
64440
64461
64480
64505
64662
64710
64812
65251
65498
65500
65574
65903
66415
66422
66428
66560
66699
66914
67703
67781
67907
67915
67960
67971
68052
68203
68338
68617
68663
68747
68770
68959
69067
69089
69207
69265
69468
69477
69478
69479
69480
69575
69667
70132
70188
70206
70228
70243
70284
70322
70403
70480
70493
72076
72093
72152
72212
72294
72488
72677
72972
73019
73096
73113
73178
73182
73214
73288
73531
73589
73732
73808
73813
73899
73902
73912
73991
74018
74024
74170
74595
74614
74615
74638
74647
74668
74669
74831
74850
74854
74948
75038
75086
75088
75151
75155
75157
75183
75190
75198
75327
75346
75355
75406
75414
75439
75542
75579
75602
75754
77107
77124
77126
77245
77362
77958
77967
78012
78037
78040
78417
78439
78515
78937
78993
79037
79065
79066
79073
79075
79164
79174
79222
79238
79295
79406
79650
79699
79705
79729
79757
79784
79797
80113
80309
80314
80318
80430
80504
80544
80659
80690
80726
80743
80781
80790
80794
80796
80861
80865
80866
80867
80868
80877
80914
80936
80971
80975
80978
81017
81049
81127
81228
81259
81309
82090
82251
82309
82407
82448
82527
82789
82978
83280
83386
84001
84045
84054
84083
84099
84154
85015
85087
85299
85370
85473
85477
85478
85511
85534
85676
85677
85775
85776
85815
85817
85829
85836
85864
86476
86575
86590
86633
86664
86712
86724
86735
86742
86752
86785
86865
87055
87164
87203
87365
87372
87642
88344
88516
88563
88626
88740
88755
88830
88833
88869
88974
88979
88992
89311
89403
89509
89512
89598
89611
89639
89758
89762
89846
89893
89982
90037
90167
90429
90476
90546
90590
90860
90865
90967
90981
90994
91223
91280
91286
91313
92490
92563
92567
92569
92603
92624
92628
92653
92692
92770
92773
92775
92861
92872
92886
93124
93191
93333
94410
94653
94654
94669
94707
94720
94732
94814
94894
94901
94912
94916
94928
94959
95010
95013
95098
95131
95140
95162
95179
95190
95270
95735
95755
95791
95852
95875
96063
96141
96161
96226
96229
96241
96394
96396
96407
96468
96477
96625
96669
96676
96687
96706
97491
97861
97904
97960
98084
98141
98146
98188
98189
98208
98229
98367
98513
98528
98582
98622
98680
98767
98781
99207
99234
99414
99436
99465
99467
99595
99685
99697
99728
99748
99763
99793
99794
99964
100021
100270
100279
100351
100361
100384
100471
100499
100504
100527
100531
100580
100667
100742
100856
101017
101092
101171
101255
101526
101948
102026
102028
102099
102108
102121
102134
102143
102162
102186
102286
102291
102357
102406
102412
102440
102450
102523
102550
102595
102596
102604
102656
102658
102726
102757
102760
102826
102959
102961
103405
103468
103599
103660
103688
103713
103751
103785
103909
104018
104159
104183
104234
104323
104456
104465
104475
104532
104535
104543
104757
104869
104875
104995
105258
105295
105397
105464
105478
105699
105760
105940
105987
106295
106348
106367
106825
106836
106895
106927
106970
106996
107016
107117
107133
107192
107226
107266
107286
107323
107335
107343
107353
107411
107421
107460
107467
107481
107496
107498
107518
107519
107552
107608
107628
107631
107670
107676
107693
107738
107755
107769
107770
107821
107822
107833
107930
108010
108046
108350
108451
108567
108582
108635
108758
108854
108865
109510
109606
109611
109620
109642
109823
111295
111390
111587
111846
111890
111951
111960
112131
112135
112137
112187
112211
112328
112349
112351
112455
112550
112575
112594
112644
112655
112734
112744
112767
112789
113043
113103
113324
113360
113381
113520
113532
114409
114448
114456
114531
114810
114922
115081
115090
115144
115186
115247
115248
115345
115372
115587
115653
115717
115801
115848
115883
116027
116034
116135
116445
116508
116543
116678
116718
116720
116872
116903
117109
117114
117241
117368
117445
117511
117543
117690
117750
117793
117801
117802
117921
118009
118060
118065
118114
118116
118135
118241
118319
118326
118332
118499
118528
118572
118587
118629
118654
118659
118687
119110
119117
119129
119132
119170
119172
119176
119205
119210
119221
119244
119246
119249
119253
119288
119291
119305
119318
119329
119356
119401
119490
119513
119591
119653
119668
119696
119705
120194
120222
120274
120512
120549
120562
120566
120634
120642
120733
120735
120747
120768
120960
121067
121076
121083
121142
121163
121168
121376
121897
122018
122035
122078
122091
122139
122142
122143
122146
122275
122321
122357
122507
122516
122534
122541
122554
122624
122744
122976
122988
123000
123091
123145
124220
124265
124272
124284
124292
124394
124423
124432
124485
124491
124547
124549
124566
124567
124585
124610
124735
124738
124759
124762
124768
124771
124772
124778
124787
124795
124808
124820
124912
124934
124982
125107
125108
125151
125157
125167
125186
125193
125205
125226
125272
125290
125322
125325
125326
125488
125612
125622
125629
125630
125793
125844
125933
125944
125947
125962
125977
125991
126038
126041
126071
126102
126164
126222
126318
126326
126414
126416
126549
126580
126583
126588
126687
126786
126791
126879
127559
127561
127565
127660
127693
127754
127759
127761
127865
127867
127988
128355
128489
128541
128639
128644
128674
128799
128813
128892
129022
129103
129157
129244
129364
129369
129552
129556
129604
129835
129930
130485
130610
130614
130645
130661
130770
130781
130782
130816
130831
130962
131058
131072
131618
131636
131712
131731
131763
131794
131797
131831
131855
131865
131869
131885
131930
131941
131956
131983
131985
131992
131998
132001
132002
132020
132036
132044
132045
132064
132100
132112
132158
132178
132180
132181
132187
132198
132209
132220
132222
132225
132228
132241
132245
132247
132250
132262
132268
132269
132270
132272
132276
132311
132315
132353
132421
132434
133105
133234
133273
133287
133302
133387
133414
133500
133515
133943
133996
134078
134321
134333
134373
134583
134585
134603
134634
134660
134661
134662
134669
134687
135014
135195
135679
135686
135699
135704
135727
136182
136257
136262
136427
136441
136463
136485
136524
136661
136668
136675
136683
136690
136696
136731
136749
136814
136958
136961
136974
136983
136995
136997
137005
137024
137198
137254
137305
137313
137342
137379
137387
137436
137535
137584
137587
137646
137683
137684
137693
137725
137774
137776
137796
137817
137830
137866
137867
137871
137920
137935
137941
137945
137960
137994
138004
138043
138050
138067
138121
138340
138489
138801
139095
139158
139163
139208
139250
139319
139321
139699
140008
141409
141726
141767
141842
141863
141871
141875
141886
141888
141929
141939
141953
141954
141968
141970
141993
141996
142001
142006
142055
142058
142063
142070
142082
142084
142085
142100
142112
142117
142143
142150
142174
142183
142187
142188
142218
142228
142235
142241
142247
142298
142346
142395
142396
142400
142445
142523
142597
142758
142759
142814
142822
142861
142870
143235
143284
143427
143628
143682
143720
144017
144038
144046
144093
144197
144211
144241
144284
144288
144308
144343
144353
144581
144859
144874
144930
144934
145018
145076
145118
145139
145184
145246
145281
145599
145651
145674
145697
145719
145727
145804
145809
145816
145826
145828
145955
145965
145973
145999
146009
146025
146027
146042
146276
146302
146374
146661
147018
147045
147056
147081
147102
147212
147343
147476
147487
147492
147540
147723
147744
147768
147784
147883
147885
147934
147941
147962
148056
148144
148186
148235
148245
148276
148297
148471
148525
148529
149224
149353
149366
149371
149384
149419
149659
149717
149850
150073
150126
150221
150222
150238
150374
150423
150428
150430
150448
150461
150466
150679
150727
150728
150730
150744
150765
150769
150806
150834
150888
151533
151621
151625
151654
151682
151700
151712
151738
151747
151754
151940
151999
152038
152143
152149
152151
152174
152189
152348
152433
152611
152612
152614
152643
152654
152744
152746
152751
152753
152980
153000
153014
153016
153017
153020
153036
153412
153419
153455
153505
153579
153582
153586
153602
153634
153699
153714
153802
153843
153856
154378
154381
154431
154443
154454
154464
154473
154474
154475
154703
154742
154760
154764
154769
154773
154862
155012
155036
155052
155073
155130
155132
155198
155224
155348
155355
155375
155499
155644
155655
155669
155739
155930
156028
156090
156102
156142
156172
156259
156262
156312
156342
156362
156364
156430
156752
156819
156826
156834
156845
156848
156861
156863
156864
156876
156889
156900
156912
156922
156926
156938
157154
157161
157166
157168
157186
157217
157385
157498
157521
157527
157664
157686
157815
157869
158001
158250
158311
158357
158391
158392
158665
158675
158685
158690
158855
158875
158877
158878
158888
158896
158925
158930
158934
159068
159184
159190
159193
159202
159213
159219
159227
159274
159345
159361
159593
159602
159662
159749
159772
159773
159879
159938
160154
160373
160454
160487
160762
160773
160796
160942
161007
161544
161563
161591
161656
161661
161668
161670
161681
161744
161807
161900
161923
161935
161959
162005
162055
162653
162701
162768
162794
162832
163113
163157
163161
163166
163168
163171
163187
163188
163225
163236
163261
163755
163784
163786
164275
164301
164321
164324
164337
164441
164442
164445
164473
164474
164528
164532
164578
164595
164607
164621
164663
164666
164667
164672
164702
164713
164839
165285
165342
165350
165368
165384
165406
165429
165435
165438
165442
165459
165460
165485
165506
165547
166065
166068
166090
166116
166120
166140
166164
166172
166186
166197
166199
166203
166217
166234
166240
166248
166255
166297
166300
166316
166324
166330
166975
166986
167009
167018
167038
167042
167086
167097
167119
167132
167714
167748
167779
167790
167792
167804
167805
167813
167821
167871
168052
168057
168079
168082
168118
168269
168345
168347
168365
168410
168475
168481
168492
168495
168506
168551
168555
168964
168988
169026
169032
169498
169526
169528
169561
170213
170217
170227
170230
170239
170242
170244
170252
170254
170275
170288
170290
170300
170323
170324
170326
170373
170390
170412
170563
170567
170571
170926
170956
170963
170976
170982
171021
171038
171061
171087
171161
171321
171337
171338
171378
171387
171453
171483
171496
171500
171596
171770
171803
171818
171821
171824
171825
172148
172446
172461
172462
172475
172516
172524
172533
172569
172573
172835
172902
172910
172985
173088
173139
173141
173252
173295
173298
173312
173328
173341
173542
173627
173656
173663
174079
174110
174214
174617
174636
174646
174664
174667
174673
174694
174727
174728
174735
174782
174800
174820
174821
174822
174833
174863
175188
175200
175238
175258
175269
175290
175308
175309
175389
175430
175491
175523
175535
175662
175683
175692
175699
175702
175704
175750
175835
175858
175859
175871
175888
175894
175917
176640
176672
176694
176765
176767
177139
177319
177333
177359
177380
177407
177416
177419
177424
177436
177438
177709
177727
177824
178019
178201
178236
178325
178334
178340
178343
178426
178437
178527
178556
178563
178597
178803
178830
178841
178848
179618
179676
179690
179695
179761
179786
179800
180339
180351
180393
180396
180404
180405
180408
180442
180449
180466
180468
180489
180491
180492
180494
180513
180832
180870
180871
180900
180956
180962
181091
181100
181393
181649
181668
181683
181763
181858
182027
182039
182044
182051
182271
182291
182299
182303
182353
183064
183068
183150
183210
183269
183367
183387
183388
183573
183580
183600
183626
183634
183644
183647
183678
183689
183693
183694
183753
183772
183793
183796
183802
183804
183813
183830
183836
183839
183846
183861
183865
183870
183899
183931
183951
183965
184006
184022
184038
184286
184315
184323
184344
184372
184393
184406
184415
184471
184481
184482
184498
184501
184505
184525
184551
184568
184611
184650
185011
185054
185068
185073
185074
185076
185213
185252
185259
185376
185398
185447
185491
185495
185507
185525
185546
185553
185568
185576
185583
185671
185676
185818
185820
185837
185842
185984
185986
186007
186021
186047
186087
186445
186529
186546
186548
186553
186653
186744
186745
186770
186783
186788
186797
186808
186811
186813
186842
186848
187084
187100
187107
187110
187170
187176
187241
187267
187292
187510
187513
187614
187671
187686
187688
187690
187749
187854
187954
187959
187967
188011
188209
188238
188357
188388
188401
188402
188417
188418
188434
188447
188664
188669
188674
188851
188991
189097
189103
189113
189228
189419
189420
189518
189665
189675
189686
189690
189711
189715
190169
190313
190501
190518
190854
190863
190887
190899
190912
190917
190921
190923
190938
190943
190967
190971
190980
190993
190997
191020
191023
191266
191273
191275
191621
191622
191643
191645
191752
191972
191983
191985
191989
192043
192065
192093
192312
192427
192444
192447
192471
192600
192602
193057
193069
193082
193130
193139
193167
193187
193190
193211
193297
193356
193930
194020
194118
194332
194397
194400
194442
194447
194462
194495
194498
194499
194509
194516
194537
194547
194555
194562
194564
194567
194575
194599
194600
194607
194609
194613
194615
194619
194626
194633
194634
194646
194661
194665
194699
194704
194708
194714
194737
194738
194745
194749
194753
194780
194788
194793
194800
194806
194844
194859
194871
194880
194881
194882
194898
194900
194904
194905
194909
194928
194930
194934
194935
194939
194955
194959
194972
194975
194978
194992
194993
194997
195007
195016
195030
195032
195040
195047
195049
195054
195060
195092
195103
195137
195145
195150
195191
195192
195221
195224
195225
195259
195310
196284
196308
196325
196331
196372
196395
196421
196429
196438
196451
196459
196472
197636
197696
197728
197729
197733
197734
197735
197748
197752
197754
197760
197802
197808
197809
197810
197825
197876
197880
197885
197886
197911
197934
197949
197983
198085
198119
198161
198172
198274
198951
199007
199011
199090
199107
199122
199171
199232
199243
199267
199274
199294
199305
199308
199400
199421
199451
199803
199814
199815
199835
199849
199856
199877
199910
199916
200098
200130
200138
200181
200362
200405
200412
200424
200747
200859
200872
200908
200920
200924
200936
200940
200945
200965
200982
200994
200998
201008
201019
201027
201028
201036
201045
201046
201047
201069
201076
201085
201095
201133
201145
201483
201988
201989
202016
202025
202036
202059
202068
202097
202102
202103
202107
202108
202112
202151
202158
202178
202182
202183
202205
202433
202463
202471
202479
202494
202516
202517
202707
202708
202849
202899
202900
202910
202919
203069
203074
203075
203076
203105
203135
203137
203139
203146
203551
203552
203554
203555
203565
203569
203578
203597
203621
203637
203638
203649
203653
203655
203672
203895
203923
204301
204317
204341
204352
204367
204371
204425
204456
204632
204642
204646
204656
204672
204696
204817
204818
204819
204855
205087
205250
205268
205299
205310
205321
205324
205338
205344
205348
205372
205398
205723
205732
205782
205800
205844
205866
205878
205886
205891
205902
205929
205999
206327
206355
206390
206417
206931
206978
207002
207016
207045
207048
207059
207064
207071
207078
207110
207116
207127
207128
207140
207154
207422
207522
207569
207654
207658
207664
207665
207667
207675
207686
207716
207734
207891
207941
207965
208212
208220
208247
208252
208271
208275
208556
208568
208685
208689
208708
208709
208717
208719
208726
208815
209037
209057
209088
209111
209163
209196
209572
209628
209634
209656
209660
209733
209753
209980
210008
210011
210017
210040
210209
210236
210250
210257
210337
210344
210369
210387
210471
210473
210485
210490
210557
210585
210610
210713
210970
211150
211190
211203
211256
211540
211642
211739
211941
211953
211988
211994
212003
212022
212048
212056
212071
212428
212430
212442
212701
212778
212788
212837
212879
212941
212969
212982
213012
213074
213079
213246
213251
213611
213624
213634
213843
213861
213865
213880
214115
214154
214157
214170
214173
214177
214178
214179
214181
214198
214203
214207
214211
214216
214220
214222
214233
214234
214239
214244
214259
214310
214389
214408
214541
214542
214548
214549
214571
214577
214581
214596
214876
214908
215038
215044
215055
215093
215106
215228
215446
215463
215656
215684
215805
215840
215851
215858
215870
215871
215873
215881
215882
215890
215904
215917
216128
216129
216141
216309
216440
216441
216452
216484
216486
216714
216730
216777
216801
216808
216904
216932
216963
217125
217188
217577
217580
217586
217610
217623
217630
217634
217831
217888
218178
218208
218217
218234
218238
218239
218243
218247
218586
218588
218599
218933
218935
218956
218977
219084
219136
219280
219293
219296
219311
219318
219322
220242
220244
220253
220257
220283
220489
220510
220516
220536
220541
220543
220937
220955
220958
220981
220984
220987
221005
221019
221021
221033
221044
221049
221104
221566
221607
221639
221640
221645
221714
221800
221810
221833
221836
221841
221856
221865
222036
222051
222061
222178
222184
222229
222231
222237
222238
222439
222446
222451
222457
222487
222489
223111
223175
223191
223531
223548
223551
223553
223580
223587
223602
224033
224044
224048
224059
224062
224068
224096
224099
224105
224109
224112
224125
224127
224128
224134
224140
224144
224157
224165
224173
224178
224184
224185
224186
224191
224197
224204
224212
224219
224221
224222
224225
224251
224289
224295
224862
224885
224890
224920
224929
224941
224945
224959
224986
224988
225142
225166
225289
225360
225367
225463
225472
225475
225487
225494
225646
225692
225711
225727
225731
225732
225758
225759
225767
225872
226279
226289
226309
226313
226316
226356
227084
227085
227131
227141
227151
227175
227184
227218
227226
227229
227239
227248
227264
227266
227268
227269
227271
227274
227280
227281
227287
227288
227302
227316
227372
227374
227404
227784
227790
227840
227842
227847
227850
227852
227853
227875
227900
227933
228057
228130
228160
228179
228295
228442
228443
228446
228460
228464
228471
228482
228486
228488
228491
228546
228798
228831
228837
228845
229047
229336
229356
229387
229398
229402
229432
229442
229452
229460
229468
229481
229482
229484
229487
229497
229513
229692
229716
229730
229765
229790
229849
229908
229946
230018
230166
230167
230194
230198
230216
230224
230238
230245
230275
230279
230285
230568
230584
230627
230899
231060
231091
231110
231123
231124
231145
231147
231171
231177
231178
231192
231216
231225
231230
231236
231416
231575
231601
231676
231677
231715
231724
231730
231734
231841
232017
232021
232028
232054
232057
232078
232082
232085
232092
232094
232100
232108
232115
232431
232463
232481
232482
232773
232787
232834
232848
233072
233116
233143
233194
233199
233221
233228
233236
233246
233275
233298
233338
233535
233655
233685
233697
233765
233777
233788
233812
233926
233945
234174
234202
234212
234215
234245
234524
234566
234586
234588
234591
234596
234614
234641
234642
234643
234646
235059
235099
235101
235633
235634
235691
235737
235749
236181
236210
236232
236244
236275
236282
236287
236293
236294
236310
236311
236318
236327
236362
236366
236391
236425
236487
236617
236771
236774
236776
236790
236874
236987
236994
237201
237214
237222
237317
237371
237425
237521
237671
237722
237725
237755
237763
237771
237810
237811
237828
238461
238472
238841
238875
238920
238937
238942
238944
238948
238950
238966
238983
239008
239040
239048
239080
239297
239321
239323
239378
239528
239585
239749
239927
240106
240108
240116
240331
240364
240833
240840
240841
240842
240843
240845
240848
240861
240865
240870
240883
240897
240903
240918
241120
241127
241220
241263
241936
241940
242219
242507
243091
243117
243125
243169
243437
243790
243797
243864
244035
244179
244254
244255
244285
244320
244325
244706
244712
244725
244740
244761
244832
245094
245669
245683
245714
245715
245716
245734
245757
245798
246179
246221
246367
246687
246690
246697
246966
247004
247440
247449
247453
247909
248190
248682
249107
249611
249648
249663
249817
250110
250353
250388
250395
250413
250445
250446
250608
250628
250951
251026
251378
251401
251570
251587
251594
251682
251688
251689
251714
251741
251811
251824
251841
251858
251883
251884
251914
251929
251941
251974
252163
252930
252943
252945
252968
252975
252976
252985
252995
253010
253035
253499
253500
253708
253759
253760
253780
253786
253791
253848
253868
253869
253882
253891
253912
253914
253920
253970
253985
254005
254013
254034
254472
254512
254524
254562
254576
254577
254605
254607
254627
254645
255597
255612
255615
255617
255620
255659
255661
255673
255688
255692
255738
255763
255773
255775
255828
255878
255879
255908
256084
256115
256116
256149
256632
256645
256651
256684
256742
256769
256782
256829
256867
256869
256904
257025
257230
257235
257238
257248
257300
257423
257488
257491
257494
257496
257499
257513
257551
257609
257653
257680
257690
257768
257778
257779
257782
257800
257802
257990
258004
258747
258788
258818
258819
258826
258864
258884
258905
258916
258923
258929
258967
258982
258987
258993
259003
259023
259024
259040
259071
259083
259540
259588
259697
259752
259762
259766
259768
259787
259794
259798
259809
259814
259828
259831
259840
259855
259891
259898
259900
259920
259939
259987
260001
260085
260087
260490
260585
260602
260630
260658
260670
260692
260989
261904
262012
262033
262047
262077
262084
262088
262095
262106
262143
262149
262162
262194
262208
262213
262295
262340
262341
262402
262435
262444
262455
262506
262511
262543
262547
262554
262576
262606
262614
262615
262724
262759
263102
263148
263199
263212
263213
263257
263275
263277
263295
263305
263316
263457
263495
263621
263639
263647
263668
263848
263879
264216
264217
264220
264245
264292
264369
264408
264530
264824
264854
264865
264893
264905
264936
264952
264953
265270
265296
265310
265564
265572
265635
266040
266099
266106
266156
266196
266230
266233
266236
266256
266269
266278
266289
266293
266497
266537
266599
266603
267026
267157
267167
267169
267267
267271
267283
267287
267640
267653
267681
267951
267957
267975
267992
267993
268010
268256
268262
268288
268299
268307
268322
268838
268853
268857
268868
268872
268883
268886
268887
268907
268908
268924
268949
269387
269433
269470
269479
269668
269746
269751
269859
269865
269883
269885
269886
269896
269899
269915
270091
270107
270126
270133
270145
270158
270169
270181
270223
270691
270809
270835
270847
270943
270946
270948
270976
270989
270994
271009
271697
272170
272197
272245
272292
272314
272319
272326
272380
272386
272415
272422
272434
272446
272453
272485
272521
272523
272529
272539
272541
272551
272574
272598
272621
272655
272680
272691
273328
273341
273358
273430
273437
273464
273486
273488
273506
273507
273519
273541
273551
273552
273555
273572
273578
273605
273617
273618
273628
273643
273649
273677
273697
273715
273721
273745
273801
274080
274086
274104
274112
274140
274195
274202
274212
274323
274357
274818
274821
274908
274959
275024
275176
275309
275344
275381
275397
275399
275449
275624
275641
275816
275837
275845
275864
276231
276258
276405
276407
276657
276802
276803
276820
276895
276897
277167
277216
277219
277242
277293
277317
277363
277387
277390
277418
277436
277479
277525
278069
278113
278115
278117
278118
278124
278143
278155
278176
278178
278184
278187
278198
278216
278217
278218
278263
278307
278311
278338
278505
278507
278550
278703
278770
279160
279292
279502
279598
279619
279671
279813
279957
280028
280030
280125
280391
280458
280503
280509
280511
280515
280525
280533
280534
280539
280541
280542
280547
280797
280808
280851
280852
280856
280859
280860
280884
280894
280911
280933
281122
281144
281154
281156
281168
281172
281174
281193
281200
281204
281214
281220
281401
281404
281434
281453
281456
281460
281461
281484
281532
281802
282018
282101
282219
282428
282441
282514
282519
282889
282902
283085
283382
283411
283420
283426
283599
283758
283920
283965
283969
283988
283990
283998
284000
284007
284008
284011
284017
284027
284031
284158
284186
284242
284421
284463
284476
284511
284721
284724
284728
284769
284889
284892
285007
285056
285122
285123
285170
285240
285253
285288
285308
285335
285342
285347
285371
285427
285430
285466
285595
285612
285691
285715
285837
286148
286174
286177
286218
286316
286317
286367
286443
286482
286525
286549
286565
286576
286600
286601
286673
286689
286709
286733
286766
286776
286894
286942
286977
286996
287103
287136
287159
287325
287537
287568
287637
287672
287762
287785
287834
287880
287889
287896
287959
288080
288098
288260
288327
288421
288426
288462
288464
288543
288552
288641
288730
288761
288784
288966
289058
289069
289092
289100
289149
289176
289191
289257
289265
289276
289290
289336
289397
289421
289451
289461
289479
289510
289547
289554
289651
289657
289705
289714
289715
289730
289748
290035
290044
290193
290224
290508
290665
290668
290836
290873
290951
291044
291055
291057
291069
291131
291138
291175
291180
291184
291213
291218
291245
291311
291320
291356
291393
291394
291424
291450
291473
291475
291504
291506
291597
291612
291661
291698
291732
291819
291885
291899
291930
291974
291982
292099
292105
292144
292212
292273
292331
292337
292363
292365
292367
292379
292429
292433
292542
292620
292712
292717
292821
292855
292899
292900
292915
293068
293080
293100
293148
293165
293172
293200
293268
293390
293545
293569
293638
293722
293757
293790
293807
293913
294028
294049
294099
294373
294409
294442
294563
294575
294636
294662
294705
294862
294916
294939
295048
295108
295113
295219
295229
295239
295338
295350
295543
295711
295809
295826
295855
295879
295882
295916
296062
296140
296156
296157
296170
296303
296378
296388
296390
296426
296497
296553
296560
296565
296586
296754
296815
296873
296879
296925
297020
297076
297137
297139
297145
297290
297441
297447
297848
297865
297882
297891
297896
297908
297946
297948
298913
298933
298952
298954
298982
298994
298997
298998
299007
299017
299018
299028
299034
299461
299499
299502
299504
299519
299520
299541
299598
299620
300283
300300
300301
300314
300315
300356
300357
300361
300369
300382
300435
301116
301145
301157
301176
301182
301184
301190
301224
301230
301243
301271
301273
301275
301315
301642
301673
301683
301722
302031
302063
302387
302448
302466
302487
302496
302513
302896
302976
302983
303308
303414
303416
303451
303477
303529
303555
304017
304033
304060
304085
304122
304790
304826
304829
304834
304841
304852
304854
304863
304878
304881
304885
304890
304914
304940
304946
305092
305584
305596
305603
305636
305637
305669
305723
305725
305746
305771
305778
305789
305816
305822
305827
305837
305851
305857
305878
305888
305903
306025
306047
306066
306068
306076
306115
306180
306191
306237
306247
306293
306328
306340
306466
306520
306654
306775
306924
307142
307213
307241
307361
307614
307628
307650
307681
307711
307753
308148
308160
308164
308180
308207
308276
308669
308688
308695
308712
308731
308740
308753
309230
309231
309234
309266
309268
309278
309287
309295
309299
309306
309327
309339
309340
309346
309357
309395
309399
309411
309433
309434
309447
309452
309464
309789
309795
309797
309798
309800
309826
309839
309841
309851
309856
309866
309868
309870
309920
310066
310098
310175
310179
310193
310208
310230
310271
310311
310321
310328
310339
310344
310421
310528
310674
310890
310894
310900
310906
310912
310916
310927
310929
310931
310935
311281
311286
311304
312022
312036
312048
312063
312066
312072
312074
312099
312119
312122
312134
312151
312154
312163
312167
312168
312189
312192
312209
312245
312517
312531
312536
312841
312947
312990
313009
313015
313018
313019
313116
313135
313151
313337
313635
313646
313659
313669
313674
313690
313729
313732
313755
313757
313797
314101
314116
314120
314124
314127
314174
314179
314183
314186
314698
315231
315242
315243
315254
315268
315302
315330
315350
315359
315371
315390
315393
315419
315429
315447
315455
315463
315467
315475
315476
315523
316029
316038
316057
316070
316087
316280
316288
316395
316413
316558
316701
316775
316780
316937
317021
317045
317093
317101
317331
317400
317564
317568
317640
317675
317791
317834
317853
317914
317921
317932
317956
317974
318089
318166
318184
318285
318366
318382
318458
318480
318486
318501
318506
318508
318548
318583
318595
318600
318671
318737
318802
319313
319326
319363
319483
319549
319580
319599
319855
320052
320265
320315
320395
320496
320510
320527
320534
320535
320554
320562
320563
320572
320577
320591
320650
320697
320720
321061
321195
321205
321260
321304
321359
321424
321485
321612
321710
321834
321965
321971
322253
322380
322388
322420
322455
322528
322603
322614
322627
323302
323333
323376
323382
323407
323409
323716
323731
324413
324950
324951
324958
324998
325001
325002
325025
325027
325045
325047
325056
325073
325079
325117
325186
325432
325786
325875
325895
326029
326154
326190
326205
326264
326511
326534
326684
326933
326942
326945
327166
327191
327202
327203
327204
327207
327210
327229
327725
327800
327848
328114
328138
328175
328182
328189
328208
328225
328262
328503
328509
328514
328518
328665
328897
328911
329178
329195
329229
329242
329254
329284
329336
329649
329745
329760
329763
329766
329947
329969
329984
330237
330259
330287
330291
330324
330351
330356
330563
330606
330611
330614
330616
330645
330652
330656
330677
330685
330830
330869
330870
330871
330891
330933
330972
331132
331340
331348
331353
331630
331755
331760
331821
331887
332012
332013
332017
332018
332028
332030
332066
332381
332489
332499
332501
332504
332506
332507
332679
332681
332707
332743
332784
332908
332990
333028
333030
333059
333067
333080
333088
333092
333097
333119
333122
333132
333135
333323
333336
333338
333524
333587
333729
334161
334212
334251
334269
334270
334275
334279
334294
334322
334323
334333
334344
334347
334350
334417
334693
335013
335331
335338
335348
335350
335355
335360
335375
335381
335382
335399
335417
335420
335435
335448
335466
335467
335473
335475
335479
335489
335494
335505
335708
335732
335734
335786
336071
336105
336108
336113
336638
336729
336764
336781
336825
336994
337380
337386
337387
337388
337389
337443
337445
337455
337459
337462
337473
337474
337514
337523
337524
337532
337543
337549
337571
337585
337600
337633
337660
337698
337718
337750
337752
337766
337802
337816
337840
337891
337926
337937
337939
337961
337963
337991
338469
339071
339098
339814
339818
339820
339824
339932
339966
339985
340020
340047
340068
340077
340083
340088
340090
340098
340101
340123
340129
340147
340153
340179
340255
340338
340376
340388
340914
340936
341002
341010
341042
341074
341096
341102
341936
341949
341954
341959
341961
342049
342252
342328
342483
343254
343270
343311
343342
343364
343396
343698
343744
343757
343805
343864
343880
344224
344248
344302
344310
344331
344343
344354
344355
344360
344387
344406
344427
344428
344604
344621
344624
344903
345286
345303
345311
345325
345344
345348
345350
345352
345358
345375
345382
345383
345391
345404
345405
345417
345425
345446
345739
345770
345772
345817
346294
346302
346303
346304
346305
346310
346316
346336
346416
346417
346430
346454
346458
346510
346578
346595
346978
346982
346985
346991
347036
347040
347172
347175
347345
347354
347357
347359
347608
347640
347686
347691
347706
348159
348199
348203
348210
348213
348214
348227
348246
348264
348272
348287
348295
348383
348439
348633
348635
348643
348683
348685
348695
348699
348706
348709
348726
348730
348752
348765
349013
349111
349115
349122
349134
349501
349518
349542
349549
349563
349571
349590
349605
349642
349703
349711
349719
349744
349762
349947
349954
350080
350129
350209
350221
350381
350443
350458
350460
350548
350610
350727
350743
350769
350779
350815
350850
351241
351245
351248
351271
351272
351284
351292
351309
351313
351687
351693
351704
351710
351721
351724
351739
351756
351772
351774
351810
352147
352658
352674
352678
352699
352721
352724
352768
352772
352781
352788
352789
352813
352832
352838
352846
352914
352919
352924
353315
353417
353424
353470
353485
353510
353810
353990
354173
354176
354197
354216
354395
354519
354557
354566
354568
354575
354588
354593
354957
354971
354982
354983
354984
355340
355360
355860
355883
355899
355900
355901
355930
355935
355946
355998
356316
356949
357176
357190
357217
357227
357234
357339
357370
357383
357384
357395
357586
357599
357613
358043
358059
358077
358078
358081
358091
358101
358121
358481
358511
358531
358980
359039
359043
359064
359066
359080
359089
359098
359101
359116
359121
359123
359135
359136
359160
359182
359504
359671
360039
360091
360376
360405
360447
360550
360551
360762
360770
360814
361148
361149
361179
361572
361573
361601
361612
361616
361718
362019
362050
362052
362060
362061
362062
362073
362074
362081
362083
362087
362088
362090
362101
362115
362122
362127
362129
362130
362160
362163
362177
362180
362360
362404
362416
362425
362426
362427
362452
362455
362457
362475
362632
362743
362767
362946
362969
362989
363034
363274
363309
363331
363333
363354
363364
363365
363450
363520
363736
363769
363770
363784
364180
364181
364188
364190
364195
364203
364231
364264
364646
364655
364723
364733
364756
364779
365099
365100
365125
365140
365141
365159
365165
365210
365225
365497
365512
365575
365818
365873
365894
366295
366341
366348
366357
366493
366549
366554
366578
366806
366823
366831
367088
367104
367107
367119
367120
367124
367130
367136
367158
367162
367289
367485
367496
367506
367712
367735
367903
367956
368126
368172
368320
368365
368370
368387
368417
368564
368663
368861
368880
368916
368922
368934
368937
368950
369032
369035
369496
369609
369719
369749
369966
370010
370240
370241
370242
370260
370264
370303
370329
370339
370354
370883
370914
371405
371470
371482
371503
371515
371525
371537
371540
371543
371550
371565
371567
371573
371574
371577
371582
371595
371596
371600
371605
371606
371611
371613
371892
371895
371910
372372
372847
372913
372920
373180
373200
373220
373455
373644
373668
373702
373765
373778
373801
373821
373822
373823
374037
374240
374249
374268
374295
374842
374866
374868
374875
374909
374912
374920
374922
374923
374926
374942
374946
374955
374956
375085
375095
375127
375163
375167
375168
375175
375177
375216
375749
375757
376111
376128
376142
376196
376200
376202
376212
376387
376393
376407
376428
376693
377089
377090
377307
377583
377585
378130
378137
378155
378193
378207
378219
378244
378264
378269
378570
378584
378602
378645
379178
379205
379218
379232
379233
379235
379276
379599
379635
379692
379694
379994
380031
380216
380224
380390
380536
380738
380740
380746
380748
380755
380756
380760
380767
380775
381084
381093
381094
381097
381124
381135
381382
381389
381393
381719
381727
381742
381766
381770
381807
381817
381818
381858
382034
382040
382045
382052
382071
382073
382083
382314
382334
382375
382401
382424
382499
382500
382512
382519
382527
382532
382536
382707
382725
383020
383032
383034
383037
383039
383047
383052
383054
383083
383084
383085
383099
383105
383110
383111
383125
383135
383139
383144
383151
383180
383219
383478
383486
383508
383532
383542
383545
383550
383564
383570
383583
383588
384286
384316
384318
384363
384382
384700
384835
384997
385153
385171
385228
385270
385276
385284
385296
385298
385428
385622
385637
385644
385667
385668
385675
385679
385680
385704
385706
385714
385717
385718
385723
385727
385738
385747
386012
386013
386042
386043
386051
386052
386053
386068
386084
386257
386306
386681
386698
386701
386706
386763
386918
387132
387215
387220
387413
387470
387474
387566
387573
387725
387889
387893
388011
388037
388046
388062
388083
388110
388121
388140
388142
388143
388160
388164
388165
388172
388179
388386
388492
388495
388516
388520
388522
388526
388540
388547
388916
388944
388949
388978
389374
389403
389416
389441
389654
389660
389743
389917
390015
390129
390200
390529
390557
390718
390828
390882
391070
391129
391140
391144
391156
391158
391167
391171
391184
391192
391422
391471
391911
391956
392184
392289
392304
392322
392365
392469
392555
392582
392736
392755
393340
