221
251
320
339
423
450
513
520
529
562
573
579
590
608
633
639
651
653
661
669
676
742
766
775
798
807
833
876
890
1033
1075
1087
1095
1105
1112
1114
1129
1148
1174
1186
1199
1207
1210
1220
1234
1265
1286
1287
1291
1297
1339
1353
1364
1388
1408
1410
1413
1416
1434
1464
1485
1532
1533
1552
1557
1588
1604
1605
1641
1649
1654
1711
1723
1732
1737
1753
1755
1758
1767
1780
1786
1787
1799
1801
1812
1826
1834
1844
1845
1849
1852
1861
1882
1887
1903
1910
1957
1971
1992
2020
2027
2052
2091
2111
2115
2124
2136
2179
2180
2191
2206
2216
2263
2309
2315
2345
2355
2358
2387
2400
2413
2416
2425
2443
2453
2459
2471
2475
2476
2522
2523
2530
2531
2562
2578
2600
2605
2618
2622
2632
2646
2661
2677
2684
2686
2690
2706
2711
2740
2752
2767
2787
2804
2808
2836
2856
2878
2889
2900
2907
2909
2928
2957
2982
3003
3028
3062
3088
3126
3140
3168
3190
3194
3214
3232
3237
3243
3250
3310
3312
3318
3328
3329
3357
3366
3425
3468
3469
3505
3506
3560
3570
3582
3620
3638
3713
3721
3736
3750
3772
3774
3820
3830
3876
3887
3896
3911
3914
3937
3950
3955
3992
4041
4044
4052
4058
4059
4074
4077
4078
4093
4100
4102
4115
4118
4130
4163
4170
4202
4207
4210
4223
4243
4271
4290
4346
4357
4380
4381
4395
4410
4427
4431
4453
4455
4473
4485
4493
4498
4505
4513
4529
4532
4537
4542
4557
4559
4568
4573
4574
4575
4576
4593
4598
4600
4668
4681
4714
4717
4730
4745
4747
4749
4756
4800
4843
4854
4865
4866
4873
4897
4916
4934
4958
4976
4991
4998
4999
5032
5039
5042
5061
5074
5101
5106
5115
5136
5162
5170
5191
5197
5213
5281
5289
5314
5347
5357
5367
5441
5447
5449
5471
5488
5497
5520
5548
5555
5571
5623
5629
5662
5729
5749
5750
5755
5760
5769
5779
5808
5814
5816
5845
5886
5902
5936
5940
5942
5944
5950
6019
6025
6031
6068
6136
6156
6166
6220
6241
6254
6309
6341
6357
6383
6420
6424
6459
6464
6477
6548
6590
6609
6655
6665
6733
6734
6770
6773
6866
6910
6923
6931
6938
6958
6989
6992
7046
7067
7103
7139
7146
7155
7158
7180
7183
7206
7275
7303
7308
7338
7494
7549
7577
7583
7596
7602
7603
7616
7624
7635
7667
7694
7718
7766
7905
7906
7975
8000
8048
8052
8085
8104
8117
8171
8175
8184
8186
8187
8226
8242
8294
8312
8316
8340
8372
8387
8403
8496
8497
8498
8501
8502
8537
8538
8570
8578
8584
8661
8675
8677
8741
8774
8802
8836
8850
8851
8868
8901
8902
8908
8914
8951
8967
8968
8981
8983
9039
9079
9081
9092
9154
9179
9241
9257
9275
9291
9316
9317
9427
9449
9453
9465
9510
9543
9576
9609
9633
9670
9681
9705
9709
9711
9798
9806
9825
9826
9834
9978
10033
10069
10095
10096
10098
10116
10117
10173
10194
10228
10234
10293
10384
10412
10413
10478
10489
10492
10505
10551
10579
10635
10647
10679
10734
10736
10759
10763
10764
10765
10769
10770
10792
10808
10818
10840
10847
10885
10924
10930
10945
10951
10963
11002
11050
11052
11062
11107
11108
11140
11142
11163
11177
11198
11208
11209
11222
11226
11235
11288
11301
11321
11330
11356
11358
11375
11412
11419
11458
11477
11514
11570
11581
11584
11586
11604
11610
11611
11613
11614
11722
11732
11800
11801
11805
11812
11820
11821
11943
11945
11993
12002
12042
12048
12080
12101
12113
12128
12150
12154
12165
12168
12223
12243
12244
12248
12249
12250
12354
12384
12487
12531
12635
12636
12651
12654
12655
12657
12677
12689
12716
12760
12763
12764
12765
12844
12849
12865
12879
12902
12918
12970
12971
13020
13089
13090
13093
13116
13117
13118
13144
13215
13220
13226
13289
13296
13304
13309
13318
13321
13334
13339
13345
13355
13365
13378
13391
13399
13446
13457
13466
13472
13486
13488
13489
13501
13505
13560
13567
13586
13621
13648
13681
13683
13687
13726
13739
13755
13772
13811
13813
13814
13823
13833
13925
14014
14016
14105
14188
14192
14203
14204
14207
14251
14260
14261
14303
14313
14372
14410
14420
14422
14442
14450
14451
14477
14538
14542
14544
14545
14548
14555
14558
14559
14647
14658
14666
14667
14672
14685
14692
14702
14712
14739
14752
14787
14788
14794
14848
14885
14902
14978
15001
15003
15004
15037
15054
15062
15092
15110
15143
15172
15173
15184
15227
15239
15303
15340
15385
15451
15480
15498
15499
15537
15538
15550
15555
15589
15600
15612
15614
15631
15694
15722
15738
15751
15943
15965
15973
15976
16010
16032
16038
16040
16041
16047
16060
16066
16105
16144
16160
16162
16170
16207
16295
16337
16348
16364
16401
16457
16479
16494
16496
16505
16507
16564
16573
16604
16628
16630
16663
16778
16793
16887
16893
16894
16895
16906
16907
16911
16914
16924
16933
16935
16936
16937
16949
16951
16963
17011
17047
17067
17080
17084
17110
17111
17123
17131
17135
17143
17154
17158
17179
17184
17199
17239
17244
17315
17323
17340
17378
17432
17433
17450
17467
17528
17532
17576
17604
17610
17611
17618
17619
17620
17667
17668
17676
17682
17686
17687
17693
17696
17697
17702
17780
17788
17800
17804
17805
17808
17813
17814
17817
17834
17854
17859
17862
17863
17864
17880
17987
18006
18033
18039
18050
18051
18061
18079
18094
18099
18115
18139
18141
18152
18156
18160
18161
18164
18233
18362
18365
18385
18413
18441
18443
18479
18481
18545
18547
18674
18682
18684
18687
18692
18696
18700
18713
18714
18715
18716
18719
18731
18778
18822
18831
18839
18865
18883
18921
18928
18936
18937
18990
18992
19027
19050
19062
19069
19097
19101
19168
19200
19274
19283
19352
19362
19408
19485
19494
19504
19507
19611
19647
19655
19665
19667
19670
19686
19688
19693
19709
19724
19736
19780
19786
19791
19804
19848
19851
19855
19888
19910
19921
19927
19932
19950
19955
20059
20060
20096
20130
20131
20133
20207
20208
20225
20365
20382
20383
20388
20389
20403
20412
20462
20512
20515
20519
20549
20613
20645
20673
20704
20708
20710
20721
20722
20727
20731
20737
20748
20807
20814
20819
20845
20900
20929
20966
20974
20977
20984
20991
21015
21041
21054
21059
21131
21160
21196
21211
21220
21221
21337
21368
21369
21541
21551
21557
21560
21581
21590
21597
21600
21605
21725
21734
21777
21836
21841
21861
21862
21878
21887
21890
21903
21919
21961
21988
22007
22015
22017
22018
22031
22039
22040
22060
22069
22072
22074
22100
22122
22123
22126
22133
22214
22232
22242
22368
22428
22488
22499
22529
22549
22552
22595
22624
22655
22659
22660
22677
22680
22684
22711
22727
22731
22737
22738
22765
22774
22785
22796
22798
22826
22867
22907
22915
22972
23009
23026
23125
23134
23141
23161
23192
23208
23274
23305
23309
23367
23385
23386
23399
23400
23419
23455
23568
23573
23575
23592
23616
23708
23777
23821
23822
23831
23847
23863
23896
23930
23942
23946
23948
23952
23954
23965
23972
23973
24100
24164
24224
24243
24246
24247
24263
24281
24283
24287
24299
24320
24327
24342
24343
24350
24353
24366
24374
24379
24393
24396
24404
24405
24423
24424
24437
24477
24533
24554
24590
24596
24599
24627
24628
24671
24691
24743
24823
24872
25053
25110
25223
25233
25234
25254
25258
25268
25271
25276
25280
25297
25302
25307
25308
25459
25502
25543
25564
25583
25586
25594
25598
25649
25661
25672
25695
25709
25734
25736
25755
25762
25774
25784
25812
25838
25839
25841
25844
25857
25860
25879
25894
25919
25920
25922
25929
25975
25999
26058
26062
26067
26072
26073
26081
26216
26221
26222
26224
26346
26350
26359
26370
26373
26378
26410
26512
26515
26566
26576
26577
26578
26593
26594
26595
26597
26603
26606
26613
26628
26631
26700
26701
26711
26713
26735
26743
26766
26768
26784
26785
26821
26839
26876
26924
26986
26989
26990
26992
26994
26995
27004
27010
27019
27056
27124
27147
27148
27154
27158
27160
27165
27169
27171
27182
27187
27190
27198
27202
27204
27209
27213
27237
27271
27275
27283
27402
27443
27481
27483
27485
27486
27504
27508
27523
27531
27535
27552
27555
27573
27605
27631
27656
27667
27669
27709
27759
27789
27792
27830
27896
27911
27912
27913
27990
27992
27994
28001
28003
28018
28023
28024
28033
28036
28057
28064
28138
28139
28239
28261
28264
28278
28282
28283
28300
28323
28333
28339
28340
28347
28348
28350
28352
28371
28372
28378
28381
28388
28389
28399
28435
28473
28593
28595
28639
28650
28703
28773
28797
28880
28889
28914
28923
28926
28931
28937
28950
28970
28984
28991
29008
29012
29023
29078
29083
29170
29172
29216
29263
29353
29355
29413
29509
29510
29513
29516
29530
29535
29542
29544
29547
29554
29556
29562
29563
29567
29569
29572
29792
29799
29816
29837
29849
29879
29883
29900
29910
29913
29917
29919
29924
29925
29926
29928
29940
29942
29953
29955
29957
29960
29968
29972
30238
30285
30300
30335
30391
30410
30429
30442
30450
30457
30462
30463
30484
30496
30503
30507
30527
30532
30538
30572
30589
30626
30637
30643
30721
30847
30905
30945
31005
31062
31082
31087
31092
31095
31201
31233
31235
31236
31243
31250
31251
31257
31258
31267
31270
31273
31275
31280
31286
31287
31288
31289
31294
31296
31297
31301
31302
31303
31304
31305
31306
31325
31326
31331
31337
31542
31608
31616
31646
31656
31658
31668
31691
31703
31717
31734
31736
31739
31740
31745
31746
31754
31766
31769
31780
31783
31816
31829
31830
32011
32030
32075
32113
32119
32194
32216
32233
32236
32237
32243
32245
32249
32250
32257
32260
32266
32271
32273
32274
32289
32293
32320
32324
32347
32350
32362
32368
32372
32375
32380
32388
32392
32400
32401
32408
32410
32412
32413
32414
32415
32417
32422
32453
32465
32472
32476
32481
32486
32487
32488
32494
32526
32548
32566
32591
32602
32603
32792
32858
32864
32869
32892
32937
32943
32974
32988
32990
32995
33003
33190
33191
33208
33218
33228
33251
33256
33266
33272
33276
33277
33279
33280
33281
33285
33287
33293
33295
33298
33309
33314
33432
33469
33620
33665
33686
33689
33691
33712
33715
33725
33730
33732
33739
33756
33778
33780
33798
33802
33999
34033
34046
34059
34091
34099
34114
34128
34167
34201
34211
34213
34221
34231
34232
34240
34243
34247
34248
34255
34287
34290
34291
34292
34311
34357
34358
34360
34362
34369
34370
34374
34376
34378
34383
34394
34409
34424
34427
34448
34476
34489
34493
34495
34512
34516
34517
34528
34530
34533
34549
34557
34567
34568
34574
34586
34593
34602
34607
34608
34609
34610
34623
34624
34626
34628
34629
34641
34645
34657
34661
34672
34673
34699
34710
34711
34790
34808
34809
34810
34839
34864
34868
34878
34971
34973
35065
35068
35075
35091
35130
35203
35207
35208
35209
35311
35322
35323
35337
35341
35345
35347
35503
35517
35550
35599
35605
35613
35625
35634
35639
35640
35650
35653
36010
36020
36037
36043
36045
36046
36047
36053
36059
36080
36081
36084
36085
36090
36091
36092
36094
36098
36101
36103
36117
36120
36123
36125
36131
36132
36143
36148
36151
36152
36157
36160
36161
36168
36169
36170
36181
36196
36198
36201
36202
36210
36230
36231
36242
36250
36264
36275
36557
36647
36694
36886
36889
36895
36896
36900
36910
36930
36936
36967
36993
36998
37007
37011
37023
37047
37076
37091
37097
37105
37134
37164
37167
37172
37180
37198
37203
37204
37205
37211
37236
37260
37283
37284
37312
37330
37426
37493
37506
37595
37618
37656
37657
37663
37668
37763
37764
37768
37896
38027
38034
38273
38290
38349
38356
38361
38371
38404
38405
38410
38420
38425
38429
38432
38441
38443
38471
38472
38477
38479
38480
38482
38487
38488
38500
38514
38515
38519
38523
38528
38535
38538
38540
38572
38582
38604
38809
38909
38910
38924
38927
39042
39093
39118
39137
39211
39243
39244
39251
39268
39281
39332
39342
39358
39371
39422
39431
39472
39484
39499
39598
39673
39834
39864
39886
40104
40108
40111
40115
40120
40125
40135
40138
40149
40152
40153
40157
40162
40163
40165
40176
40179
40185
40186
40215
40216
40217
40224
40418
40440
40450
40461
40497
40576
40612
40669
40675
40679
40714
40726
40756
40840
40850
40855
40864
40905
40916
40918
40923
40924
40930
40932
40933
40939
40940
40957
40973
40977
40984
40987
40989
41029
41031
41038
41051
41081
41095
41112
41118
41120
41125
41138
41161
41165
41167
41202
41239
41243
41252
41254
41263
41266
41272
41273
41274
41284
41298
41300
41308
41309
41310
41316
41320
41323
41325
41334
41343
41347
41360
41361
41362
41367
41370
41372
41375
41398
41401
41402
41403
41444
41508
41524
41688
41953
41956
42012
42014
42040
42050
42104
42105
42108
42131
42139
42145
42149
42184
42185
42196
42198
42209
42210
42211
42212
42226
42227
42232
42233
42259
42265
42276
42278
42315
42359
42394
42423
42433
42441
42448
42453
42459
42476
42584
42717
42722
42723
42731
42750
42766
42787
43014
43075
43093
43106
43112
43113
43118
43145
43155
43160
43164
43184
43198
43218
43219
43228
43233
43237
43269
43291
43515
43519
43525
43540
43555
43558
43561
43567
43596
43613
43615
43631
43715
43718
43765
43774
43776
43800
43803
43824
44005
44011
44288
44292
44295
44352
44389
44417
44448
44456
44476
44489
44510
44517
44518
44524
44529
44532
44546
44548
44582
45020
45068
45111
45126
45127
45235
45288
45300
45301
45307
45317
45344
45366
45380
45382
45386
45388
45391
45408
45409
45410
45455
45464
45466
45510
45512
45528
45530
45538
45552
45558
45564
45576
45592
45593
45601
45620
45625
45636
45642
45649
45658
45659
45663
45665
45671
45682
45696
45701
45706
45714
45724
45730
45732
45733
45743
45752
45766
45936
45987
46013
46102
46115
46151
46211
46218
46226
46241
46242
46251
46253
46265
46266
46269
46271
46286
46288
46291
46292
46293
46298
46313
46323
46332
46333
46347
46414
46451
46493
46496
46511
46584
46590
46642
46643
46725
46728
46731
46735
46997
47036
47084
47088
47105
47126
47129
47140
47157
47608
47645
47646
47666
47667
47680
47696
47706
47708
47716
47726
47758
47764
47765
47773
47779
47790
47797
47798
47800
47807
47815
47820
47825
47837
47839
47840
47843
47844
47845
47847
47848
47850
47858
47864
47865
47874
47877
47879
47893
47911
47922
47977
47995
48209
48211
48234
48240
48242
48244
48245
48250
48300
48322
48372
48413
48475
48493
48569
48575
48721
48784
48803
48813
48822
48829
48831
48835
48843
49351
49409
49439
49461
49463
49464
49502
49503
49505
49509
49518
49519
49531
49533
49541
49544
49545
49567
49570
49593
49595
49597
49620
49628
49635
49638
49643
49655
49660
49671
50230
50371
50392
50404
50427
50443
50502
50510
50542
50550
50566
50589
50615
50647
50668
50676
50677
50685
50701
50710
50722
50727
50746
50749
50775
50780
50786
50790
50801
50827
50844
50864
50884
50893
50919
50930
50946
50950
50951
50952
50960
50971
50973
50974
50975
50979
50981
50983
50984
50985
50987
50988
50989
50990
50998
51026
51036
51037
51039
51059
51062
51063
51081
51099
51113
51125
51138
51153
51155
51163
51174
51184
51194
51218
51222
51224
51232
51234
51244
51248
51249
51257
51260
51275
51278
51281
51282
51293
51301
51303
51305
51310
51311
51312
51316
51318
51325
51326
51331
51705
51767
51780
51806
51809
51810
51812
51813
51814
51815
51824
51825
51826
51834
51853
51860
51869
51870
51872
51875
51879
51881
51892
51899
51901
51933
51934
51942
51949
51950
51951
51952
51960
51974
51977
51980
51986
51990
51999
52000
52002
52023
52024
52025
52095
52111
52113
52122
52127
52131
52292
52311
52477
52536
52539
52540
52546
52648
52649
52654
52678
52679
52688
52709
52711
52712
52743
52909
53101
53128
53165
53186
53197
53223
53231
53251
53254
53259
53273
53287
53306
53323
53330
53331
53333
53334
53335
53341
53355
53359
53364
53378
53380
53397
53400
53407
53420
53423
53819
54112
54222
54233
54293
54330
54342
54369
54370
54402
54414
54415
54427
54433
54453
54464
54473
54474
54479
54486
54487
54488
54491
54511
54517
54522
54540
54548
54549
54550
54555
54556
54558
54606
54658
54756
54844
54866
54871
54888
54927
54971
55003
55012
55035
55064
55084
55097
55108
55112
55120
55132
55135
55140
55170
55183
55220
55229
55240
55289
55325
55328
55335
55338
55367
55390
55405
55407
55413
55432
55442
55446
55458
55494
55495
55502
55510
55525
55526
55531
55537
55591
55611
55617
55621
55651
55723
55733
55782
55917
55919
55921
55927
55937
55944
56208
56220
56221
56264
56266
56270
56324
56400
56678
56726
56728
56742
56744
56745
56747
56749
56773
56774
56784
56787
56804
56811
56818
56819
56820
56831
56841
56877
56880
56892
56897
56898
56900
56901
56902
56907
56910
56913
56921
56922
56930
56934
56991
57005
57017
57070
57089
57264
57271
57295
57305
57307
57382
57424
57449
57468
57513
57555
57614
57636
57661
57663
57665
57687
57700
57713
57756
57777
57813
57828
57830
57835
57836
57837
57846
57859
57895
58018
58024
58052
58106
58115
58137
58299
58360
58381
58484
58494
58509
58521
58592
58624
58755
58774
58784
58798
58801
58805
58818
58824
58827
58837
58838
58859
58860
58876
58904
59218
59287
59337
59366
59375
59459
59480
59504
59668
59767
59768
59780
59833
59835
59837
59840
59844
59845
59852
59865
59866
59869
59870
59871
59879
59889
59909
59913
59924
59925
59931
59937
59938
59942
59944
59947
59948
59955
59956
59958
59965
59966
59980
59982
59983
59992
59995
59999
60016
60047
60052
60079
60087
60111
60115
60116
60117
60122
60134
60147
60152
60222
60228
60262
60267
60289
60306
60361
60412
60503
60520
60551
60611
60739
60755
60775
61024
61089
61185
61329
61355
61440
61480
61548
61591
61622
61627
61660
61666
61668
61669
61677
61678
61716
61732
61737
61770
61779
61793
61862
61878
61880
61902
61926
61945
61947
61953
61961
61965
61970
61973
61975
61990
62010
62012
62016
62018
62056
62070
62119
62131
62164
62180
62185
62189
62199
62220
62243
62253
62270
62275
62314
62333
62345
62348
62349
62354
62368
62379
62383
62405
62409
62425
62436
62454
62456
62465
62473
62506
62508
62524
62526
62528
62535
62539
62544
62576
62580
62586
62589
62594
62605
62610
62630
62651
62672
62687
62688
62689
62698
62702
62715
62718
62721
62725
62738
62753
62765
62778
62795
62839
62844
62860
62871
62886
62890
62900
62904
62905
62915
62923
62930
62953
63016
63031
63035
63038
63066
63083
63108
63109
63113
63139
63148
63156
63159
63165
63166
63179
63180
63197
63198
63227
63229
63261
63274
63280
63285
63288
63356
63358
63362
63368
63378
63456
63461
63465
63475
63477
63504
63537
63585
63600
63638
63641
63670
63671
63678
63697
63718
63719
63724
63725
63821
63932
63936
63990
64027
64046
64118
64233
64246
64248
64249
64271
64279
64302
64309
64422
64562
64595
64692
64703
64708
64716
64717
64773
64855
64907
64911
64922
64953
64960
64966
64985
64996
65019
65028
65030
65035
65058
65082
65088
65123
65124
65126
65147
65157
65165
65178
65181
65183
65196
65200
65201
65208
65219
65254
65296
65321
65339
65443
65453
65469
65511
65564
65575
65577
65612
65734
65739
65773
65882
65980
66018
66022
66026
66037
66051
66054
66057
66076
66077
66079
66090
66091
66097
66121
66129
66132
66133
66140
66143
66145
66151
66164
66218
66222
66591
66683
66715
66731
66800
66835
66879
66885
66939
66945
66964
66981
66983
66984
66986
66987
66992
66999
67014
67032
67034
67039
67042
67046
67047
67051
67062
67093
67098
67104
67105
67128
67130
67132
67136
67147
67161
67271
67298
67306
67308
67350
67356
67377
67384
67445
67482
67799
67903
68131
68157
68172
68191
68193
68196
68202
68207
68211
68214
68224
68251
68253
68268
68276
68311
68321
68379
68400
68461
68498
68528
68849
68858
68907
68908
68915
68927
68928
69013
69036
69054
69086
69105
69140
69145
69199
69388
69438
69778
69798
69812
69826
69833
69837
69844
69861
69868
69872
69873
69886
69892
69894
69902
69903
69905
69936
69941
69984
69996
70019
70040
70998
71041
71061
71063
71090
71093
71107
71108
71115
71139
71157
71158
71159
71162
71165
71170
71180
71186
71252
71273
71274
71275
71280
71282
71283
71289
71301
71302
71326
71332
71334
71356
71359
71360
71361
71377
71390
71395
71408
71411
71439
71450
71465
71468
71478
71484
71490
71491
71498
71513
71522
71542
71545
71556
71565
71567
71570
71579
71580
71597
71601
71604
71617
71624
71632
71633
71636
71645
71652
71653
71656
71666
71671
71673
71679
71703
72361
72376
72408
72451
72463
72471
72504
72520
72525
72545
72572
72573
72583
72584
72614
72617
72625
72640
72658
72660
72663
72676
72678
72690
72695
72696
72698
72705
72714
72715
72716
72717
72729
72730
72734
72747
72752
72762
72766
72772
72778
72783
72785
72790
72791
72792
72794
72800
72810
72811
72846
72853
72859
72861
72866
72881
72886
72900
72906
73278
73367
73400
73409
73412
73426
73430
73437
73447
73448
73449
73451
73452
73454
73456
73461
73463
73469
73517
73519
73529
73532
73543
73551
73554
73563
73676
73703
73758
73759
73796
73798
73799
73926
73938
73952
74232
74320
74368
74373
74400
74447
74454
74457
74459
74471
74486
74497
74515
74520
74527
74531
75805
75851
75858
75871
75925
75982
75985
75989
76015
76038
76050
76056
76102
76122
76136
76138
76145
76163
76165
76182
76186
76189
76204
76221
76239
76258
76263
76271
76273
76276
76298
76307
76313
76337
76338
76346
76347
76368
76370
76377
76381
76382
76395
76413
76414
76421
76423
76428
76433
76434
76436
76445
76449
76452
76461
76471
76480
76485
76498
76502
76515
76535
76539
76561
76585
76594
76598
76600
76608
76610
76616
76619
76640
76642
76653
76654
76661
76667
76688
76701
76712
76724
76725
76727
76731
76747
76754
76758
76771
76777
76806
76817
77319
77331
77387
77415
77417
77466
77468
77479
77489
77523
77571
77572
77583
77588
77598
77622
77625
77630
77660
77664
77666
77687
77688
77690
77699
77707
77708
77709
77714
77717
77719
77726
77740
77752
77759
77762
77765
77770
77772
77787
77789
77805
77809
77816
77821
77835
77842
77845
77849
77859
77862
77896
77901
78087
78107
78168
78180
78185
78198
78202
78205
78232
78233
78234
78249
78267
78296
78322
78348
78357
78359
78403
78404
78421
78429
78487
78518
78532
78560
78574
78601
78614
78616
78659
78663
78671
78673
78683
78687
78689
78700
78703
78717
78718
78719
78720
78721
78739
78749
78751
78759
78760
78771
78775
78844
78847
78865
78909
78936
78943
78989
78998
79055
79211
79265
79268
79270
79275
79345
79468
79469
79471
79473
79475
79494
79495
79984
79986
79992
79994
79999
80000
80008
80009
80010
80014
80038
80042
80043
80057
81221
81624
81627
81655
81667
81728
81768
81775
81806
81834
81865
81892
81898
81952
81958
81966
81990
82018
82238
82350
82454
82506
82568
82580
82583
82586
82596
82628
82633
82634
82649
82664
82674
82675
82689
82694
82702
82703
82752
82766
82828
82833
82839
82863
82870
82871
82888
82905
82923
82929
82933
82934
82936
82939
82943
82945
82946
82951
82963
82964
82967
83008
83018
83053
83056
83079
83103
83130
83131
83132
83134
83135
83148
83153
83163
83174
83190
83229
83241
83252
83256
83259
83269
83276
83281
83284
83294
83319
83338
83343
83347
83350
83353
83355
83390
83401
83411
83435
83436
83443
83445
83447
83459
83468
83473
83478
83487
83490
83503
83506
83512
83514
83516
83517
83531
83536
83550
83554
83559
83567
83573
83575
83598
83613
83625
83626
83635
83658
83660
83668
83670
83671
83683
83695
83700
83702
83705
83724
83728
83736
83737
83739
83740
83747
83749
83750
83752
83753
83757
83762
83763
83764
83768
83776
83778
83782
83783
83786
83794
83798
83810
83813
83821
83824
83829
83830
83835
83836
83841
83849
83892
83907
83915
83929
83941
83947
83957
83968
83969
84013
84259
84264
84269
84278
84289
84304
84326
84448
84451
84457
84525
84640
84662
84726
84808
84831
84836
84888
84904
84929
84992
84995
85137
85198
85202
85204
85289
85363
85413
85429
85434
85464
85560
85782
85820
85840
86038
86048
86052
86054
86055
86062
86074
86076
86077
86079
86085
86086
86097
86102
86103
86104
86106
86109
86110
86111
86114
86115
86122
86123
86124
86125
86128
86129
86130
86144
86148
86162
86163
86165
86168
86169
86170
86172
86173
86174
86179
86181
86183
86186
86197
86198
86213
86216
86218
86219
86223
86226
86228
86241
86259
86261
86316
86354
87228
87431
87478
87494
87518
87545
87546
87550
87573
87575
87576
87578
87592
87596
87605
87654
87743
87767
87770
87819
87882
87941
87975
87979
87983
87994
87999
88039
88063
88065
88074
88078
88101
88102
88104
88114
88132
88153
88154
88168
88199
88211
88218
88224
88239
88497
88995
89015
89038
89047
89104
89164
89182
89196
89319
89340
89375
89414
89425
89453
89488
89503
89531
89672
89679
89714
89740
89743
89753
89783
89792
89839
89855
89859
89904
89919
89929
89930
89936
89950
89951
89995
90067
90080
90116
90153
90181
90241
90262
90264
90272
90318
90339
90359
90362
90370
90375
90431
90514
90553
90691
90774
90795
90893
91173
91435
91441
91449
91452
91463
91471
91482
91489
91511
91525
91536
91537
91539
91543
91545
91546
91547
91565
91566
91570
91571
91574
91575
91579
91580
91581
91587
91590
91592
91602
91604
91606
91610
91630
91636
91637
91643
91653
91654
91656
91667
91668
91675
91677
91693
91722
91728
91729
91734
91753
91755
91756
91760
91761
91766
91768
91771
91785
91786
91790
91791
91805
91809
91813
91816
91821
91832
91845
91880
91890
91891
91893
91895
91899
91902
91928
91929
91931
91941
91949
91956
91958
91972
91973
91974
91980
91988
91989
91993
91994
91995
92022
92042
92050
92062
92066
92074
92078
92082
92087
92088
92091
92093
92099
92130
92132
92141
92142
92151
92162
92164
92167
92180
92186
92193
92194
92202
92209
92238
92239
92250
92968
93585
93631
93731
93754
93781
93787
93791
93796
93808
93814
93851
93854
93861
93864
93955
93974
93989
94004
94006
94008
94019
94068
94074
94078
94087
94092
94094
94104
94126
94134
94154
94157
94160
94166
94168
94175
94176
94190
94204
94207
94211
94212
94221
94244
94279
94283
94284
94294
94295
94316
94323
94325
95173
95208
95209
95221
95253
95296
95301
95312
95316
95335
95344
95367
95385
95411
95434
95456
95535
95556
95561
95580
95599
95601
95605
95622
95633
95636
95641
95643
95650
95657
95658
95671
95678
95681
95705
95706
95958
96044
96045
96049
96091
96115
96116
96119
96127
96152
96154
96171
96227
96292
96338
97062
97126
97159
97168
97176
97227
97243
97265
97292
97304
97324
97331
97332
97334
97355
97357
97358
97377
97378
97387
97413
97435
97445
97448
97461
97466
97478
97481
97483
97524
97528
97529
97543
97556
97569
97575
97583
97603
97604
97606
97620
97643
97658
97669
97673
97769
98036
98673
98719
98805
99000
99002
99007
99065
99123
99183
99208
99232
99243
99262
99284
99336
99674
99684
99693
99699
99704
99706
99707
99724
99803
99816
99836
99839
99855
99868
99880
99881
99884
99901
99930
99972
100094
100098
100106
100199
100252
100303
100335
100337
100484
100511
100609
100790
100861
100869
100904
101023
101264
101337
101651
101664
101676
101851
102035
102237
102375
102458
102649
102657
102837
102869
103179
103630
103881
103907
103943
103952
104005
104015
104083
104086
104130
104240
104244
104247
104251
104268
104272
104283
104285
104292
104361
104363
104376
104388
104414
104424
104427
104432
104443
104450
104462
104510
104511
104525
104623
104634
104689
104710
104713
104715
104762
104764
104827
104928
105016
105017
105039
105042
105094
105227
105389
105410
105418
105437
105457
105463
105495
105497
105502
105508
105512
105514
105515
105527
105530
105532
105542
105543
105545
105558
105559
105580
105581
105584
105590
105594
105612
105644
105652
105653
105666
105677
105689
105701
105732
105734
105748
105749
105754
105773
105811
105820
105828
105831
105836
105849
105862
105873
105879
105882
105884
105906
105924
105945
105957
105962
105980
105997
106003
106019
106021
106037
106044
106046
106117
106129
106136
106154
106163
106172
106195
106241
106247
106273
106285
106298
106299
106314
106316
106317
106390
106408
106428
106432
106440
106444
106462
106487
106497
106514
106549
106560
106645
106665
106674
106682
106693
106694
106696
106708
106723
106725
106774
106777
106778
106791
106799
107681
107893
108095
108245
108258
108386
108539
108593
108610
108714
108752
108788
108867
108912
108914
108949
108961
108962
108965
108967
108969
108974
108976
108977
108987
109022
109061
109124
109125
109157
109263
109272
109287
109301
109313
109335
109360
109375
109393
109400
109409
109461
109477
109506
109522
109539
109553
109560
109583
109629
109638
109682
109688
109716
109749
109848
109923
109930
109957
110027
110067
110096
110097
110214
110349
110352
110365
110574
110594
110713
110722
110760
111024
111046
111067
111126
111138
111139
111275
111277
111279
111292
111316
111377
111386
111397
111407
111409
111431
111432
111440
111448
111449
111475
111488
111514
111530
111538
111553
111567
111582
111584
111604
111635
111638
111639
111670
111683
111700
111715
111911
112085
112204
112273
112309
112355
112433
112441
112443
112484
112507
112516
112559
112561
112590
112630
112653
112698
112701
112703
112708
112730
112749
112757
112783
112810
112863
112887
112890
112959
112975
113007
113061
113062
113077
113085
113086
113090
113096
113112
113157
113173
113187
113214
113216
113226
113227
113229
113240
113257
113262
113266
113268
113274
113275
113296
113337
113355
113402
113417
113441
113450
113565
113588
113631
113634
113662
113669
113683
113696
113700
113704
113708
113716
113721
113735
113736
113765
113766
113772
113775
113781
113802
113808
113816
113819
113820
113822
113831
113850
113859
113905
113925
113947
113950
113957
113958
113970
113999
114014
114019
114046
114174
114182
114245
114259
114291
114295
114313
114324
114346
114404
114408
114413
114470
114518
114537
114547
114562
114579
114580
114674
114714
114723
114823
114842
114964
115003
115043
115147
115177
115178
115203
115252
115282
115285
115309
115329
115360
115377
115382
115501
115513
115518
115534
115536
115546
115547
115550
115582
115598
115633
115645
115655
115671
115725
115730
115824
115841
115866
115894
115898
115909
115913
115941
115965
115970
116066
116069
116086
116116
116117
116211
116223
116231
116237
116239
116262
116316
116356
116394
116398
116406
116415
116436
116460
116465
116524
116598
116683
116711
116774
116793
116882
116981
116992
117019
117046
117111
117151
117169
117205
117207
117218
117249
117256
117305
117330
117344
117377
117411
117450
117464
117471
117567
117628
117708
117714
117715
117758
117789
117820
117960
118062
118080
118084
118103
118272
118404
118438
118833
118886
118901
118908
118909
118932
118936
118937
118946
118990
119032
119754
119786
119789
119792
119808
119833
119851
119867
119872
119880
119881
119893
119894
119898
119915
119923
119937
119941
119952
120071
120098
120115
120140
120152
120153
120158
120169
120341
120345
120385
120389
120540
120632
120862
120874
120884
120923
120961
120971
121209
121258
121262
121311
121312
121334
121405
121420
121443
121445
121453
121462
121504
121542
121552
121610
121640
121676
121689
121698
121700
121709
121720
121839
121862
121968
123120
123132
123364
123409
123432
123644
123677
123683
123685
123704
123732
123781
123797
123820
123828
123830
123858
123863
123866
123876
123884
123889
123900
123906
123907
123908
123911
123919
123921
123944
123948
123949
123957
123968
123971
123988
123989
123996
124002
124012
124024
124025
124029
124051
124054
125427
126285
126349
126485
126499
126504
126521
126550
126572
126710
126711
126722
126739
126742
126752
126800
126844
126891
126898
126905
126938
126958
126979
127020
127032
127033
127051
127061
127067
127156
127160
127171
127190
127246
127266
127290
127311
127384
127423
127460
127474
127523
127629
127650
127937
127940
128008
128069
128082
128095
128133
128137
128168
128170
128199
128211
128232
128238
128250
128251
128270
128283
128286
128305
128477
128561
128578
128596
128603
128625
128626
128708
128734
128745
128769
128818
128835
128922
128926
128951
128954
129011
129013
129039
129040
129061
129063
129070
129077
129081
129088
129125
129136
129141
129158
129169
129180
129209
129210
129255
129256
129360
129407
129410
129590
129593
129693
129714
130128
130211
130241
130257
130268
130344
130371
131254
131297
131316
131321
131337
131338
131341
131355
131372
131389
131396
131433
131452
131462
131474
131475
132590
132685
132698
132700
132715
132722
132727
132729
132751
132757
132776
132778
132802
132804
132825
132834
132838
132857
132877
132885
132890
132893
132895
132905
132912
132923
132959
132960
132973
132982
132989
133013
133031
133144
133161
133263
133310
133319
133352
133374
133376
133377
133458
133477
133516
133535
133560
133561
133593
133604
133605
133634
133641
133695
133707
133723
133784
133787
133815
133822
133824
133846
133848
133855
133863
133920
134000
134070
134111
134166
134175
134208
134265
134355
134411
135046
135070
135071
135077
135088
135092
135094
135113
135114
135116
135122
135134
135141
135145
135146
135149
135153
135155
135161
135162
135165
135171
135179
135202
135205
135211
135213
135217
135231
135236
135241
135242
135255
135258
135260
135261
135263
135273
135299
135300
135309
135314
135316
135348
135356
135364
135365
135412
135415
135442
135456
135492
135543
135994
135998
136285
136290
136297
136327
136347
136501
136508
136509
136510
136541
136543
136663
136701
136726
136733
137166
137191
138521
138534
138548
138568
138574
138589
138591
138592
138600
138612
138659
138662
138663
138728
138732
138760
138774
138800
138813
138869
139182
139457
139505
139568
139570
139590
139594
139614
139615
139645
139680
139700
139706
139708
139725
139735
139740
139790
139794
139807
139817
139842
139849
139859
139877
139878
139882
139885
139895
139918
139919
139932
139953
139962
139981
139991
140001
140013
140023
140024
140025
140028
140046
140060
140075
140077
140087
140091
140098
140122
140131
140137
140147
140148
140151
140156
140176
140220
140237
140243
140252
140256
140267
140279
140281
140282
140286
140300
140312
140313
140314
140319
140321
140328
140351
140372
140375
140377
140414
140420
140423
140428
140431
140436
140455
140456
140460
140467
140472
140475
140477
140493
140508
140512
140515
140517
140520
140521
140522
140530
140531
140545
140547
140549
140550
140558
140560
140567
140583
140589
140601
140626
140630
140634
140639
140643
140655
140668
140669
140670
140691
140692
140699
140713
140717
140723
140724
140730
140750
140753
140808
140810
140823
140832
140838
140841
140853
140862
140873
140902
140913
140936
140959
140961
140967
140969
140972
140974
141004
141040
141065
141075
141080
141081
141083
141085
141086
141133
141137
141141
141143
141179
141203
141205
141216
141246
141263
141266
141268
141269
141270
141288
141304
141320
141322
141381
141387
141435
141438
141449
141464
141475
141515
143131
143246
143250
143290
143313
143315
143327
143371
143375
143384
143398
143425
143434
143449
143456
143457
143471
143476
143480
143489
143492
143500
143509
143523
143530
143538
143544
143575
144339
144352
144363
144408
144442
144549
144560
144583
144658
144665
144708
144766
144788
144794
144819
144824
144848
144849
144852
144863
144868
144872
144877
145238
145257
145282
145297
145355
145363
145382
145390
145413
145435
145441
145442
145481
145490
145559
145608
145692
145708
146104
146125
146136
146137
146138
146145
146147
146149
146150
146151
146154
146189
146210
146223
146224
146730
146740
146795
146807
146808
146813
146820
146821
146842
146858
146863
146871
146878
146892
146910
146925
146943
147394
147408
147412
147433
147649
147686
147690
147756
147757
147760
147808
147820
147834
147861
148101
148107
148113
148124
148127
148370
148377
148381
148398
148401
148406
148411
148422
148584
149021
149037
149046
149047
149049
149060
149067
149068
149070
149072
149086
149089
149104
149115
149139
149542
149545
149549
149729
149741
149763
149816
149902
149930
149945
149959
150002
150186
150282
150285
150298
150330
150581
150592
150593
150596
150599
150607
150629
151103
151302
151306
151309
151311
151316
151319
151326
151354
151357
151358
151380
151381
151386
151397
151412
151415
151432
151457
151641
152024
152074
152078
152108
152110
152118
152237
152262
152283
152322
152323
152363
152393
152394
152404
152440
152453
152455
152473
152474
152480
152494
152502
152515
152578
152584
152625
152681
152715
152785
152794
152799
152803
152824
152834
152837
152844
153221
153227
153250
153251
153254
153262
153279
153788
154086
154101
154107
154146
154159
154171
154175
154178
154179
154193
154194
154195
154196
154210
154212
154217
154219
154220
154237
154255
154607
154768
154790
154881
154898
154901
154908
154911
154977
154980
155039
155122
155213
155318
155361
155459
155469
155510
155528
155533
155553
155563
155572
155578
155588
155839
155860
155868
155903
156502
156586
156602
156606
156611
156637
156638
156641
156648
156649
156661
156676
156683
156700
156998
157011
157021
157031
157072
157195
157198
157314
157325
157347
157350
157374
157396
157416
157422
157458
157552
157695
157700
157719
157720
157729
157733
157865
157928
157939
158144
158145
158366
158584
158585
158587
158747
158749
158759
158783
158790
158796
158799
158808
158814
159049
159065
159076
159100
159112
159120
159126
159127
159281
159298
159311
159312
159317
159332
159354
159397
159446
159524
159698
159829
159836
159844
159850
159911
159913
159956
159962
160076
160150
160207
160208
160209
160247
160249
160250
160253
160261
160262
160275
160395
160422
160475
160485
160491
160636
160674
160682
160686
160689
160842
161028
161088
161105
161110
161118
161127
161137
161139
161144
161145
161175
161182
161185
161186
161240
161446
161449
161456
161512
161515
161540
161577
161578
161617
161688
161695
161702
161731
161740
161741
161762
161764
161771
161776
161841
161870
162044
162152
162423
162451
162949
162965
162982
163390
163398
163405
163411
163444
163450
163457
163459
163460
163462
163465
163471
163475
163477
163493
163500
163504
163529
163532
163539
163541
163546
163550
163555
163562
163564
163569
163572
163577
163582
163595
163600
163604
163621
163631
163641
163661
163671
163682
164087
164127
164146
164149
164152
164157
164166
164188
164358
164377
164397
164618
164662
164696
165035
165064
165068
165072
165079
165107
165108
165129
165665
165675
165679
165680
165687
165719
165724
165730
165738
165740
165742
165746
165753
165758
165769
165774
165778
165779
165783
165786
165790
165793
165816
165846
165889
166517
166534
166540
166578
166609
166618
166664
166674
166681
166688
166689
166694
166699
166700
166711
166714
166715
166716
166717
166718
166719
166732
166737
166738
166759
166767
166777
166784
166794
166805
166807
166823
166825
166831
166841
166845
166868
166877
166896
167478
167519
167547
167552
167559
167589
167593
167598
167628
167631
167632
167637
167650
167657
167658
167825
167852
167873
167916
167922
167930
167935
167948
167957
167967
167972
167973
167998
167999
168016
168028
168231
168264
168396
168409
168649
168719
168750
168799
169118
169120
169126
169128
169132
169135
169145
169149
169154
169162
169167
169169
169177
169180
169193
169205
169208
169215
169222
169224
169242
169251
169270
169295
169299
169337
169342
169343
169378
169382
169830
169891
169894
169949
169967
169998
170025
170032
170049
170054
170065
170067
170069
170072
170080
170097
170099
170100
170102
170106
170113
170115
170116
170117
170133
170158
170169
170644
170706
170730
170759
170761
170765
170805
170808
170811
170952
171153
171165
171177
171214
171224
171239
171245
171250
171251
171252
171376
171379
171381
171383
171397
171469
171526
171669
171871
171876
171877
171886
171890
171918
171933
171944
171949
171958
171963
171971
171974
171985
171991
172008
172010
172015
172020
172061
172280
172285
172312
172344
172358
172360
172384
172400
172404
172677
172760
172783
172788
172812
172950
172962
172967
173026
173050
173463
173478
173504
173756
173767
173768
173773
173784
173796
173845
173852
173855
173869
173871
173880
173892
173905
173914
173915
173927
173938
173939
173973
173981
173995
174001
174035
174487
174491
174492
174501
174506
174512
174524
174541
174549
175013
175048
175207
175281
175320
175335
175346
175361
175484
175542
175555
175559
175576
175578
175603
175614
175700
175740
175986
176001
176027
176040
176048
176049
176057
176344
176359
176391
176398
176421
176448
176461
176465
176471
176477
176481
176489
176496
176517
176530
176533
176544
176551
176555
176558
176577
176947
176995
177023
177051
177059
177085
177096
177136
177807
177822
177829
177838
177858
177863
177893
177902
177917
177922
177926
177927
177928
178014
178099
178114
178119
178158
178209
178223
178332
178488
178656
178668
178678
178680
178687
178688
178708
178709
178715
178720
178723
178725
178733
178742
178744
178747
178749
178750
178754
178756
178772
178891
179008
179138
179170
179293
179304
179340
179341
179355
179367
179368
179373
179376
179393
179395
179398
179406
179428
179432
179450
179456
179475
179486
179489
179500
179502
179550
179570
180010
180093
180094
180108
180112
180113
180155
180156
180165
180173
180564
180975
181007
181032
181045
181068
181089
181102
181107
181108
181118
181145
181147
181158
181163
181184
181249
181262
181271
181578
181594
181622
181629
181640
181646
181661
181673
181689
181915
181929
181937
182125
182130
182167
182175
182193
182195
182197
182209
182216
182646
182706
182733
182792
182799
182807
182808
182816
182827
182828
182846
182860
182868
182879
182921
183396
183403
183418
183503
183506
183523
183530
183535
183536
183540
183544
183946
184178
184185
184206
184213
184228
184457
184507
184524
184563
184604
184616
184661
184683
184738
184739
184746
184748
184754
184777
184824
184863
184909
184920
184940
184942
184943
184948
184959
185102
185172
185325
185373
185427
185432
185448
185450
185462
185471
185480
185530
185636
185656
185754
185780
185796
185810
185930
185942
186298
186311
186312
186332
186337
186339
186344
186346
186635
186942
186951
186953
186965
186973
186984
186989
187193
187297
187300
187329
187342
187356
187359
187373
187385
187407
187410
187450
187459
187468
187627
187633
187693
187719
187774
187815
187929
188125
188141
188149
188157
188163
188168
188514
188516
188529
188666
188752
188786
188793
188800
188812
188823
188826
188839
188914
188925
188938
188947
188955
188960
188974
189052
189347
189352
189363
189372
189401
189442
189498
189872
189877
189884
189889
189898
189905
189911
189913
189915
189916
189919
189924
189938
189942
189958
189960
190127
190133
190201
190211
190226
190263
190306
190337
190343
190344
190457
190459
190460
190480
190684
190700
190710
191188
191192
191238
191340
191345
191360
191370
191373
191408
191422
191426
191428
191441
191444
191451
191463
191472
191473
191506
191514
191526
191578
191585
191742
191757
191842
191871
191872
191873
191881
191892
191894
191899
191929
192066
192122
192126
192139
192211
192214
192257
192267
192543
192558
192951
192968
192979
192994
193039
193066
193140
193705
193713
193722
193761
194119
195642
195647
195652
195657
195662
195669
195671
195687
195688
195690
195694
195700
195703
195705
195710
195712
195722
195740
195743
195751
195755
195759
195760
195763
195772
195779
195796
195808
195815
195831
195842
195846
195867
195876
195877
195889
195892
195901
195910
195911
195918
195929
195941
195951
195960
195966
195976
195991
195992
196003
196012
196016
196067
196090
196095
196119
196143
196148
196153
196156
196569
196638
196642
196657
196705
196714
196737
196744
196759
196794
196796
196797
196798
196806
196820
196855
196862
196863
196869
196870
196893
196896
196923
196933
196941
196957
196961
196964
196976
196981
196990
196991
197021
197032
197033
197038
197046
197049
197061
197077
197083
197093
197094
197096
197100
197104
197135
197148
197157
197178
197182
197188
197192
197199
197204
197210
197218
197219
197220
197222
197230
197266
197267
197293
197295
197305
197322
197331
197333
197343
197358
197360
197361
197373
197395
197434
197446
197474
198489
198582
198593
198595
198634
198639
198654
198719
198760
198778
198780
198783
198798
198814
198819
198827
199073
199269
199280
199372
199499
199590
199618
199649
199651
199669
199688
199699
199717
199729
199730
199742
199744
199760
199786
199963
200031
200056
200061
200065
201174
201181
201184
201191
201202
201203
201213
201239
201255
201259
201266
201274
201277
201297
201309
201313
201314
201315
201316
201321
201326
201330
201342
201343
201368
201369
201391
201392
201413
201420
201590
201645
201649
201671
201677
201690
201759
201762
201770
201779
201789
201815
201846
201848
201849
201874
201895
201911
201913
201921
201935
202316
202321
202340
202343
202365
202402
202406
202559
202560
202563
202626
202750
202778
202792
202794
202825
203308
203758
203792
203798
203803
203832
203842
203851
203852
203870
204033
204047
204066
204123
204129
204138
204151
204153
204155
204157
204180
204205
204206
204218
204558
204582
204610
204617
204792
204795
204802
204837
204908
204971
205003
205448
205449
205450
205453
205468
205469
205484
205485
205486
205500
205519
205529
205530
205535
205565
205568
205584
205620
205969
206102
206130
206139
206141
206157
206174
206205
206214
206243
206246
206263
206714
206736
206757
206761
206764
206777
206804
206807
206824
206844
207360
207361
207557
207590
207594
207606
207615
207719
207730
207786
207809
207810
207952
207960
208190
208339
208343
208345
208367
208376
208380
208386
208395
208409
208416
208420
208425
208438
208439
208441
208444
208460
208949
208950
208952
209346
209354
209356
209369
209372
209373
209382
209385
209386
209388
209389
209435
209436
210047
210095
210101
210122
210128
210146
210159
210181
210368
210371
210733
210847
210887
210890
210946
210947
210985
210988
210989
210990
211251
211441
211478
211482
211799
211821
211855
211862
211872
211882
212293
212447
212448
212468
212471
212486
212526
212567
212574
212592
212594
212602
212607
212647
212650
212653
212654
212672
212692
212935
212985
213172
213194
213206
213209
213317
213346
213387
213426
213436
213641
213797
213826
213923
213930
214036
214071
214074
214094
214401
214420
214430
214435
214442
214513
214615
214642
214651
214658
214708
214715
214731
214742
214751
214756
214759
214802
214804
214807
214814
214821
214834
214984
214985
214988
214994
215001
215006
215032
215079
215103
215163
215200
215201
215213
215219
215346
215355
215394
215559
215560
215567
215579
215624
215660
215711
215734
215745
215772
215789
215960
215967
215975
215977
216040
216163
216193
216207
216214
216238
216240
216241
216253
216263
216272
216273
216288
216395
216397
216398
216480
216511
216569
216696
216751
216812
216813
216823
216860
216966
217193
217320
217325
217330
217332
217341
217343
217344
217345
217347
217357
217458
217469
217488
217607
217703
217729
217737
217815
217818
218066
218072
218080
218204
218382
218388
218392
218393
218397
218398
218401
218411
218414
218415
218424
218431
218433
218437
218442
218455
218460
218462
218469
218471
218477
218479
218484
218506
218515
218532
218904
218908
218925
218983
219012
219054
219083
219118
219158
219176
219209
219210
219217
219236
219244
219263
219487
219880
219889
219901
219920
219921
219925
219932
219936
219940
219942
219946
219953
219961
219972
220191
220437
220450
220642
220668
220669
220689
220693
220701
220712
220718
220724
220727
220731
220749
220759
220762
220768
220771
220778
220790
220791
220805
220809
220819
220823
220824
220852
221408
221410
221413
221504
221655
221693
221715
221720
221752
221775
221784
221921
221956
221992
222024
222038
222042
222059
222110
222120
222127
222148
222167
222378
222383
222386
222410
222842
222874
222877
222880
222886
222889
222915
222920
222923
222924
223309
223312
223314
223331
223334
223345
223351
223352
223355
223358
223393
223396
223411
223412
223435
223712
223721
223798
223802
223816
223824
223836
223837
223843
223844
223863
223864
223865
223903
223904
223905
223923
223930
223947
224456
224653
224666
224671
224679
224694
224698
224699
224701
224711
224717
224726
224758
224923
224924
224966
224973
224990
225011
225028
225056
225077
225085
225240
225307
225320
225336
225343
225351
225422
226068
226075
226076
226080
226393
226405
226408
226413
226415
226423
226428
226431
226432
226441
226467
226477
226494
226551
226565
226810
226893
226957
226971
226983
226989
226992
226999
227001
227016
227654
227661
227667
227681
227687
227688
227713
227737
227749
227754
227955
227965
227971
227972
227977
227984
227986
227994
228067
228275
228407
228682
228703
228883
228894
228897
228904
228939
228942
228951
228957
228990
229152
229215
229249
229265
229268
229269
229270
229278
229638
229732
229787
229830
229855
229914
229992
230421
230425
230439
230440
230443
230446
230472
230474
230487
230655
230676
230695
230699
230730
230736
230741
230744
230969
230978
230993
230998
230999
231016
231018
231032
231303
231367
231374
231377
231378
231389
231392
231462
231558
231570
231609
231633
231634
231646
231663
231811
231824
231826
231955
232084
232247
232254
232271
232287
232293
232303
232314
232319
232320
232322
232332
232335
232346
232521
232525
232544
232546
232618
232647
232652
232656
232671
232674
232679
232721
232725
232731
232741
232948
232970
232974
232982
232992
233006
233012
233014
233022
233033
233257
233462
233530
233569
233767
233774
233857
233879
233924
234140
234153
234154
234364
234474
234509
234515
234527
234751
234790
234815
234826
234839
234869
234879
234882
234885
234888
234892
234894
234895
234904
234906
234910
234912
234933
234938
234942
234946
234954
235156
235418
235421
235442
235447
235459
235464
235469
235475
235505
235520
235915
235964
235988
235993
235995
236000
236001
236010
236011
236040
236076
236221
236567
236789
236806
236866
236897
236921
236922
236933
236955
237161
237286
237299
237341
237389
237623
237643
237649
237651
237673
237678
237738
237900
237948
237991
238315
238320
238339
238356
238357
238387
238395
238417
238425
238707
238728
238748
238750
238755
238759
238767
238770
238772
238778
238780
238795
239190
239205
239218
239314
239329
239365
239370
239385
239399
239442
239455
239505
239509
239618
239729
239764
240003
240017
240048
240196
240237
240243
240248
240265
240459
240500
240655
240682
240686
240732
240737
240740
240755
241026
241041
241045
241085
241238
241295
241321
241346
241358
241402
241472
241480
241481
241499
241503
241558
241572
241687
241698
241707
241738
241778
241810
241814
241851
241861
241869
241907
242051
242093
242164
242344
242362
242378
242392
242400
242418
242598
242663
242690
242701
242702
242707
242769
242830
242845
242945
242956
242975
243009
243040
243064
243148
243160
243189
243191
243212
243227
243252
243274
243288
243293
243364
243450
243555
243565
243568
243578
243622
243828
243866
243954
243971
243976
243978
243998
244042
244046
244047
244061
244067
244073
244075
244090
244092
244111
244137
244141
244251
244294
244581
244589
244671
244930
244961
244994
245002
245021
245025
245034
245036
245058
245062
245116
245213
245315
245363
245369
245430
245440
245442
245517
245558
245576
245597
245625
245814
245827
245920
245990
245999
246053
246082
246091
246122
246209
246248
246249
246279
246313
246322
246323
246337
246366
246406
246531
246673
246731
246762
246776
246816
246823
246846
246869
246881
246960
246969
247007
247016
247045
247076
247112
247312
247396
247438
247439
247709
247738
247913
247924
248075
248100
248102
248307
248317
248325
248335
248345
248371
248426
248432
248460
248463
248493
248507
248512
248537
248809
248877
248931
248937
248949
248957
248980
249000
249001
249076
249112
249114
249128
249144
249154
249181
249197
249216
249447
249475
249482
249517
249541
249592
249618
249655
249751
249761
249766
249983
250009
250011
250014
250015
250025
250029
250032
250033
250036
250046
250065
250077
250274
250686
250692
250700
250712
250713
250731
250732
250745
250763
250767
250791
250804
250822
250835
250873
250875
250880
250881
250883
250933
251088
251310
251317
251335
251339
251430
251459
251463
251467
251488
251489
251491
251493
251524
251529
251616
251663
251684
251690
251808
251846
251848
251850
251905
251907
252100
252123
252139
252155
252500
252635
252666
252682
252723
252728
252783
252795
252799
252810
252814
252825
253375
253383
253386
253745
254123
254128
254135
254143
254145
254154
254182
254193
254210
254216
254218
254220
254223
254226
254256
254261
254268
254274
254309
254326
254346
254369
254828
254859
254868
254871
254902
254920
254935
254937
254978
255015
255018
255065
255077
255093
255096
255107
255114
255133
255138
255149
255167
255174
255176
255178
255188
255193
255196
255200
255201
255202
255204
255206
255215
255224
255230
255235
255247
255267
255269
255273
255286
255313
255317
255321
255345
255362
255371
255388
255391
255402
255404
255488
255497
256428
256433
256446
256448
256455
256458
256465
256475
256478
256489
256547
256648
256962
256988
257019
257073
257084
257093
257108
257140
257146
257161
257165
257181
257183
257214
257326
257372
257458
257470
257628
257639
257662
257683
257759
257906
257959
258018
258230
258254
258430
258468
258492
258493
258512
258562
258573
258589
258591
258593
258612
258711
258734
258739
258778
258787
259330
259336
259347
259348
259350
259373
259388
259423
259450
259483
260116
260121
260136
260170
260177
260188
260195
260201
260203
260207
260216
260226
260232
260264
260265
260267
260268
260270
260290
260296
260297
260306
260310
260311
260312
260313
260324
260326
260335
260351
260372
260377
260421
260432
260458
260756
260778
260843
260844
260932
260956
260974
260975
261005
261011
261013
261018
261034
261037
261056
261067
261153
261159
261280
261299
261317
261337
261359
261381
261393
261403
261420
261421
261425
261426
261449
261471
261500
261516
261522
261539
261551
261552
261562
261564
261606
261609
261617
261633
261641
261669
261700
261712
261727
261738
261748
261760
261764
261788
261797
261812
261814
261815
261819
261846
262382
262439
262530
262575
262636
262675
262716
262730
262778
262801
262842
262856
262869
262904
262977
263002
263019
263027
263067
263293
263302
263341
263342
263354
263391
263399
263442
263486
263496
263526
263575
263624
263650
263688
263697
263704
263728
263737
263767
263773
263779
263824
263957
263982
264013
264037
264126
264129
264226
264276
264278
264291
264299
264334
264345
264349
264367
264469
264769
264789
264800
264802
265040
265065
265068
265073
265081
265090
265113
265116
265119
265120
265133
265146
265371
265457
265467
265468
265726
265811
265844
265909
265910
265934
265947
265988
266421
266452
266463
266616
266633
266658
266675
266770
266812
266814
266830
266884
266885
266892
266931
266972
267050
267127
267128
267143
267233
267513
267518
267521
267551
267555
267568
267569
267570
267677
267778
267781
267784
267785
267794
267797
267798
267803
267806
267811
267813
267815
267816
267830
267832
267839
267854
267859
267865
267875
267891
268184
268604
268620
268632
268633
268643
268649
268651
268654
268655
268662
268667
268681
268686
268706
268726
268744
268970
269051
269275
269276
269307
269434
269493
269504
269523
269559
269589
269700
269701
269705
269790
269829
269843
269863
269880
269906
270021
270483
270602
270608
270623
270625
270630
270632
270635
270636
270643
270647
270650
270652
270668
270669
270677
270696
270697
270705
270708
270709
270723
270745
270749
270761
270779
270787
270799
270812
270836
270914
270916
271121
271131
271133
271135
271139
271148
271153
271162
271168
271169
271180
271191
271193
271200
271205
271208
271219
271222
271225
271230
271245
271256
271270
271272
271292
271293
271296
271310
271325
271332
271342
271725
271910
271912
271920
271947
271968
271970
271980
271988
271990
271996
271998
272008
272020
272046
272053
272075
272435
272543
272596
272632
272732
272771
272784
272859
272862
272917
272947
272958
272988
273003
273023
273078
273083
273106
273109
273116
273121
273125
273154
273157
273167
273173
273206
273209
273229
273250
273256
273263
273268
273894
273910
273986
273995
274003
274010
274018
274149
274160
274219
274317
274343
274346
274387
274393
274394
274432
274434
274446
274473
274478
274504
274505
274513
274533
274547
274563
274565
274574
274577
274580
274608
274613
274624
274660
274662
274665
274672
274677
274686
274698
274700
274701
274712
274714
274736
274742
274765
274783
274787
274847
274860
274960
274993
275014
275051
275120
275258
275259
275323
275359
275398
275488
275549
275642
275754
275851
276162
276170
276178
276182
276213
276221
276226
276246
276263
276267
276325
276328
276347
276369
276415
276496
276523
276574
276585
276597
276614
276632
276644
276656
276668
276669
276678
276691
276705
277034
277038
277051
277053
277057
277069
277083
277096
277102
277111
277458
277641
277647
277733
277767
277809
277840
277845
277847
277858
277862
277868
277873
277880
277903
277908
277910
277924
278012
278053
278080
278378
278396
278398
278408
278417
278420
278422
278435
278445
278557
278558
278571
278581
278655
278658
278666
278757
278812
278848
278872
278901
278930
278943
278949
278952
278984
278985
278991
279056
279076
279080
279081
279083
279088
279092
279118
279190
279233
279278
279322
279345
279377
279397
279430
279444
279445
279461
279469
279484
279510
279517
279528
279540
279549
279561
279706
279737
279807
279833
279862
279926
280022
280189
280196
280202
280209
280225
280266
280337
280436
280439
280627
280655
280663
280681
280684
280689
280695
280703
280718
280734
280857
280886
280951
281053
281057
281087
281093
281260
281277
281283
281284
281297
281298
281300
281302
281307
281308
281326
281583
281618
281621
281653
281668
281675
281678
281723
281726
281734
281766
281782
281844
281852
281895
281917
281920
282031
282152
282162
282205
282319
282328
282329
282330
282331
282334
282335
282337
282340
282346
282446
282460
282585
282596
282598
282631
282671
282680
282681
282688
282806
282808
282810
282815
282841
282845
282960
283000
283011
283017
283029
283030
283038
283052
283110
283134
283149
283223
283250
283254
283280
283284
283432
283474
283500
283531
283544
283909
283913
284080
284085
284305
284306
284331
284349
284365
284396
284599
284641
284642
284647
284672
284747
284792
284824
284826
284853
284857
284861
284863
284871
284880
284904
285008
285035
285059
285114
285124
285127
285153
285211
285255
285296
285343
285425
285490
285521
285680
285735
286003
286008
286009
286036
286081
286096
286111
286134
286136
286166
286213
286234
286258
286285
286319
286350
286351
286384
286387
286401
286412
286428
286469
286529
286568
286582
286678
286696
286722
286731
286787
286788
286806
286954
287007
287024
287038
287046
287109
287271
287327
287422
287522
287573
287611
287676
287748
287759
287783
287808
287845
287875
287887
287898
288215
288262
288265
288286
288365
288515
288677
288729
288739
288760
288763
288782
288820
288824
288832
288842
288865
288912
288928
288951
288960
289091
289102
289105
289150
289182
289240
289241
289596
289600
289627
289694
289707
289722
289745
289758
289784
289791
289797
289836
289841
289874
289889
289940
289996
290026
290045
290048
290050
290076
290077
290105
290151
290152
290167
290168
290182
290204
290223
290244
290246
290307
290344
290386
290413
290462
290524
290530
290540
290559
290588
290636
290637
290684
290730
290777
290785
290789
290804
290809
290827
290829
290830
290874
290875
290905
290920
290959
290963
291042
291078
291149
291163
291189
291202
291236
291383
291433
291497
291567
291595
291968
292031
292039
292051
292059
292061
292107
292141
292162
292164
292258
292271
292285
292300
292317
292353
292370
292372
292385
292388
292430
292445
292449
292459
292461
292463
292478
292544
292552
292561
292592
292605
292607
292616
292671
292733
292757
292765
292785
292791
292872
292880
292887
292988
293050
293059
293121
293182
293226
293277
293288
293294
293334
293357
293363
293434
293443
293463
293487
293572
293828
293882
293933
293980
294092
294196
294241
294327
294399
294445
294520
294523
294528
294554
294573
294588
294626
294661
294667
294674
294709
294793
294817
294834
294858
294866
294943
294944
294951
294986
295054
295077
295111
295118
295125
295152
295246
295334
295393
295436
295439
295476
295485
295514
295515
295568
295596
295651
295807
295920
295933
295946
295951
295954
295957
295988
295997
296017
296047
296218
296233
296234
296256
296273
296286
296347
296416
296440
296496
296500
296517
296547
296552
296561
296605
296701
296721
296735
296752
296765
296770
296779
296816
296866
296871
296893
296931
296981
297082
297184
297253
297259
297261
297266
297413
297634
297640
297650
297665
297690
297705
297710
297727
297728
297749
297753
297760
297842
298285
298297
298301
298309
298707
298711
298735
298750
298757
298765
299247
299258
299263
299277
299293
299319
299328
299335
299390
299717
299719
299730
299738
299768
299771
299782
299783
299788
299795
299797
299843
299846
299849
299863
299874
299883
299885
299889
299890
299896
299902
299917
299919
299922
299948
299957
299961
299969
299972
299993
299998
299999
300008
300010
300014
300017
300053
300068
300069
300070
300078
300079
300080
300089
300103
300114
300118
300142
300159
300187
300201
300218
300600
300642
300706
300713
300826
300840
300854
300856
300857
300888
300889
300895
300898
300905
300921
300930
300933
300943
300950
300957
301168
301285
301294
301297
301319
301323
301404
301407
301409
301432
301479
301502
301510
301547
301558
301575
301821
301858
301859
301865
301871
301873
302007
302025
302035
302050
302051
302209
302238
302252
302260
302262
302281
302283
302319
302323
302328
302349
302806
302815
302864
302866
303667
303682
303685
303688
303692
303695
303704
303705
303716
303721
303728
303735
303760
303773
303836
303863
303867
303875
303888
303909
304316
304343
304347
304388
304389
304408
304422
304428
304475
304514
304516
304528
304532
304534
304539
304542
304546
304570
304582
304595
304610
304612
304616
304626
304627
304628
304657
304671
304683
304689
304690
304697
304727
304728
304749
305207
305219
305257
305280
305300
305302
305304
305330
305332
305347
305362
305383
305389
305390
305399
305412
305455
305475
305482
305489
305500
305509
305511
305540
305715
305922
305924
305929
305933
305946
305971
305978
305981
305985
305986
306094
306142
306322
306348
306359
306396
306480
306660
306671
306732
306897
306899
306936
306938
306970
307001
307020
307028
307030
307073
307074
307080
307082
307124
307133
307164
307184
307244
307532
307581
307594
307663
307715
308348
308362
308376
308380
308389
308407
308543
308557
308584
308588
308605
308911
308953
308978
308981
308986
309008
309027
309100
309102
309103
309108
309124
309135
309191
309201
309628
309663
309671
309704
309705
309710
309711
309999
310012
310015
310074
310111
310133
310146
310170
310215
310259
310352
310617
310625
310632
310643
310652
310690
311134
311353
311361
311364
311383
311393
311414
311430
311457
311459
311460
311463
311465
311466
311506
311520
311534
311537
311885
311890
311894
311912
311918
311919
311920
311926
311940
311960
311978
311982
312288
312370
312374
312383
312387
312394
312421
312442
312449
312453
312537
312607
312656
312735
312736
312737
312825
312842
312843
312848
312860
312906
312914
312917
312985
312987
312995
312998
313003
313010
313057
313273
313298
313302
313331
313345
313348
313349
313360
313584
313590
313684
313910
313919
313923
313934
313945
313952
313956
314003
314326
314361
314373
314376
314405
314406
314409
314421
314435
314440
314449
314453
314464
314469
314471
314506
314512
314529
314588
314988
315004
315010
315013
315028
315036
315039
315042
315056
315057
315068
315075
315083
315086
315088
315089
315091
315093
315104
315108
315125
315137
315179
315617
315667
315672
315749
315759
315766
315789
315819
315840
315841
315853
315860
315864
315871
315881
315882
315891
315892
316107
316113
316124
316139
316154
316229
316247
316256
316302
316387
316394
316433
316437
316487
316497
316511
316518
316531
316549
316556
316573
316640
316728
316753
316778
316802
316826
316933
316951
316952
316953
316954
316969
316975
316979
317019
317023
317061
317072
317110
317141
317230
317296
317300
317314
317328
317355
317395
317438
317520
317662
317690
317701
317828
317935
317960
317983
317991
318042
318143
318172
318176
318186
318200
318218
318219
318229
318232
318235
318247
318265
318270
318280
318298
318301
318303
318308
318328
318338
318365
318389
318394
318610
318614
318648
318787
318937
318944
318973
319055
319058
319060
319061
319066
319069
319074
319084
319120
319148
319209
319212
319214
319223
319227
319243
319255
319267
319286
319298
319347
319469
319592
319876
319895
319937
320006
320018
320022
320053
320057
320062
320065
320075
320109
320118
320127
320128
320135
320148
320168
320169
320176
320180
320186
320200
320210
320223
320250
320304
320371
320372
320414
320420
320502
320917
320924
320972
320982
321006
321010
321032
321050
321202
321225
321255
321395
321398
321414
321417
321439
321466
321480
321483
321521
321535
321558
321560
321574
321577
321587
321598
321646
321733
321756
321908
321913
321955
322056
322076
322123
322160
322162
322173
322200
322260
322292
322297
322333
322336
322337
322369
322459
322466
322490
322552
322566
322636
322685
322690
322695
322697
322960
323186
323250
323252
323261
323266
323270
323282
323284
323323
323349
323513
323533
323537
323553
323557
323559
323571
323573
323577
323581
323589
323591
323604
323605
323607
323609
323612
323624
323629
323633
323635
324075
324114
324129
324130
324150
324151
324156
324157
324159
324161
324175
324201
324208
324210
324231
324253
324263
324273
324287
324698
324721
324731
324736
324740
324755
324770
324774
324777
324778
324784
324791
324797
324798
324811
324813
324833
324841
324849
324859
325315
325462
325472
325481
325500
325507
325510
325530
325541
325545
325569
325574
325582
325594
325608
325613
325669
325685
325686
325691
325702
325710
325725
325732
325733
325739
325744
325746
325752
325991
326041
326062
326081
326089
326091
326094
326101
326116
326118
326121
326160
326167
326208
326248
326327
326378
326508
326524
326541
326543
326566
326757
326758
326772
326781
326784
326786
326787
326796
326816
326865
327068
327069
327078
327084
327095
327100
327105
327500
327506
327507
327510
327521
327527
327528
327542
327545
327560
327619
327969
327986
327994
327995
327998
328000
328002
328010
328014
328015
328018
328038
328366
328373
328398
328415
328431
328543
328567
328582
328598
328606
328640
328661
328693
328707
328708
328718
328738
328742
328748
328752
328754
328767
328768
328783
328791
328797
328800
328810
328817
328836
328859
328862
328976
328982
329022
329042
329074
329078
329080
329088
329091
329105
329116
329141
329162
329423
329428
329446
329455
329460
329517
329631
329640
329658
329667
329668
329673
329682
329684
329685
329687
329694
329700
329717
329721
329728
329867
329871
329876
330221
330486
330491
330496
330513
330731
330737
330748
330749
330757
330762
330794
330912
330927
331000
331030
331043
331047
331049
331067
331070
331076
331077
331078
331083
331089
331092
331099
331215
331261
331268
331269
331298
331305
331306
331313
331355
331371
331399
331415
331440
331449
331455
331459
331463
331489
331646
331658
331664
331692
331710
331717
331723
331732
331741
331819
331836
331837
331849
331851
331856
331859
331862
331961
331980
332043
332060
332207
332398
332425
332563
332581
332598
332599
332601
332602
332612
332613
332615
332652
332736
332776
332777
332803
332809
332814
332833
332889
332901
332931
332933
332961
332986
332999
333013
333111
333127
333167
333251
333257
333385
333397
333503
333577
333608
333617
333827
333837
333867
333924
333949
333971
334154
334164
334472
334493
334499
334553
334558
334568
334577
334581
334582
334588
334598
334615
334620
334825
334892
334953
335192
335199
335217
335239
335240
335629
335646
335648
335649
335848
335861
335883
335885
335886
335908
335920
335923
335935
335942
335943
335944
335945
335955
335985
335989
335996
336000
336035
336044
336300
336372
336419
336427
336451
336462
336463
336495
336502
336527
336547
336684
336739
336745
336747
336748
336755
336842
336913
336924
336929
336937
336974
336983
336985
337397
337435
337467
337470
337484
337487
337491
337500
337502
337510
337570
337593
337606
337610
337619
337652
337673
337685
337695
337767
337789
337798
337808
337813
337836
338240
338261
338306
338312
338322
338331
338340
338360
338437
338791
338879
338889
338903
338906
338907
338914
338924
338935
338953
338962
339003
339031
339451
339467
339477
339489
339499
339508
339524
339528
339538
339539
339575
340409
340582
340583
340596
340617
340709
340715
340750
340753
340815
341191
341217
341270
341305
341306
341315
341333
341338
341342
341359
341360
341362
341369
341371
341378
341407
341413
341419
341422
341428
341432
341440
341441
341442
341446
341449
341452
341454
341476
341483
341486
341490
341502
341511
341517
341526
341528
341531
341532
341540
341545
341548
341549
341561
341562
341563
341567
341576
341583
341598
341606
341609
341613
341616
341622
341625
341628
341630
341643
341650
341655
341669
341671
341683
341694
341698
341700
341708
341717
341728
341735
341739
341749
341750
341752
341761
341787
341790
341815
341834
341836
342630
342834
342863
342867
342876
342879
342891
342900
342912
342943
342954
342966
342970
342977
342995
343011
343021
343040
343041
343047
343054
343061
343062
343065
343075
343086
343087
343337
343375
343381
343398
343439
343486
343498
343507
343508
343515
343535
343545
343588
343603
343612
343672
343834
343897
343899
343986
343997
344016
344198
344260
344263
344264
344289
344297
344308
344317
344339
344573
344764
344854
344858
345031
345077
345084
345522
345534
345538
345544
345548
345570
345576
345581
345594
345639
345672
345674
345863
345880
345900
345976
345977
345985
346043
346065
346077
346122
346150
346158
346166
346169
346188
346208
346227
346228
346491
346506
346522
346684
346714
346759
346780
346784
346788
346790
346800
346809
346824
346840
346844
346864
346882
347085
347125
347170
347193
347210
347217
347328
347336
347412
347436
347836
347878
347895
347917
348072
348118
348239
348419
348434
348484
348587
348590
348818
348824
348841
348844
348852
348862
348889
348900
348901
348902
348937
348962
348964
348965
348975
348999
349005
349130
349292
349336
349357
349358
349374
349389
349396
349400
349406
349418
349434
349450
349474
349650
349860
349866
350028
350105
350110
350118
350119
350138
350152
350167
350171
350174
350188
350222
350234
350285
350290
350296
350389
350626
350654
350655
350684
350726
350741
350832
350955
350987
350989
351205
351484
351487
351489
351870
351892
351900
351910
351913
351916
351930
351931
351932
351949
351953
351957
351969
351973
351974
351982
351987
351999
352013
352020
352029
352037
352053
352055
352061
352090
352408
352424
352425
352433
352441
352446
352455
352458
352462
352467
352472
352484
352493
352500
352513
352554
352560
352579
352625
353107
353134
353150
353152
353159
353167
353402
353479
353507
353513
353534
353551
353553
353568
353571
353580
353594
353603
353604
353618
353623
353624
353639
353657
353660
353671
353677
353688
353700
353710
353715
353734
353735
353745
353762
353778
353803
353816
353874
353885
353903
354107
354117
354119
354125
354353
354357
354496
354676
354680
354698
354699
354703
354708
354710
354724
354736
354741
354758
354779
354810
355100
355116
355136
355148
355154
355162
355167
355172
355185
355191
355197
355204
355480
355555
355558
355567
355580
355584
355586
355590
355592
355612
355636
355640
355677
355683
355684
355694
355696
355699
356142
356183
356338
356654
356682
356705
356710
356716
356718
356734
356737
356827
356836
356837
356919
356922
356945
356963
356974
356980
356990
357497
357503
357531
357546
357688
357695
357709
357716
357719
357730
357743
357749
357752
357757
357775
357779
357787
357794
357799
357826
357839
357848
357863
357870
357875
357881
357885
357886
357887
357890
357892
357894
357911
357946
358362
358370
358378
358392
358400
358402
358407
358415
358416
358420
358753
358763
358770
358783
358790
358809
358812
358816
358833
358851
358863
358894
358902
358909
358920
358921
358935
358942
358962
359362
359436
359502
359520
359525
359534
359551
359552
359553
359558
359571
359573
359576
359581
359590
359670
359689
359785
359832
359853
359860
359879
359942
359949
359990
360025
360188
360205
360386
360402
360437
360652
360685
360714
360742
360871
360914
360916
360927
360931
360932
360946
360953
360954
360957
360979
360980
360989
360991
361018
361022
361039
361040
361043
361044
361045
361070
361432
361433
361444
361448
361459
361476
361907
361909
361918
361924
361936
361937
361965
361966
361972
361976
361977
362264
362432
362434
362454
362489
362493
362497
362504
362509
362515
362537
362538
362544
362546
362564
362567
362574
362576
362582
362586
362587
362616
362844
362852
362874
362875
362911
362919
362922
362924
362934
362991
363047
363114
363225
363259
363285
363328
363377
363535
363553
363632
363635
363646
363654
363662
363666
363678
363685
363687
363696
363701
363729
363925
363962
363991
364003
364004
364012
364014
364016
364033
364043
364053
364059
364062
364063
364082
364084
364093
364101
364102
364108
364233
364357
364365
364478
364498
364500
364522
364542
364543
364546
364925
364976
364980
364988
364990
364995
364998
365002
365003
365004
365018
365041
365043
365044
365282
365288
365300
365335
365339
365364
365372
365603
365626
365629
365669
365676
365677
365696
365710
365735
365739
365743
365758
365763
365778
365782
365799
365953
365969
365975
365995
366009
366059
366072
366101
366104
366127
366148
366153
366158
366171
366182
366188
366251
366308
366619
366647
366649
366663
366987
366989
366991
367005
367006
367009
367021
367036
367253
367387
367389
367395
367412
367422
367577
367602
367611
367631
367634
367647
367648
367652
367672
367771
367775
367812
367817
367818
367819
367840
367846
367860
367862
367864
367868
367871
367872
367875
368017
368021
368037
368039
368040
368045
368117
368136
368159
368288
368296
368304
368332
368353
368366
368378
368386
368392
368408
368472
368476
368480
368492
368493
368524
368557
368637
368639
368826
368846
369002
369095
369117
369121
369124
369125
369142
369146
369156
369167
369172
369207
369366
369394
369403
369422
369544
369605
369607
369617
369618
369620
369621
369628
369642
369733
369835
369840
369870
369876
369896
369946
370015
370066
370068
370227
370234
370281
370338
370340
370346
370351
370382
370496
370520
370536
370542
370561
370573
370584
370588
370589
370592
370595
370604
370626
370840
370859
370878
371269
371295
371323
371348
371788
372029
372030
372041
372051
372063
372067
372069
372083
372092
372097
372141
372159
372167
372178
372192
372194
372206
372211
372212
372215
372240
372257
372273
372291
372646
372664
372698
372724
372728
372742
372940
373008
373013
373027
373036
373038
373045
373066
373098
373110
373111
373116
373129
373258
373270
373286
373382
373633
373646
373664
373670
373672
373705
373710
373711
373715
373716
373717
373783
373791
373802
373879
373885
373887
373917
373919
373932
373935
373948
373968
373972
374596
374621
374641
374643
374656
374657
374669
374673
375061
375321
375322
375339
375368
375370
375372
375374
375376
375387
375393
375394
375418
375422
375433
375435
375446
375452
375463
375464
375468
375473
375489
375490
375492
375512
375524
375525
375528
375548
375555
375558
375564
375591
375594
375623
375999
376023
376028
376034
376038
376040
376045
376051
376055
376188
376233
376267
376310
376344
376360
376529
376530
376639
376643
376647
376652
376654
376656
376688
376723
377025
377029
377033
377040
377047
377056
377064
377078
377101
377105
377193
377195
377220
377227
377486
377498
377507
377511
377512
377530
377549
377552
377565
377946
377948
377953
377954
378435
378523
378820
378826
378834
378843
378897
378899
378907
378909
378927
378965
378973
378975
378996
379022
379023
379030
379062
379082
379404
379459
379708
379740
379777
379798
379813
379821
379827
379829
379830
379930
379947
379953
379955
379961
380005
380050
380076
380114
380361
380364
380480
380485
380486
380663
380670
380688
380693
380952
381191
381193
381221
381230
381239
381242
381247
381260
381264
381275
381284
381330
381604
381614
381618
381630
381704
381894
381933
381963
381972
382089
382147
382210
382270
382279
382347
382683
382841
382842
383001
383352
383355
383388
383630
383647
383653
383661
383664
383669
383672
383674
383682
383683
383691
383693
383705
383733
383745
383747
383763
383764
383771
383777
383793
384031
384144
384146
384151
384170
384181
384189
384192
384194
384197
384210
384215
384224
384242
384270
384560
384563
384585
384599
384826
384862
384877
384886
384912
384917
384976
384994
385004
385046
385064
385126
385197
385279
385306
385410
385513
385515
385858
385859
385867
385892
385895
385899
385950
386070
386133
386134
386177
386179
386192
386201
386202
386209
386210
386211
386218
386229
386511
386516
386518
386526
386535
386560
386568
386579
386581
386584
386775
386828
386949
387043
387058
387168
387242
387244
387251
387265
387266
387281
387296
387307
387309
387330
387354
387373
387418
387457
387496
387499
387581
387710
387812
387983
388283
388288
388305
388313
388323
388329
388331
388333
388334
388336
388339
388351
388372
388375
388380
388384
388388
388392
388408
388558
388597
388628
388638
388667
388670
388693
388703
388704
388706
388721
388743
388749
388763
388772
388774
388779
388797
388802
388855
389099
389149
389156
389157
389187
389190
389203
389208
389219
389223
389228
389242
389244
389258
389267
389499
389539
389645
389688
389734
389738
389752
389764
389800
389804
389814
389821
389924
389980
390007
390099
390101
390110
390285
390304
390315
390320
390327
390348
390402
390410
390450
390473
390617
390710
390728
390773
390961
390998
391012
391024
391272
391273
391274
391302
391305
391307
391325
391328
391336
391337
391346
391347
391372
391375
391377
391381
391392
391629
391649
391666
391674
391696
391702
391709
391724
391727
391729
391740
391846
391888
391979
392057
392103
392125
392140
392146
392156
392161
392174
392441
392501
392528
392530
392552
392570
392575
392602
392624
392630
392632
392645
392654
392661
392675
392686
392691
392693
392699
392851
392921
392952
392962
392996
392999
393002
393038
393043
393051
393057
393058
393067
393081
393093
393102
393162
393166
393168
393175
393180
393244
393252
393272
393291
393301
