24
62
90
104
171
222
223
268
316
379
383
431
461
468
492
515
526
561
621
637
656
710
767
846
848
885
936
938
946
954
981
991
996
1003
1027
1073
1074
1082
1229
1247
1253
1259
1302
1340
1383
1440
1445
1462
1487
1539
1576
1581
1615
1623
1624
1633
1669
1674
1684
1686
1687
1691
1698
1764
1778
1782
1788
1805
1851
1895
1898
1939
1953
1956
1986
2009
2010
2016
2039
2046
2058
2114
2142
2153
2163
2164
2165
2182
2197
2203
2217
2220
2222
2228
2237
2240
2248
2250
2256
2264
2270
2293
2296
2297
2310
2324
2325
2336
2342
2361
2372
2404
2405
2418
2439
2450
2461
2489
2492
2499
2505
2517
2519
2524
2525
2528
2533
2534
2549
2551
2563
2587
2592
2627
2657
2659
2667
2673
2688
2708
2718
2721
2722
2723
2749
2757
2769
2781
2800
2803
2848
2863
2877
2882
2884
2894
2918
2919
2921
2978
2981
3008
3010
3049
3054
3061
3071
3128
3148
3154
3164
3174
3179
3186
3208
3213
3245
3264
3274
3276
3292
3297
3358
3399
3418
3441
3449
3495
3499
3502
3504
3507
3543
3591
3597
3599
3601
3615
3621
3663
3666
3705
3766
3785
3790
3797
3799
3814
3832
3852
3859
3878
3884
3898
3899
3930
3933
3946
3962
3980
3981
4009
4013
4061
4073
4079
4098
4126
4139
4143
4151
4153
4174
4176
4192
4193
4198
4211
4234
4242
4301
4306
4334
4337
4344
4361
4366
4385
4393
4406
4412
4462
4463
4470
4474
4545
4571
4592
4616
4633
4642
4657
4677
4683
4685
4741
4746
4752
4758
4759
4778
4779
4831
4903
4940
4941
4972
4980
4985
5021
5043
5045
5055
5082
5088
5138
5149
5151
5157
5193
5198
5204
5219
5221
5225
5228
5249
5296
5346
5375
5400
5413
5429
5446
5466
5550
5566
5575
5609
5613
5680
5698
5706
5714
5733
5770
5837
5854
5880
5919
6062
6075
6106
6175
6187
6188
6214
6221
6227
6229
6236
6248
6279
6287
6288
6289
6297
6300
6301
6308
6337
6353
6375
6378
6482
6531
6541
6576
6625
6639
6645
6656
6676
6725
6732
6739
6786
6805
6812
6824
6848
6860
6883
6890
6930
6953
6955
6960
6990
7024
7035
7038
7051
7064
7077
7099
7142
7149
7226
7270
7314
7347
7348
7367
7371
7373
7378
7412
7415
7432
7442
7452
7454
7461
7506
7511
7519
7548
7571
7573
7621
7623
7634
7639
7720
7746
7755
7863
7892
7896
7909
7924
7925
7927
7935
7943
7951
7956
7968
7969
7972
7991
8001
8012
8061
8076
8095
8133
8161
8189
8204
8205
8227
8239
8282
8314
8318
8319
8322
8329
8337
8339
8346
8362
8363
8374
8385
8410
8415
8432
8439
8459
8518
8535
8561
8586
8590
8591
8598
8614
8682
8697
8700
8712
8717
8735
8744
8767
8770
8779
8789
8826
8872
8890
8892
8906
8912
8926
8944
8961
8963
8965
8970
8971
8976
8978
8986
8998
9025
9026
9057
9097
9112
9132
9163
9166
9195
9203
9205
9230
9243
9251
9263
9278
9293
9309
9310
9322
9330
9339
9340
9378
9384
9410
9446
9451
9457
9470
9480
9484
9534
9539
9540
9558
9562
9646
9660
9664
9669
9676
9736
9788
9789
9797
9858
9991
10002
10018
10045
10099
10105
10119
10121
10122
10147
10148
10196
10223
10264
10269
10343
10377
10397
10409
10417
10463
10485
10553
10593
10624
10625
10641
10659
10663
10681
10691
10807
10816
10819
10865
10883
10914
10918
10920
10923
10929
10965
10966
10968
11020
11095
11193
11204
11255
11289
11317
11352
11377
11390
11408
11409
11421
11432
11479
11485
11502
11517
11518
11521
11587
11609
11615
11652
11664
11670
11717
11729
11738
11776
11783
11794
11826
11844
11845
11858
11860
11898
11946
11947
11948
11950
11974
12033
12125
12129
12175
12183
12192
12359
12360
12361
12363
12393
12439
12546
12560
12561
12567
12609
12620
12694
12758
12884
12887
12889
12904
12905
12911
12912
12930
12944
12969
13149
13179
13228
13231
13324
13330
13348
13363
13369
13409
13419
13436
13485
13499
13534
13536
13562
13590
13644
13649
13686
13776
13787
13794
13795
13796
13805
13820
13829
13845
13861
13875
13962
13964
13965
13984
14013
14072
14075
14099
14107
14167
14168
14227
14242
14248
14279
14314
14349
14367
14389
14406
14448
14478
14519
14547
14552
14556
14561
14638
14654
14681
14716
14732
14770
14771
14887
14963
14987
15002
15055
15057
15074
15084
15085
15086
15122
15123
15125
15187
15222
15245
15255
15257
15261
15262
15292
15323
15324
15342
15412
15472
15482
15485
15497
15572
15588
15616
15655
15656
15657
15698
15771
15772
15837
15839
15867
15929
15931
15944
15968
16015
16031
16039
16050
16086
16115
16178
16179
16228
16229
16246
16263
16265
16278
16279
16298
16300
16303
16316
16331
16332
16356
16515
16568
16575
16576
16615
16620
16688
16716
16719
16723
16781
16788
16853
16892
16923
16945
16969
17097
17104
17113
17150
17228
17231
17238
17291
17329
17389
17524
17526
17533
17573
17627
17669
17680
17699
17742
17771
17801
17843
17931
18011
18148
18212
18214
18235
18296
18326
18337
18345
18383
18446
18484
18486
18553
18564
18645
18669
18670
18673
18705
18717
18723
18828
18852
18875
18939
19087
19223
19248
19282
19360
19528
19588
19601
19636
19643
19697
19704
19800
19923
20067
20099
20100
20127
20221
20327
20422
20530
20633
20656
20659
20661
20667
20692
20693
20696
20922
21042
21064
21212
21219
21349
21360
21537
21547
21569
21576
21579
21586
21588
21699
21706
21805
21807
21855
21892
21985
22020
22021
22157
22204
22370
22439
22500
22508
22634
22716
22724
22726
22732
22773
22864
22934
22935
22938
22969
22984
22986
22998
23061
23065
23067
23117
23157
23189
23374
23376
23402
23441
23487
23578
23700
23701
23793
23803
23866
23878
23889
23898
23906
23962
24221
24415
24416
24429
24715
24792
24876
24877
24880
24953
25128
25154
25157
25196
25248
25296
25500
25579
25585
25591
25601
25612
25633
25652
25668
25712
25749
25758
25778
25817
25818
25819
25824
25831
25900
25971
26140
26523
26528
26585
26614
26633
26635
26740
26921
27114
27155
27177
27369
27371
27379
27436
27454
27461
27500
27516
27598
27696
27732
27733
27803
27921
27989
27996
28109
28289
28330
28374
28375
28523
28561
28586
28631
28671
28758
28763
28789
28843
28895
28915
29004
29033
29036
29177
29230
29285
29354
29356
29405
29500
29508
29522
29539
29545
29557
29583
29584
29771
29820
29824
29838
29839
29880
29881
29918
29993
30146
30225
30247
30354
30394
30469
30487
30491
30492
30500
30562
30659
30670
30672
30683
30686
30745
30757
30804
30861
30875
30906
30907
30949
30982
30984
31084
31093
31226
31272
31279
31292
31322
31334
31591
31602
31609
31614
31633
31653
31689
31690
31700
32159
32215
32225
32282
32334
32360
32389
32462
32546
32633
32686
32707
32734
32741
32788
32841
32880
32904
32949
32981
33009
33012
33013
33014
33197
33205
33212
33264
33299
33479
33567
33695
33751
33757
33764
33777
33783
33797
33838
34107
34125
34135
34139
34142
34153
34183
34393
34426
34433
34449
34477
34500
34519
34526
34554
34591
34611
34659
34727
34730
34739
34783
34795
34898
34914
34915
34921
34929
34933
34957
34965
35094
35156
35201
35202
35216
35326
35343
35449
35589
35614
36077
36089
36113
36147
36216
36239
36257
36477
36540
36660
36742
36797
36818
36841
36867
36876
36914
36920
36939
37026
37027
37028
37035
37050
37052
37060
37064
37065
37124
37127
37400
37443
37503
37597
37761
37775
38039
38250
38252
38305
38365
38394
38452
38456
38462
38501
38502
38526
38527
38533
38551
38560
38563
38872
38977
39068
39083
39104
39167
39234
39306
39336
39339
39348
39444
39449
39450
39593
40003
40136
40177
40198
40225
40230
40439
40456
40586
40640
40742
40743
40749
40766
40872
40985
41040
41059
41062
41064
41106
41121
41126
41147
41152
41237
41327
41702
41902
41927
42037
42126
42161
42323
42400
42446
42500
42519
42547
42746
42747
42770
42773
42848
43019
43126
43194
43243
43244
43252
43480
43500
43511
43618
43762
44003
44474
44498
44562
45254
45500
45515
45587
45589
45645
45673
45713
45716
45868
46040
46208
46228
46249
46342
46351
46594
46675
46715
46737
46741
47040
47075
47076
47085
47095
47103
47108
47131
47595
47609
47615
47616
47639
47679
47731
47732
47736
47742
47745
47777
47867
47891
47904
47905
47920
47927
47944
48135
48206
48311
48501
48566
48711
48791
48802
48820
48826
48828
49481
49501
49535
49565
49584
49608
49613
50388
50462
50467
50625
50628
50703
50904
50935
50953
50959
51101
51105
51117
51143
51154
51166
51240
51288
51290
51579
51804
51863
51902
51972
51975
52071
52162
52167
52288
52363
52680
52691
52696
52701
52703
52721
53292
53406
53960
54102
54109
54182
54320
54349
54843
54932
54951
55001
55027
55107
55134
55144
55152
55188
55368
55435
55491
55516
55534
55827
55860
55922
55950
55951
56943
56971
57124
57426
57558
57560
57590
57691
57693
57704
57708
57719
57760
57861
57864
57957
57978
57979
58060
58075
58231
58302
58321
58329
58384
58393
58525
58528
58539
58541
58552
58704
58740
58928
59004
59860
59862
59863
59875
59896
59919
60004
60007
60025
60062
60066
60068
60132
60135
60136
60137
60166
60174
60180
60446
60559
60682
60732
60792
60838
61039
61423
61451
61472
61823
61884
62206
62287
62432
62608
62696
62741
62777
62825
62828
62854
62925
62969
62997
63145
63230
63372
63534
63568
63594
63721
63810
63862
63903
63951
64069
64426
64533
64580
64642
64654
64749
64763
64813
64844
64862
64886
64895
64967
64974
64986
65036
65076
65085
65143
65151
65191
65198
65314
65352
65353
65413
65448
65517
65607
65675
65746
65795
65812
66065
66099
66100
66128
66131
66147
66149
66191
66215
66690
66822
66990
67125
67167
67177
67181
67197
67207
67214
67240
67242
67291
67358
67360
67393
68314
68451
68802
68899
68953
68955
68988
69060
69093
69197
69435
69852
69875
69929
69952
69979
70000
70002
70014
70954
71225
71284
71327
71437
71466
71479
71489
71524
71527
71532
71546
71552
71553
71561
71564
71575
71577
71584
71586
71593
71623
71667
71681
71704
71707
71716
71717
71725
72305
72472
72485
72540
72582
72603
72781
72858
73328
73330
73492
73497
73707
73718
73756
73841
73851
73941
73959
74364
74421
74463
74485
74496
74509
74524
75968
76024
76025
76196
76212
76274
76353
76516
76532
76542
76632
76633
76637
76666
76673
76681
76755
76762
76786
77444
77652
77829
78064
78137
78179
78239
78281
78423
78440
78466
78488
78498
78540
78562
78586
78598
78632
78646
78707
78762
78888
79018
79027
79033
79125
79293
79332
80012
81589
81693
81954
81957
81970
81999
82001
82741
82767
82768
82779
82853
82922
83006
83035
83090
83122
83195
83201
83246
83297
83425
83562
83569
83578
83656
83848
83876
83914
84220
84230
84650
84807
84819
84902
84973
85017
85067
85150
85256
85268
85283
85340
85601
85606
85665
85764
86080
86237
86267
86270
86303
86304
86311
86334
86341
87703
87745
88003
88079
88231
88247
88262
89108
89138
89217
89257
89259
89401
89793
89808
89892
89909
90029
90282
90765
91149
91153
91180
91623
91632
91690
91892
91904
91910
91914
91918
91934
91942
91945
91952
91965
91975
91978
92037
92069
92090
92097
92104
92105
92112
92114
92115
92117
92123
92124
92156
92218
92219
92221
92223
94083
94086
94247
94272
94277
94297
94329
95217
95233
95300
95313
95405
95440
95442
95567
95638
95691
96065
96082
96255
96510
96520
96522
96528
96544
96586
96589
96591
96597
97013
97022
97161
97323
97349
97369
97376
97493
97530
97546
97558
97561
97582
97600
97626
97668
97684
97687
97706
97715
97721
97777
98827
99600
99639
99848
100090
100213
100230
100258
100265
100340
100350
100537
100543
100699
100734
101196
101351
101543
101673
101702
101705
101751
101927
102052
103012
103480
103573
103652
103670
103707
103802
103851
103963
104145
104152
104479
104524
104548
104665
104671
104672
104780
104810
104819
104900
104901
104951
104952
105023
105047
105073
105394
105395
105473
105586
105691
105692
105708
105774
105824
105838
105842
105933
105963
106124
106150
106208
106209
106216
106231
106235
106238
106363
106372
106580
106652
106831
106909
106942
107879
109133
109374
109451
109459
109507
109516
109680
109695
109791
109800
109911
109912
109934
109996
110194
110195
110222
110248
110266
110297
110628
110949
111160
111400
111405
111501
111590
111591
111609
111625
111644
111645
111739
111773
111802
112528
112838
112932
112997
113098
113117
113126
113281
113329
113331
113398
113587
114635
114639
114658
114668
114669
114680
114681
114761
114987
115161
115163
115165
115314
115355
115707
115743
115826
115987
115988
116118
116206
116290
116302
116359
116540
116557
116975
117011
117076
117265
117390
117653
117883
117931
118015
118133
118401
118420
118422
118440
118455
118826
118915
118970
118975
118977
118997
118998
119035
119629
119812
119817
119838
119843
119848
119857
119876
119910
119919
120510
120567
120627
120631
120696
120908
120988
121068
121369
121422
121466
121571
121581
121586
121591
121607
121639
121650
121673
121680
121686
121694
121751
121768
121820
121828
121830
121832
121871
121873
121878
121900
121904
121907
121941
121970
121982
123264
123348
123468
123628
123637
123646
123680
123926
123960
123998
124007
124008
124016
124021
124042
124084
124095
126063
126474
126559
126561
126571
126669
126675
126676
126717
126871
126943
127016
127046
127065
127187
127279
127303
127367
127377
127378
127397
127404
127416
127470
127487
127722
128045
128112
128195
128237
128248
128290
128469
128516
128682
128815
128862
128918
128934
128938
128987
129069
129139
129298
129333
129368
129420
130166
130214
130218
130228
130229
130269
130272
130291
130294
130296
130320
130331
130348
130368
131261
131424
131477
131483
132662
132808
132819
132836
132845
132903
132925
132937
132938
132943
132945
133386
133438
133448
133467
133469
133576
133609
133709
133717
133753
133761
133765
133795
133830
133839
134073
134079
134105
134122
134149
134177
134178
134381
134510
134513
134867
135240
135250
135288
135301
135302
135305
135317
135354
135357
135420
135436
135444
135452
135474
135495
135506
135784
136040
136291
136335
136352
136533
136634
136637
136681
136692
137341
138209
138559
138690
138723
138736
138744
138839
138903
138968
139774
139964
139971
140233
140238
140399
140678
140751
140760
140877
140890
140893
140968
141051
141058
141100
141108
141134
141139
141161
141162
141181
141226
141236
141240
141274
141279
141285
141287
141369
141402
141403
141405
141497
141511
141514
143429
143440
143498
143535
143542
143566
143588
143633
144213
144402
144667
144689
144732
144823
144845
145354
145423
145438
145498
145507
145764
145872
146113
146256
146721
146760
146889
146901
146902
146906
146913
146916
146934
146947
146948
146953
146954
147803
147807
147817
147824
147828
147847
147927
148142
148167
148376
148409
148458
148836
149038
149062
149082
149084
149119
149130
149136
149154
149553
149644
149669
149775
149783
149859
149872
150146
150185
150212
150279
150280
150318
150322
150333
150334
150579
150617
150625
150650
150651
151369
151441
151477
151487
152050
152116
152121
152232
152233
152337
152432
152466
152493
152501
152506
152514
152552
152616
152617
152829
152831
152840
152842
152845
152847
152854
153203
153300
153994
154206
154610
154846
154878
154900
154938
154941
155078
155169
155272
155299
155300
155316
155322
155387
155489
155559
155566
155579
156592
157012
157061
157066
157068
157315
157420
157430
157454
157659
157662
157683
157698
157707
157724
157728
157738
157751
157755
157760
157796
157855
157897
158794
158915
159039
159097
159142
159240
159244
159245
159250
159258
159264
159307
159324
159327
159358
159365
159690
159910
159993
160063
160210
160268
160305
160426
160433
160479
160613
160887
161117
161164
161214
161217
161585
161610
161635
161698
161699
161790
161856
161911
162006
162057
162931
162948
162981
162987
163626
163637
163643
163681
164131
164135
164190
164195
164205
164481
164484
164529
164776
164783
164788
165089
165091
165150
165691
165705
165712
165731
165823
165830
165844
165847
165850
165886
165887
165888
165894
166644
166656
166780
166781
166782
166797
167518
167570
167630
167663
167667
167892
167983
167992
168282
168370
168704
168706
169218
169259
169274
169277
169278
169344
169363
169375
169421
169424
170136
170159
170705
170820
170850
171118
171135
171139
171162
171244
171257
171677
171882
171896
171936
171956
171960
172033
172074
172084
172090
172375
172409
172782
173062
173143
173462
173477
173482
173900
173924
173944
173960
173967
173982
173986
173987
173991
174012
174062
174065
174509
175063
175075
175292
175363
175373
175418
175496
175609
176468
176514
176521
176556
176580
177068
177072
177814
177923
178033
178085
178128
178165
178168
178204
178208
178241
178555
178679
178735
178743
179270
179360
179363
179384
179385
179415
179425
179431
179455
179467
179498
179527
179528
179535
179537
179553
179561
180099
180109
180143
180176
180762
180770
180780
180782
181128
181151
181162
181252
181267
181488
181528
181572
181590
181917
181986
182203
182228
182619
182621
182773
182798
182826
182848
182851
182859
182864
182893
182897
182900
182915
182922
182952
183967
184181
184252
184531
184561
184633
184658
184677
184806
184887
184905
184996
185067
185131
185371
185379
185406
185454
185496
185502
185755
186309
186315
186333
186334
186338
186931
186980
187013
187177
187299
187383
187429
187451
187460
187467
187728
187730
187922
188134
188143
188147
188154
188496
188502
188533
188541
188712
188758
188832
188984
189072
189199
189312
189409
189951
190252
190308
190354
190454
191118
191217
191452
191510
191522
191532
191544
191560
191568
191577
191581
191905
192078
192092
192189
192191
192445
192455
192589
193000
193030
193067
193076
193117
193141
193162
194010
195787
195816
195819
195822
195830
195839
195850
195882
195887
195902
195969
195977
195981
195988
195989
196027
196031
196033
196179
196763
196936
196940
197062
197250
197402
197414
197440
197481
197511
197525
197542
197577
198672
198703
198733
198736
198746
198757
198781
198785
198793
198794
198811
198847
199247
199255
199383
199432
199495
199534
199652
199687
199698
199705
199774
199912
199935
199969
199970
200054
200173
201285
201389
201415
201663
201855
201886
201901
201924
202318
202336
202360
202384
202397
202581
202622
202628
202631
202644
202645
202833
202841
203053
203061
203841
203874
203877
203879
204159
204169
204170
204174
204175
204212
204221
204238
204241
204247
204249
204257
204270
204272
204754
204842
204843
204867
204876
204882
204883
205001
205456
205510
205516
205524
205544
205552
205605
205633
205656
205978
206203
206234
206272
206296
206659
206748
206838
206851
206864
207315
207374
207377
207424
207621
207627
207701
207717
207844
207859
207864
207883
207909
208196
208210
208398
208414
208442
208465
208467
208470
208491
208516
208981
209377
209378
209462
209489
209498
209903
209905
209908
209912
210119
210144
210157
210168
210188
210242
210283
210416
210417
210475
210881
210902
210909
211009
211010
211011
212326
212530
212599
212627
212642
212667
212817
212840
212905
212927
212933
212946
212958
213166
213189
213386
213389
213403
213771
214090
214101
214424
214426
214431
214451
214455
214456
214463
214492
214646
214843
214887
214987
215056
215364
215375
215555
215968
215992
216000
216009
216028
216043
216126
216383
216449
216768
216827
216905
217167
217327
217492
217566
217571
217574
217660
218481
218492
218712
219011
219034
219092
219282
219285
219297
219918
219929
219965
219974
220387
220397
220419
220434
220815
220842
220845
220871
220884
220899
221391
221437
221456
221461
221479
221480
221483
221495
221500
221665
221885
221898
222189
222403
222902
222908
223324
223342
223356
223389
223410
223416
223451
223975
223979
224595
224619
224678
224689
224741
224764
224770
224995
225037
225259
225438
225446
225449
225451
225456
226436
226473
226482
226515
226550
226972
227019
227039
227056
227636
227650
227662
227686
227736
227740
227741
227751
228151
228250
228255
228706
228914
228922
228926
228930
228954
228980
229291
229296
229298
229301
229308
229786
229791
229810
229931
229955
230451
230486
230670
230715
230753
231009
231013
231025
231030
231033
231391
231394
231514
231519
231537
231593
231597
231723
231816
231827
231849
231994
232010
232251
232276
232294
232316
232343
232719
232727
232749
232947
232953
232954
232990
232991
233017
233042
233048
233057
233063
233067
233646
233682
233720
233759
233836
233838
233848
233916
233919
233941
234060
234379
234404
234843
234959
235387
235413
235466
235470
235514
235534
235561
235941
235962
235971
235976
236015
236022
236060
236674
236691
236694
236814
236863
236919
236993
237158
237168
237217
237248
237252
237297
237330
237625
237983
238022
238025
238033
238230
238232
238334
238342
238389
238399
238423
238667
238761
238805
239226
239654
239663
239668
239715
240230
240471
240510
240521
240530
240767
240775
241046
241055
241057
241091
241188
241249
241298
241360
241439
241541
241595
241630
241827
242279
242375
242665
242692
242696
242728
242735
243245
243276
243371
243412
243715
244699
244828
245037
245048
245050
245152
245523
245539
245569
245608
245639
245922
245933
245969
246016
246035
246050
246287
246300
246738
246829
246849
246855
246927
247031
247107
248095
248328
248384
248402
248437
248478
248505
248523
249179
249395
249443
249602
249650
249668
249678
250087
250285
250812
250831
250846
250870
250894
250913
250914
250916
250936
250940
251636
251657
251812
251856
251857
251860
251892
251938
251958
251975
252183
252907
253910
254151
254155
254203
254229
254235
254237
254292
254323
254349
254353
254358
254366
254389
255019
255083
255121
255154
255162
255166
255175
255186
255190
255309
255356
255359
255361
255379
255422
255423
255439
255446
255447
255448
255453
255460
255461
255462
256427
256468
256497
256500
256504
256511
256532
256533
257055
257071
257145
257155
257462
257556
257676
257695
257697
257720
257755
257947
258565
258660
258760
259495
260292
260293
260308
260309
260318
260321
260323
260329
260357
260358
260412
260423
260426
260827
261078
261223
261305
261341
261348
261409
261542
261619
261623
261643
261665
261744
261755
261772
261780
261787
261811
261821
261823
261825
261836
261837
261848
261856
263018
263025
263036
263432
263517
263636
263798
264067
264095
264247
264294
264328
264798
264828
265131
265413
265448
265915
265930
265935
265961
265964
265970
265977
265991
266008
266020
266024
266030
266034
266462
266612
266659
266733
266750
266755
266815
267058
267530
267557
267818
267857
268228
268626
268670
268690
268695
268731
269138
269315
269335
269337
269492
269495
269557
269564
269590
269633
269747
269890
269921
270125
270168
270712
270716
270768
270890
270978
271264
271354
271496
271917
271985
272005
272052
272054
272927
273066
273087
273104
273110
273111
273169
273236
274009
274065
274295
274418
274813
274873
274932
275023
275170
275221
275239
275268
275377
275444
275832
276268
276638
277056
277123
277437
277896
277913
278413
278436
278437
278778
278817
279318
279531
279568
279924
279934
279953
279960
280241
280657
280658
280690
280706
280723
281311
281331
281527
281533
281680
281746
281900
281968
282828
282946
282999
283572
283575
284087
284347
284348
284358
284364
284367
284368
285027
285031
285046
285137
285218
285329
285416
285474
285507
285780
286014
286046
286399
286416
286544
287294
287540
288081
288408
288553
288673
288872
288995
289074
289245
289248
289641
289875
289935
290082
290331
290356
290371
290378
290470
290513
290661
290667
290674
290855
290877
290878
290902
290925
290928
290947
290977
291013
291024
291026
291061
291121
291126
291150
291176
291197
291247
291330
291350
291373
291482
291505
291647
291773
292015
292239
292251
292256
292330
292526
292528
292532
292533
292594
292618
292656
292890
292978
293032
293048
293118
293123
293151
293247
293329
293338
293388
293398
293447
293464
293773
294423
294767
294931
295382
295482
295597
295679
295688
295739
295880
295906
296051
296053
296094
296113
296181
296191
296470
296574
296582
296598
296669
296706
296835
297140
297216
297636
297812
297833
297903
298759
299268
299286
299311
299344
299756
299791
299924
299929
299935
299936
299938
299945
299984
299996
300000
300003
300023
300031
300035
300054
300064
300071
300105
300127
300137
300141
300143
300144
300147
300149
300153
300164
300202
300212
300214
300892
301506
301850
302427
302825
303671
303699
303754
303755
303814
303843
303847
303868
303918
303927
303931
304594
304602
304673
304686
304705
304743
304761
304769
305352
305444
305521
305534
305535
305838
305926
306337
306338
307127
307193
308340
308401
308406
308421
308422
308426
308439
308446
308469
308477
308498
308552
308570
308593
309116
309154
309155
309586
309678
309695
309708
310120
310204
310216
310351
310410
310874
311391
311405
311446
311493
311507
311516
311521
312404
312721
312742
312764
312767
312783
312911
313686
314014
314313
314369
314427
314439
314454
314488
314502
314553
314581
314599
315140
315161
315162
315834
316110
316298
316483
316595
316621
316834
317177
317431
317490
317550
318284
318342
318347
318599
318801
319127
319189
319218
319250
319263
319268
319276
319277
319289
319349
319365
319464
319514
319595
320058
320079
320106
320257
320271
320303
320446
321000
321090
321093
321175
321221
321290
321347
321388
321447
321481
321626
321665
322007
322334
322700
323354
323367
323595
323628
324026
324179
324211
324226
324230
324269
324274
324283
324687
324760
325591
325980
326063
326143
326175
326179
326191
326199
326262
326512
326557
326559
326620
326745
326815
327081
327492
327574
327607
327993
328436
328466
328699
328846
329052
329071
329100
329238
329453
329482
329494
329553
329695
330213
330688
330776
330799
331373
332200
332223
332243
332244
332645
332647
333249
333798
334197
334206
335637
335895
335899
335930
335934
335941
335957
336025
336709
336976
337025
337033
337036
337047
337436
337538
337560
337587
337682
337717
337747
337751
337770
337805
337839
337879
337882
337914
338430
338925
339442
339551
340615
340654
340719
340732
340748
340758
341382
341465
341479
341572
341594
341639
341660
341665
341666
341747
341770
341799
341801
341812
341823
341833
342615
343042
343044
343100
343111
343117
343555
343577
344251
344307
344320
344356
344367
344368
345546
345558
345563
345567
345592
345593
345596
345608
345619
345622
345707
345710
345934
346106
346159
346163
346168
346184
346218
346706
346822
346855
346858
346872
346878
347302
347397
347457
348527
348822
348831
348871
348874
348879
348925
348948
348958
348980
348996
349002
349021
349028
349038
349062
349410
349488
349892
350318
350335
350755
350757
350807
351532
351926
351939
352010
352023
352028
352072
352083
352423
352480
352559
352593
352600
353105
353155
353558
353675
353765
354157
354159
354212
354214
354543
354737
355147
355164
355166
355180
355192
355200
355201
355615
355617
355701
355705
355706
355715
356733
356754
357165
357168
357216
357741
357829
357835
357845
357874
357878
357900
357914
357930
358181
358312
358403
358456
358462
358908
358918
358927
358933
359069
359703
359764
359829
359906
359999
360000
360110
360400
360971
360972
360974
360977
361009
361442
361443
361458
361464
361469
361502
361526
362307
362525
362583
362807
362816
362869
362910
363115
363443
363462
363692
363981
364479
364480
364485
364503
364512
364513
364517
364557
365266
365297
365366
365400
365930
365979
366051
366075
366123
366147
366193
366490
366532
366707
367043
367226
367442
367877
367878
368001
368003
368110
368359
368395
368406
368859
369166
369235
369433
369653
369912
370076
370379
370446
370448
370879
370899
371272
371310
371316
371325
371343
371809
372061
372115
372138
372158
372176
372179
372207
372253
372258
372267
372280
372302
372305
372308
372312
372319
372321
372324
372757
372766
372938
373009
373096
373366
373525
373747
373777
373796
373805
373812
373817
373993
374631
374888
375071
375086
375089
375091
375124
375396
375546
375547
375561
375595
375606
375614
375635
375638
375643
376060
376063
376073
376214
376250
376282
376336
376844
377244
377259
377296
378383
378404
378412
378436
378442
378500
378900
379037
379073
379077
379118
379121
379438
379445
379447
379452
379488
379493
379667
379815
379969
380657
380673
381203
381204
381225
381253
381263
381639
381644
381665
381670
381690
381912
381924
381959
381969
382277
382392
382410
383652
383657
383688
383694
383715
383717
383718
383722
383730
383765
384140
384207
384214
384254
384825
384945
385148
385305
385439
385909
386148
386198
386553
386574
386848
386961
387023
387055
387191
387198
387305
387319
387415
387465
387730
387819
388021
388377
388381
388393
388397
388652
388674
388724
388762
388808
388958
389153
389192
389210
389230
389235
389238
389260
389264
389265
389283
389735
390051
390141
390180
390343
390857
391355
391650
391690
391711
391738
391770
392136
392143
392298
392447
392860
392861
392972
393136
