25
290
323
326
502
587
852
1164
1318
1367
1568
1575
1591
1657
1803
1816
1942
1987
2261
2643
2830
3322
3388
3397
3398
3888
3895
4121
4283
4482
4533
4742
4761
4826
5247
5251
5325
5430
5551
5726
5736
5953
6065
6148
6398
6478
6510
6847
7047
7055
7663
7757
7779
8021
8109
8213
8345
8893
9556
9947
9963
10107
10108
10487
11597
11851
12266
12336
12700
12748
13026
13123
13497
14835
14921
15198
15315
15318
15633
15779
16503
16635
16659
16666
16704
16896
16978
17554
17570
17609
17633
18070
18393
18506
18513
18764
19140
19169
19243
19290
19318
19379
19711
19761
19980
19982
20031
20139
20187
20614
21028
21101
21104
21182
21282
22262
22312
22522
23233
23300
23940
24094
24259
24683
24827
24972
26317
26329
26814
27675
27851
28545
29068
29126
29137
29168
29292
29475
29606
29729
29730
29909
30555
30779
30858
30968
31098
31154
31528
32036
32154
33317
34036
35760
37550
37562
37586
37601
37650
37717
37830
38085
38097
39520
39612
39642
39681
39711
39946
40243
40252
40271
40316
40431
40729
41792
42111
42173
42298
42344
42376
42517
42523
42685
42808
42843
42928
43368
43421
43570
43584
44700
44738
45045
45153
46099
46598
47037
47466
47996
48219
48293
48295
48469
48477
48576
49043
49636
49699
49782
49787
49973
49978
50162
50403
51381
51773
52015
52266
52315
52331
52345
52440
52471
52757
52871
52984
53049
53054
53090
54328
54443
54788
55567
55810
55832
56013
56027
56036
56114
56116
56283
56667
56950
57036
57083
57084
57874
58046
58192
58249
58411
59123
59250
60300
60868
60956
60973
61061
61090
62106
62133
62135
63163
63545
63704
63706
63784
64968
64969
65870
66194
66269
66270
67372
67385
67537
67842
68101
68707
69064
69110
69315
69349
69440
69672
69675
69741
70208
70410
70785
72034
72036
72248
72396
72457
72986
73714
74093
74158
74749
75017
75079
75285
75539
75552
75738
75745
75746
76571
76855
76926
76990
77017
77461
77465
77645
77971
78058
79142
79376
79506
79865
80238
80343
80366
80612
81298
81650
82256
82422
82662
84851
85183
85273
85769
85814
85937
86413
86454
86555
86699
86841
86885
86959
87091
88639
89273
89834
89975
89994
90085
90395
90462
90556
91099
91281
92331
92361
93041
94408
94436
94955
95087
95202
95468
95598
95988
96416
96657
96727
97815
97834
98099
98463
98522
98600
99447
99475
99498
99559
99565
99820
100458
100509
100841
100850
100979
101061
101181
101361
101867
101937
101938
102192
102538
102609
102902
103194
103357
103500
103510
104890
104906
104922
106351
106523
106727
106871
107208
107269
107283
107378
107413
107802
108376
108654
109603
110403
111975
112440
112541
112852
112982
114335
114507
114773
115011
115383
116133
116254
116509
117340
117694
118310
118470
119045
119147
119245
119384
120186
120220
120255
120355
120640
121039
121042
121078
121081
121107
121129
121176
122200
122568
122626
124357
124415
124572
124801
124812
124834
127639
127719
127735
128391
128542
128684
128804
129596
129768
129770
129774
129775
129776
130169
130625
130932
130999
131700
131757
132462
133073
133531
133942
134250
134371
134527
134573
134576
134627
134636
134729
134953
135096
135560
135641
136139
136153
136192
136278
137239
137240
137444
137605
137657
137672
137742
137800
137801
137806
137899
138377
138408
139046
140610
141601
141696
141745
141763
142028
142594
143259
144103
144915
145784
145911
145933
145978
146000
147439
147696
148004
148157
148301
148495
149267
149677
150138
150369
151646
152882
152918
152987
154718
155490
155618
155626
155661
155685
156878
157945
157979
158164
159465
159473
159476
160087
160100
160131
160299
160973
161301
161495
161506
161524
161545
162654
162780
162785
162819
163174
163752
164218
164263
164392
165266
165369
165380
166954
167894
168892
169454
169635
170582
171228
171704
171751
171813
172976
173475
173540
175124
175814
176045
176082
176102
176136
176173
176887
178557
178782
178792
179693
180214
180825
181882
181883
183313
183675
183704
184412
185680
185736
185786
186816
187163
188372
189089
189161
189634
189996
190359
190735
190736
190867
192592
192619
192620
193048
193788
194032
194122
194178
194196
194213
194263
194266
194311
195209
196450
197543
197552
197859
200159
200163
200580
200588
200606
200721
200764
200765
203065
203432
205311
205322
205755
207779
208203
208527
208561
208588
208641
209042
209519
209542
209574
210539
211039
211117
211171
211184
211496
211507
213078
215144
215451
215806
216314
216727
217148
217166
217647
217682
217816
218109
218121
218122
218188
218314
219143
219193
219980
220009
220125
220495
220578
222145
222157
222190
222221
222239
222960
222993
223024
224028
225297
225454
225496
226353
226680
228768
228789
229944
230530
230543
230858
231707
231821
232255
232370
232397
232483
232736
232786
233114
234164
234250
234523
234964
234974
234986
234987
235103
236138
236297
236321
236699
237477
238069
238070
238432
238457
238825
238852
239910
240559
240565
241752
242494
242855
242901
243843
243846
244695
244702
245081
245237
245249
246599
246742
246933
247167
247179
247775
247778
248514
248584
248629
248635
250086
250103
250370
250637
250957
250972
251970
252004
252089
252117
252122
252127
252190
252210
252798
253451
253624
253716
253732
253769
253836
253986
257535
257595
257732
257941
257948
258034
259397
259753
259804
259805
259974
260033
260734
263130
265207
265212
267066
267103
267539
267589
267871
267884
267927
267958
269722
269744
269760
270060
270084
270089
270193
270848
271518
272327
274923
275623
275655
275753
275810
276379
276758
276769
276819
279823
279981
280382
280442
281206
282138
282475
282482
282484
282530
283381
283501
283742
283956
283985
284994
285902
286164
286328
288697
289183
291694
293210
293649
295186
295974
297622
297646
297737
297861
297915
298844
298925
299530
300277
301855
301980
301982
301988
302254
302357
302399
303261
303327
303359
303371
305576
305666
306539
306680
306703
306757
306786
307071
307208
307592
307970
308667
308706
309494
310451
311126
311127
311310
312561
312653
313039
313041
313051
313111
313127
313624
314069
314072
314093
314110
314154
314180
315202
315238
315454
316724
316726
316939
317322
317359
317378
317394
317692
317860
318385
318496
318517
318596
319506
322658
323182
323663
323695
324861
324911
326373
326673
326753
327147
327169
329262
329277
329556
329564
331361
331484
331690
332006
332008
332023
332036
332055
332059
333454
333455
333522
333634
334039
334326
334548
334563
334605
334611
334612
334630
334631
334661
334957
335266
335301
335339
337240
337427
337454
337894
338465
339698
339707
339781
339868
340018
340144
340226
340993
344342
345371
346957
347593
347839
347928
348028
348074
348169
348179
348392
348675
349113
349149
349934
350588
350687
350698
350999
351217
351654
351675
354041
354060
354081
354110
354361
354852
356343
357136
357137
357328
357334
357522
358038
358045
360184
360391
360522
360697
361672
363262
363479
365947
368277
369539
369550
369566
370904
371391
371397
374247
374838
375199
375256
375705
376390
376752
376763
377998
378118
378162
378163
378216
379151
379670
380155
380409
380512
380994
381049
381072
382430
382446
382615
382632
382641
382720
382727
384638
385278
385381
385408
385875
386984
387532
387858
388018
388508
388517
388922
390684
390827
392319
