2782
4793
6793
10383
11990
13246
13865
18076
18710
19032
21233
22257
22452
27785
27893
30313
30393
33133
40610
43990
46548
46578
52267
54318
54875
56315
61126
62691
71105
71247
72155
73269
75873
83173
84116
87423
99144
103369
107967
108063
108193
110386
110917
122398
123184
129658
130956
134274
136489
138091
139547
143256
146720
148812
153821
154355
159828
167480
172337
174315
176255
176286
179147
182761
183409
184390
184541
187311
204516
210445
213282
218704
220593
222256
228156
240168
253143
264692
269084
270377
277658
277675
286324
289546
293847
313542
315718
330115
332348
335173
343462
343790
367335
372625
383950
