283
3369
11793
13618
14076
14736
15974
16897
17754
20510
20554
21663
21793
25855
25904
26572
27451
28331
28730
30331
32190
32931
34110
34499
36905
37264
38511
39482
39539
40210
41376
41998
45617
47761
47791
50533
50847
51334
51947
53263
54155
54576
55614
55928
56879
58201
58977
59477
60368
60638
62147
62994
64137
64631
66010
66016
66033
67413
71640
72822
73569
73629
77825
78629
80060
80070
82665
82906
83321
83725
84852
86232
89124
89821
89875
91146
91563
91612
92199
94155
94298
97711
103263
103376
103964
104370
105085
105306
105772
106226
106678
106783
108702
108755
109024
110818
113954
113985
114614
115196
116257
117586
118024
118059
118986
119017
119775
119921
119926
120125
121810
123222
123343
123684
123714
123798
123860
124014
124119
128292
131322
133041
134118
135100
136583
138553
138622
138658
139452
140965
143428
143560
144155
146121
146241
146756
147413
151403
152716
152856
153231
154156
154806
156673
157192
158147
159154
160000
160248
161040
161096
161572
161876
163545
166500
166726
168040
168247
169112
170085
171966
174874
175518
176415
176451
178001
178152
181496
182155
182764
184802
185009
185478
186336
186955
187835
189029
189333
189355
189887
190107
190347
191419
191499
195840
195912
195957
196125
196837
197002
197070
197170
197544
199315
199430
200068
200329
201216
201319
206752
206795
206802
206845
207901
207980
208427
208434
208986
209426
210709
210906
213924
214045
217707
219207
220713
220850
221498
221899
221950
222399
223891
225046
226956
228247
228898
230461
230664
230718
231606
231950
233906
234549
234952
235506
236913
238338
238816
239471
242401
242619
243077
243183
244040
245946
246553
247558
247914
247954
248132
248520
248858
249299
249573
249605
251299
255094
255324
261773
262891
262965
264149
265092
265918
266664
266800
267388
268672
270619
270741
271217
271221
271928
272867
273971
274987
276294
276533
276536
276676
277909
278519
279415
280058
280443
281691
281751
284415
285581
286280
286339
287054
287570
287776
288276
288434
288942
291465
292758
292826
293835
294582
295425
296084
297033
297255
299859
300043
300893
300912
301874
305448
305466
305484
306321
307150
308617
309053
312902
313985
314411
315055
315120
316260
316733
318315
319213
320508
321038
322409
322588
324284
324792
324857
325502
325593
325696
325738
325749
327550
327553
328376
328384
328772
328857
328864
329448
329621
329660
329704
330504
330810
331031
331210
333210
333402
333403
333689
334539
335960
337506
337666
341340
341765
342955
343313
343416
343572
343668
344278
344318
349894
350732
353840
353870
356402
356706
356771
358796
359758
359777
361910
362257
363288
363671
363717
364031
364111
364545
365773
369411
369429
370247
371284
373967
375565
376456
377243
377495
378898
378974
379500
379826
380669
380951
381268
381325
384063
386175
386804
387202
390041
390306
391249
392105
392170
392399
