298
2093
2858
2999
4113
4859
5238
6018
6845
8723
9073
10256
10292
10846
12537
14364
14444
14694
14948
16990
17501
18390
22251
22351
22802
23268
24844
25464
25655
26288
29134
29191
30192
30459
30605
30965
33555
35083
35720
39604
41853
44905
46810
48441
48877
49721
52869
54705
63519
64618
65950
68431
73663
73863
80423
82112
85828
86698
88324
88699
89145
90656
90713
94390
94432
97789
98168
98249
102422
106936
107798
112108
113574
114002
120619
121048
124460
125749
129302
130558
131682
131873
132118
134569
135614
145935
147032
148149
149277
155630
158860
159607
168469
169611
170955
171313
172113
175118
175431
183823
187522
190738
190740
191596
203903
208601
216489
217397
218832
222153
229029
229679
229865
253436
254452
255561
260528
262156
264812
267899
273331
283490
294914
297684
301986
305554
306049
326144
330348
336641
338370
347701
350102
357111
361075
368478
374736
378552
381020
381724
382036
383440
385369
