302
8235
33536
36286
41746
50294
78921
79308
84218
89135
92634
95074
98178
99691
102822
103876
106918
106919
108859
109368
112414
115312
122425
126328
128623
132248
142054
142751
147769
148526
150673
150807
153405
153427
153605
154482
154734
156038
156074
158879
160799
161777
168936
170488
171027
172478
173657
180349
183090
183257
183363
185305
186530
186787
190312
194310
194582
194644
198122
199005
199079
199859
202065
203620
204380
206344
208724
211605
216924
218233
221930
224040
225695
227123
230205
231264
235719
237012
237295
238992
239607
242858
244237
246226
249427
250448
251565
251687
255811
255826
255959
256832
257497
259834
262041
262619
265262
266582
269437
270139
270154
272464
274957
277359
277434
283069
284201
289020
290721
292411
294565
300289
301690
302458
304858
307621
310979
311584
312815
314145
316216
316321
316771
318021
320575
320627
324400
324423
324980
324990
325775
325852
327773
327779
328090
330312
330648
332080
334328
335481
337742
340160
340934
345335
345346
348725
359142
359162
361620
362191
362669
363483
367682
367683
371559
376131
376173
378614
383087
384415
384902
385663
386048
388183
390179
392523
392593
