3110
8216
10249
22855
25136
29027
32650
33137
38755
43830
44800
48162
55345
55706
55795
61000
62329
63562
70855
98917
106960
109152
109372
109518
110225
110284
118795
119423
126496
127477
137023
139719
142008
143191
149259
153137
153869
158393
164086
165543
166252
171626
172926
175932
177241
178281
183037
183717
188761
190628
191678
198280
198374
201110
209828
211728
213031
222596
227485
230331
231883
233328
235757
236605
237267
250242
251752
263472
271691
282840
284234
284296
289974
296509
304954
306454
307743
319726
322008
322062
330010
339326
339327
342084
342493
342508
349743
354386
354406
375866
380844
387883
389929
390422
393308
