31811
35025
46325
47771
51188
60108
62613
72770
72899
76299
76656
84375
96060
109959
113334
116296
117365
121762
123836
123931
133194
135262
140054
140789
140884
141787
144694
146233
147423
160214
165767
166865
168029
178740
179433
186957
188519
188563
196722
197137
203793
206801
207589
209379
212614
213043
214448
217346
223910
235529
245557
246034
246723
255106
255474
256525
260133
264240
265069
265118
268182
270906
273175
273958
274754
275794
278439
278746
280259
280725
286001
289000
290412
293290
299361
300923
303756
303822
308395
317112
319188
319604
320177
321413
321429
324277
325736
327948
328615
332571
350146
356588
359416
359884
363336
363361
363664
365668
366519
367859
368351
372113
374254
374647
380492
383798
385924
389748
391320
