31
10571
16708
16712
18318
24478
25906
28959
31791
32950
34846
35534
39636
40734
45513
46471
48717
51965
52686
53366
53391
53415
54240
54674
54808
55958
56286
56313
56864
56874
56932
56997
57253
57272
57331
57425
57515
57889
58418
62128
65492
65866
67261
67834
68085
68315
69119
70016
71638
72975
73201
76756
77716
77745
78150
78455
78698
78862
78986
79478
82038
82468
84085
84898
84972
85063
85141
85671
85672
86053
86171
86308
86318
87926
88155
89805
89828
90910
91161
91724
92000
94187
94218
94219
94225
94263
94313
95363
95465
95558
95931
95946
95956
96527
97236
97333
97541
97738
97775
98955
99267
99269
100048
100233
101600
101609
101634
102150
104184
104346
104596
104978
105107
105232
105504
105522
105552
105821
106013
106056
106669
106676
107029
107862
108715
109055
109265
109403
109428
109641
110681
111244
111690
112764
113367
113507
114190
114533
114712
116194
116300
116376
116542
116594
116628
116638
116916
116993
117371
117507
117572
117791
118979
119033
120863
121642
121759
121786
123698
123842
123939
124079
124089
126725
127322
128293
128418
128613
128685
128743
129220
129262
129314
130239
130246
130332
130336
131295
131326
131376
132932
133015
133045
133608
133915
134092
134504
134852
135178
135252
135336
135346
136028
136293
136486
138539
138629
138742
138805
138863
139560
140471
140582
140820
140859
140977
141091
141318
141336
141347
143645
144360
144648
144672
144792
144968
145272
145522
146101
146110
146132
146250
146261
146627
148009
148102
148351
148465
149173
149182
150137
150267
151267
151404
151470
151479
151500
152806
153241
153280
154150
154177
154216
154823
155296
155335
155873
155905
156685
156689
157074
157403
158572
159291
159523
159525
159532
159848
160037
160146
160362
160367
160877
161094
161197
161420
161463
161608
161733
161873
162455
162471
162916
162941
165037
165137
165940
166684
166727
168154
169165
169185
169227
169320
170127
170139
171120
171148
171391
171892
171973
172047
172410
172418
173018
173166
173500
174368
174472
175300
175453
176546
176553
176609
177061
177064
177118
178672
178722
178729
178752
179299
179477
179478
179525
179536
179582
180178
181930
182129
182953
182955
183500
184509
185463
185649
185689
185708
186356
186374
187541
187847
188183
189035
189071
189144
189152
189207
189321
189823
189949
190357
191470
192097
192579
192585
193113
195640
195803
195985
196035
196036
196072
196077
196172
196173
196809
196927
196986
197058
197325
197497
201247
201748
201879
203711
203722
203864
203884
204963
205217
205496
205499
205514
206192
206200
206266
206278
206628
206681
206689
206800
206827
206855
206885
207385
207562
207839
208037
208186
208331
208348
208351
208424
208463
208536
208960
208970
208978
208982
208983
208992
208998
209010
209390
209415
209416
209424
210688
210694
210913
210943
211486
211730
211732
211856
211886
212743
214087
214490
215149
215510
216012
216300
216472
216635
217121
217243
217265
217311
217665
217668
217672
218063
218089
218285
218959
219303
220362
220432
220438
220441
220835
221428
221981
222067
222179
222215
222241
222382
223302
223357
223459
223460
223688
224984
226056
226079
226083
226400
226524
227060
227061
230206
231468
231986
232079
232242
232252
232263
232286
232318
232517
232594
232667
232687
232971
233044
233058
233566
233653
234226
234261
234265
234384
234844
234847
235281
235291
235406
235433
235495
235497
235504
235568
235919
235979
235994
236016
236038
236098
236671
237331
237519
237622
238280
238283
238309
238352
238368
238383
238396
238397
239739
240055
240093
240269
240279
240291
240449
240516
240531
241020
241506
241536
241839
241841
241886
241971
242065
242133
242220
242304
242353
242373
242382
242410
242435
242599
242617
242657
243226
243446
243470
243644
243799
243812
243926
243930
243973
243980
244006
244260
244323
244567
244614
244620
244628
245015
245024
245035
245060
245095
245277
245339
245340
245348
245431
245452
245554
245824
245948
246089
246131
246184
246251
246319
246491
246580
246702
246925
246936
246987
247041
247175
247196
247434
247503
247516
247617
247642
247701
247718
247784
247942
247975
247977
248014
248085
248172
248331
248341
248363
248385
248436
248492
248528
248548
248863
248946
249080
249191
249261
249374
249412
249414
249435
249523
249788
250094
250096
250562
250787
250935
251519
251628
251782
251876
251934
252197
252899
254111
254134
254170
254174
254255
254319
254342
254392
254413
254414
255421
256849
257014
257291
257336
257480
257918
257970
258005
258040
258154
258602
258666
259286
259416
260114
260230
260472
261373
261374
261392
261408
261488
261740
261858
262436
262590
263074
264207
264411
265062
265077
265399
265445
265461
265486
266045
266051
266433
266650
266897
267062
267113
267160
267164
267775
268183
268197
268213
268234
268457
268716
269379
269530
269903
270801
271164
271733
271946
271975
272042
272058
272070
273162
273271
274062
274225
275304
275428
275800
275808
275814
275893
275948
275951
276255
276277
276346
276473
276599
276665
276693
277040
277077
277078
277110
277726
277749
277925
278145
278434
278480
279025
279602
279656
279914
279915
279931
280183
280680
280724
280932
281023
281067
281107
281361
281705
281756
282444
282739
282833
283022
283160
283188
283215
283219
283417
284094
284339
284384
284636
284657
284660
284934
285020
285260
285582
285862
286611
286618
287111
287480
287539
287554
287556
287643
287694
288090
288498
288565
289165
289228
289375
289814
289978
290019
290066
290127
290178
290497
291266
291299
291368
291616
293266
293538
293641
293947
294723
295089
295744
295822
296117
296507
296834
296937
297436
297502
297825
297918
297944
298725
299301
299327
299331
300132
300977
301006
301367
301438
302075
302091
302816
302860
303211
303864
303898
304288
304731
305343
305431
305441
305528
305841
306174
307344
307413
308381
308510
308769
309164
310523
310539
310540
310546
311468
311494
311517
311519
311908
311988
312429
312968
313157
313161
313164
314362
314372
314499
314564
314576
314589
314956
315128
315144
315169
316555
316940
316948
316982
316985
317761
317804
317805
317840
318161
318167
318231
318276
318609
319202
319384
319503
320241
320242
320756
321735
321912
322016
322165
322190
322972
323326
324133
324176
324200
324243
324316
324732
324808
325519
325992
326754
327037
327063
327094
327508
328377
328453
328457
328778
328804
328980
329568
329739
329873
330210
330217
330218
330775
330796
330814
331020
331167
331303
331448
331748
332208
332227
332584
333170
333686
334056
334070
334124
334914
335190
335208
336366
336553
336881
336939
337102
337267
337505
337509
337520
337783
337842
338395
338971
339001
339462
339569
340601
340619
340630
340658
340756
340824
341569
343081
343099
343118
343464
343542
343665
344230
344267
344363
344380
344589
344603
344613
344614
344837
344855
344866
345065
345695
347234
347333
347743
347783
348801
349024
349051
349307
349399
349470
349491
350100
350112
350573
350773
350789
350822
351209
351536
351588
352103
352123
352632
353550
354706
355552
356203
356384
356712
356829
356996
356998
357200
357221
357236
357332
357343
357793
357899
358459
358461
358914
358939
359342
359442
359469
360288
360898
360920
361002
361054
361525
361938
362308
362403
362461
363269
363315
363521
363712
364154
364499
364548
364810
364866
364993
365275
365392
365598
365983
366199
366485
366670
366719
366930
367034
367224
367234
368051
368112
368200
368308
368822
369405
369560
369832
370380
370381
370658
370662
371314
371793
371829
372213
372450
372655
372683
373742
374629
375077
375503
375556
376555
376588
376774
376855
377116
377305
377554
378423
379425
379471
379792
380222
380227
380537
381269
381334
381602
381689
381947
382736
384258
384268
384597
385287
385417
385523
386224
386249
386595
386846
387556
387865
388296
388829
389293
389298
389451
389578
390389
390398
390820
390856
390984
391032
391071
391298
391333
391708
391756
392283
392412
392444
392537
392538
