375
973
1070
1306
1567
1832
2211
2414
2967
3419
3471
3871
3902
3967
4436
4840
5092
5434
5959
6033
6079
6392
6546
6869
9072
9180
10388
10555
11618
12235
13808
13817
14039
14274
14350
14942
15105
15119
15637
16195
16213
16522
17137
17838
17861
18134
18219
18864
18893
19650
19696
20097
20206
20433
20679
21555
22071
22094
22095
22291
23617
23936
24178
24307
25145
25559
25791
26076
26364
26647
27920
28016
28904
28949
28990
29055
29931
29948
30401
30482
31003
31309
31319
31738
31753
31788
31809
32244
33074
33666
33746
33776
33818
34096
34112
34275
34573
34719
35302
36289
37075
37337
38559
38622
38928
39208
39606
41290
41382
41399
41906
42368
42451
43139
43173
43179
43775
43936
44432
45210
45502
45666
46564
46670
47710
47890
47901
47940
48302
48447
48842
49662
50940
50965
51016
51801
51878
51920
52676
52695
53385
53410
54503
54624
54629
54651
55470
55929
55961
55967
56190
56306
56866
56906
56936
56960
56994
57007
57034
57870
59763
59781
59795
59926
60249
60712
61753
61957
62036
63056
63121
63498
63517
64795
66050
67102
67133
67134
67170
68098
68266
68560
68861
69014
69980
71166
71693
72440
72669
72879
72882
72897
72911
73467
73965
73974
74461
74465
74477
76318
76365
76728
76765
76780
77780
77818
77878
78676
79119
79486
81917
82030
82352
82525
83136
83175
83176
83206
83475
83661
83706
84325
84648
84773
86156
86245
87919
87944
89460
90245
90847
91158
91168
91192
91194
91201
91652
92026
92034
94185
94264
95247
95436
95497
95685
95997
97307
98984
99191
99823
100329
100905
101710
101929
102272
102324
104046
104667
105792
105992
107151
107659
108932
108954
108971
109114
109699
109768
111586
111617
111738
111903
112886
113783
113932
114735
114748
115025
115077
115128
115679
115791
116321
116342
116468
117659
118109
118856
118948
119773
123469
123640
123822
123827
123925
126978
128224
128269
128843
129116
130358
131391
132770
132843
132888
132947
132953
132971
133549
136920
138819
138875
140297
140622
140718
141013
141097
141332
143620
144479
144865
145487
146263
146822
146918
148355
148459
149091
149168
150043
150661
152862
153159
153240
154215
157211
157437
158762
158782
159813
159969
162171
163487
164137
164576
164658
165116
165717
165741
165902
167457
168043
168299
169341
169345
169359
171189
172392
175022
175737
176066
176590
177925
178746
179462
179494
181063
182841
182877
182925
184452
184923
186940
187732
188523
188943
189206
189824
191175
191467
193112
195733
195750
195802
195823
195868
195940
197121
197162
199720
200020
201844
204201
206704
206814
208374
210432
210711
210866
213005
213422
214417
214699
214719
214970
216286
216417
217351
217664
218299
220682
221441
222181
223436
223438
223917
226559
227009
230701
231384
231969
232375
232598
233477
234428
234768
235483
235922
236796
237605
239736
239836
240045
240052
241520
241797
241798
241845
242132
242603
242742
244028
244123
244161
244486
244624
245500
245506
245521
246047
246362
246609
246656
247136
247186
247562
248027
248268
248425
248752
248796
249351
249454
250515
250714
252906
254212
254375
255275
255306
257618
260397
260407
260433
261694
262949
263066
263663
264009
264165
267553
267810
268799
271274
274568
274973
275526
276596
278479
278941
279085
279803
280716
282622
282809
283719
284652
284823
285076
285832
286953
289919
294231
294593
294903
296336
296724
297790
299339
299905
300083
300929
300944
301546
302832
303802
306143
308468
308481
308523
308531
309149
311539
311945
313630
316246
316503
316547
316548
316972
317919
318226
319333
320004
321065
321187
321442
324773
324854
327567
328872
330801
332250
332995
332998
334168
334995
335213
336585
336961
337877
340760
342989
344010
344824
344864
346861
346875
347014
347829
349909
350194
351597
351598
352008
352588
353319
354769
355227
359411
359479
360059
361507
362531
362829
362843
362854
362938
363417
365381
365399
365456
366194
368352
368538
370389
372296
374250
375116
377943
378489
378838
381189
381662
381898
381986
383772
384145
385058
385159
385626
385856
385907
386243
386540
386934
387194
387197
387407
388786
389096
389541
389695
391106
391288
392177
