3827
7849
8811
11639
11937
11968
12380
12539
17269
17799
17959
19075
19265
20347
21953
22430
23812
24271
26320
27533
27581
28026
29117
30327
32670
33614
35000
35580
35948
36302
37594
38268
39587
40727
41024
41845
43847
44400
46955
48545
49465
50382
54208
57770
58028
58498
59574
61590
61612
61647
62204
62315
62317
63726
65343
65685
66852
67276
68125
70803
71307
73392
75719
78387
78657
79204
81500
81813
81853
82477
82765
83002
83545
83561
83688
84611
85466
87188
87997
88564
88681
89066
89218
89647
89949
90614
91118
93293
93566
93878
94138
96758
97108
99112
99752
100132
100174
101564
104228
105138
105216
105254
107885
107932
108753
108833
109012
109650
110144
110255
110274
110389
110401
110666
110931
111053
111118
111161
111165
111372
111408
111554
112530
112766
112782
112988
113129
113342
115434
115449
115580
116065
117048
117781
117799
117807
118720
119415
119420
119682
120077
120602
122649
122703
122722
123028
123341
123415
123647
125080
125861
126388
126790
127294
128726
128943
131208
133696
133871
135896
136005
137096
138172
139515
139519
139538
139928
139970
140076
140480
140679
141573
142796
142866
142871
143070
143579
144566
144636
144904
145264
145316
146621
146799
147355
147675
147752
148996
150560
151110
151235
152029
152343
153891
153919
153978
154040
154868
155365
155805
156490
156527
156532
156536
157343
157895
158478
158892
159279
160342
161368
161393
162869
163938
163959
165030
165648
166428
167205
167252
167257
167258
167479
167851
168253
168668
168695
169807
169955
170010
171080
171388
172244
172333
172680
172892
173135
173840
174408
174423
175676
176260
176952
177032
177540
177559
177582
178163
178177
178452
178932
179269
181599
181639
181777
182486
182577
183329
183473
183499
183984
184573
184674
184897
185114
186157
187219
187452
188304
188776
188794
188912
190206
190409
191121
191844
192322
192362
192703
192819
195441
195447
196633
196840
198278
198405
198519
199418
199576
199587
200012
200081
200260
200284
201539
201561
201564
201580
201636
201668
201676
201723
202200
202263
202279
202924
202930
203714
204048
204114
204502
204509
204757
206031
207075
207217
207222
207223
207271
207357
208124
208143
208869
209345
209752
211302
211402
211408
211721
212168
212230
212571
212693
213294
213296
214304
215389
216626
217436
217441
217442
217444
217601
217619
218618
219013
219789
219805
219812
221207
221637
221976
222272
222299
222707
222792
222801
222834
223296
223667
223727
224477
225271
225939
225964
226723
226781
227958
229099
229548
229635
229695
229752
229912
229964
230112
230114
231341
232548
232604
232646
233421
233427
235166
235280
235304
235745
235810
235841
235913
235954
236571
237090
237918
238185
238247
238294
239569
240163
242469
242516
242641
243056
243120
243480
243844
244533
244866
244898
245307
245356
245691
245713
245916
246314
246507
246777
248347
248540
248611
248768
248803
249250
249533
249912
249922
249925
250501
251177
251186
251389
251456
252460
252509
252569
252951
254068
254734
254736
254746
254770
256046
256198
256833
256922
257530
259306
259356
260699
261441
262115
262635
262743
262822
263008
263413
263554
263573
263713
264090
264703
265360
265609
265758
265771
266742
266849
268059
268105
268473
268525
268526
269113
269801
270453
270462
270526
272483
272841
273077
273731
274352
274374
274402
274500
274614
274918
274936
275096
276156
276990
277723
277790
278180
278245
278728
278777
279142
280308
280339
280348
280351
280361
281013
281565
281651
281714
281889
282210
282588
282877
283868
284584
284818
284970
285088
285332
286149
286662
287056
287091
288020
288319
288334
288445
288483
289226
289911
290018
290098
290236
290293
290350
290374
292147
292536
292584
292822
292848
292920
292937
293093
293110
293230
293373
294160
294581
294653
294756
294961
294980
295124
295575
295819
297248
297360
298648
300488
300521
300580
300751
300804
300814
301236
301256
301967
302748
303582
303591
304331
305187
305228
305260
305282
305328
305598
305713
305824
306353
307483
308979
309005
311633
311649
311762
311770
311773
311854
312278
313213
313235
313236
314791
314973
315653
315744
316232
316270
316376
317151
317905
318790
318792
318804
319401
319901
319954
320771
320937
321097
322054
322085
322424
323847
323996
324630
324634
324645
325349
325470
327262
327315
327345
327365
327412
328536
328746
329157
329161
329807
330036
330040
330074
330076
330106
330411
330450
330468
330643
330961
330986
331263
332190
332195
332392
332564
332885
332923
333675
333792
334742
336225
336360
336500
336675
336919
337177
338650
338669
338671
338678
338776
338783
338797
339351
339399
340440
340444
340523
342495
342969
344696
344780
345882
345912
345915
346054
346599
346628
346676
346704
347081
347441
349215
349733
349778
349799
350468
351845
352244
353010
353101
353528
353544
353566
353621
353764
355000
355073
356482
356540
356767
356838
356839
356842
356952
357080
357283
358196
358221
358674
358693
358727
358742
359258
360842
361240
361268
361296
361341
361393
361770
361784
361811
363931
364270
364424
365562
365613
366872
366938
366973
367821
367823
368019
368746
368793
369007
370754
371721
371770
372481
372567
372589
373074
374098
374150
374440
375913
375987
376145
377408
377847
378334
378746
379383
379633
379809
380903
381438
381523
381598
382228
382239
382377
383938
383998
384497
384846
384975
385022
385466
386109
386441
386824
387051
387303
387645
387674
387758
387910
388587
388610
389512
390026
390038
390114
390248
390933
391521
392053
392073
392359
392850
