3
15335
24690
30093
31220
32326
35100
36521
37986
39577
41181
41432
41623
41914
42491
46668
47215
48540
49136
51576
53180
55101
55181
58183
58938
60119
60811
65981
66470
69040
69332
71216
71670
76133
76620
78158
78184
78728
79193
79981
81162
81440
81516
81698
82207
82893
84094
84364
85196
85422
85662
87120
87619
87681
90430
90554
90702
93008
93437
95391
95782
95861
96070
96834
96865
96878
96966
98931
99900
100060
100545
101039
101611
101707
102199
102989
103516
103639
104223
104626
104778
104801
107784
107863
107985
108456
109712
109867
109984
110653
110675
113386
113627
115765
116430
116848
117089
117624
117766
117895
117977
118254
118371
118787
119397
119449
119706
120233
120368
120821
120828
120839
120841
122216
122266
122442
122470
122599
122790
122840
123048
123147
123293
123361
123614
123755
126204
126470
126471
126957
127008
127022
128108
128841
129462
129911
131010
131304
132367
132424
132490
132506
132603
133519
134511
134900
135927
135952
136608
136836
138460
139288
139446
139738
139765
139838
142206
142709
142775
142912
143268
143387
143569
144704
145301
146337
146499
147310
148679
149435
149496
149608
150982
151035
151830
151853
153839
154566
155205
155255
155539
155714
156448
157188
157497
158565
158733
158981
159349
159416
159445
160235
160317
160872
161039
161256
161609
161689
161784
161794
161964
162127
163270
164107
164952
165067
166466
167352
167904
168131
168450
168594
168997
169700
169931
170424
170916
170966
171304
171641
171642
171655
172624
172724
175749
175941
175958
176761
177374
177585
178240
178639
178641
179212
179632
179725
179762
179871
179919
179989
180015
180748
181302
181309
181427
181725
182113
182182
183361
183368
183378
183774
184159
184176
185629
185877
185879
186056
186188
186229
186559
187802
188497
189454
190044
190104
190650
190651
191328
191357
191729
192352
192643
192645
192656
192673
192930
193387
193546
193582
193604
198574
199691
199701
199896
199954
200208
200263
200272
200288
200489
201158
201658
202501
202724
203934
203956
204149
205426
206460
206507
207221
207240
207287
208054
208091
208913
209100
209237
209711
209782
210512
210818
211569
211679
211708
212269
213049
213133
213759
213978
214573
215021
215261
215708
215954
215957
216096
216098
216563
216668
216975
217419
217428
217774
217996
218026
218027
218347
218377
218631
218733
219387
219814
220552
220554
220571
221070
221085
222234
222262
222268
222270
222278
222820
223641
224238
224316
224935
225568
225569
226699
226803
227489
227513
227585
228021
229098
229515
230075
230094
230370
231330
231890
231916
231942
232164
232804
232823
233025
233178
233282
233350
234715
234744
235138
235790
236524
237048
237230
237583
237584
237595
237894
237907
237910
239062
239081
239852
239857
239959
240229
240675
241388
241709
241942
242359
242911
243909
244366
244510
244902
245233
245831
245855
245959
246257
246260
247125
247496
247501
247690
248272
248280
249390
249452
249546
249596
249863
249873
250454
251165
251181
251197
251302
251631
252011
252240
252271
252282
252291
252306
252594
253190
253301
254666
255813
256182
256229
256481
257830
258065
258071
258072
258081
258119
258147
258216
258228
258247
258372
258474
259167
259240
259288
259300
259333
259977
260025
260054
260082
260634
260661
262239
262438
262637
262657
263416
263426
263932
264690
264752
265605
266335
266385
266416
267041
267065
267194
267378
267397
267414
267419
267448
267756
268020
268168
269028
269251
269684
270362
270398
270438
270467
270507
270509
271652
271787
271915
273855
273927
273940
274495
275145
275532
275562
275564
276488
276520
277137
277345
277527
278386
278476
278595
278834
278960
278994
279599
280148
280152
280299
280372
280930
281010
281137
281273
281819
282039
282041
282352
282756
282868
282929
283357
283800
284917
285214
285275
285277
285279
285334
285656
285921
286798
286815
286839
286909
286911
287098
287273
287323
288146
288257
288308
288394
289156
289337
290758
291407
291513
291713
291882
293880
293946
294026
294597
295003
295362
295468
296713
297296
297312
297526
297528
298182
299149
299150
300461
300539
300793
301260
301704
301958
301970
301972
302109
302566
302708
302801
303051
303054
303099
303100
304130
304154
304226
304896
305742
305772
306624
307050
307422
307451
307477
307883
307963
308239
308285
308785
308938
309496
309497
309500
309610
309622
309914
310068
310793
310802
310843
311016
311077
311302
311608
311619
311623
311709
312286
312361
312973
313539
313545
314209
314717
315410
316084
316637
317000
317024
317626
318027
318073
318092
318685
319562
319617
319632
320867
320945
322656
322721
322739
322797
322826
323113
323129
323133
323156
323170
324458
324530
324593
325300
325580
325756
325774
325793
326341
326360
326440
326713
326720
326724
326729
326983
327854
328352
328356
328602
328906
328909
328962
329602
329852
330099
330708
330841
331130
331138
331154
331429
331781
331783
331788
331938
332386
332544
332567
332591
332655
333017
333490
333661
333669
333760
333820
333900
333906
333925
334025
334033
334737
334757
335065
335146
335780
335824
336146
336313
336357
336796
336847
337170
337174
337188
337198
337321
337331
337336
337338
337996
338035
338037
338492
338498
338527
338562
338694
338701
338737
338800
338846
339468
339475
339501
340382
340450
340938
341051
341080
342091
342280
342438
344691
344763
344994
345013
345454
345482
345737
345839
345867
345899
346451
346880
347118
347363
347530
347556
347606
347964
347975
348004
348034
348042
348056
348067
348350
348955
349284
349747
349861
350277
350505
350859
351136
351149
351168
351449
352158
352197
352966
352998
353859
354440
354445
354453
354467
354491
355306
355377
355465
356113
356120
356124
356132
356137
356143
356166
357452
357680
357696
357697
358174
358660
359235
359313
359319
360067
360196
360297
360328
360331
360624
360630
360640
360843
361237
361712
362159
362215
362255
362647
363173
363589
363600
363603
363614
363817
363845
363885
363889
363950
364338
364861
365244
365258
365483
366372
366379
366740
366937
366969
366975
367307
367624
367774
367929
368116
368573
368576
368735
368974
369079
369092
369096
369344
369349
369376
370052
370055
370183
370473
370712
370718
371059
371852
372004
373166
373424
373467
373471
373482
373597
374050
374057
374060
374069
375765
375791
376431
376808
377128
377132
377378
377389
377811
378299
378306
380017
380120
380195
380200
380284
380567
380572
380575
380619
380641
380892
380927
381968
382594
382951
382978
382983
383306
383858
383890
384086
384556
384772
385336
385365
385588
385827
386325
386779
386835
386958
387441
387550
387669
387874
387934
389031
389058
389506
389525
390098
390542
390650
390678
390888
390900
390909
390940
391990
393249
