eccentricity	inclination	object_name	semimajor_axis
0.0778972	20.8684853022	434	1.9442639
0.08341	20.8470499802	1103	1.9336166
0.0754508	20.9799541812	1919	1.9360103
0.0870464	20.6887706421	1920	1.9299628
0.0831303	20.9905275467	3483	1.9326262
0.080599	20.6620394284	3880	1.9472896
0.0712032	20.6237788013	4031	1.9341921
0.0664605	20.9828444465	4464	1.9523624
0.0804514	20.2779143327	4690	1.9374772
0.0764338	21.2018700766	4765	1.9454201
0.0789089	20.9925588478	4868	1.9605854
0.0729353	21.213319696	5378	1.9341529
0.0849948	21.1625130146	5427	1.9316952
0.0653106	21.5232469327	5477	1.9172256
0.0755211	20.5532584678	5558	1.935404
0.0727603	21.01443851	5967	1.9416692
0.0865474	21.2687120196	6029	1.9271976
0.0912716	20.7324877057	6163	1.9271567
0.0838814	20.9453183003	6250	1.9326554
0.0835482	21.3780948979	6435	1.9194607
0.0727308	21.1245668647	6447	1.9520329
0.0656847	20.9280555068	6461	1.9525539
0.0675966	20.4549992231	6517	1.9261022
0.0703135	21.1023086603	7488	1.9587848
0.0815214	20.3305082783	7560	1.9550376
0.0750406	20.6463274668	7579	1.9784506
0.0771033	20.9403061186	7781	1.9566373
0.0797444	20.2027351624	7783	1.9343132
0.0662588	20.7611492317	7829	1.95193
0.0752372	20.9634236743	7959	1.9428891
0.0693814	20.5012000735	8404	1.9680951
0.0710462	20.9363553862	10531	1.9618862
0.0712459	21.1000240667	10667	1.9641416
0.0802147	20.3326713113	11058	1.95401
0.0817651	20.2614537556	11217	1.9439826
0.0665476	21.0435529509	11304	1.9291342
0.0682467	20.9415821538	11833	1.9628124
0.0648138	20.9200750512	12267	1.9284404
0.0695656	20.9988308942	13186	1.9477741
0.0824159	20.6786961269	13245	1.938104
0.0777153	21.7646491738	13478	1.9225057
0.0814634	21.1603135066	13578	1.9439782
0.0829594	21.0228413985	14395	1.962706
0.0774939	20.653711764	14764	1.9487105
0.0661008	20.815779262	15692	1.9262387
0.0751695	21.131593879	15822	1.9480057
0.07912	20.5325406658	16585	1.9235301
0.0661454	20.9156648203	16589	1.9338703
0.076848	21.1887867618	17083	1.9580293
0.0848308	21.0816564736	17259	1.9550371
0.0723218	21.5305763948	17657	1.9272766
0.0611814	20.8354138906	18626	1.9130609
0.0713506	21.2221702519	20043	1.9692248
0.0927171	21.0238848874	20136	1.930558
0.0721308	20.7026004582	21261	1.9432162
0.0753165	21.4430411774	23452	1.9616192
0.0781005	20.8466821238	23715	1.9312621
0.0686912	20.9802548644	23998	1.934517
0.0671944	20.989140632	24042	1.954891
0.0816006	20.2824405342	24077	1.9610962
0.073319	20.7868070716	24465	1.9254115
0.0660179	21.0556656942	24481	1.9191307
0.0936247	20.5077698712	24687	1.9513795
0.0739055	21.1615115586	24702	1.9447553
0.0760006	20.9971493217	24778	1.9471427
0.0790081	20.8616975284	25076	1.9245497
0.0697241	21.4531121915	25337	1.9192126
0.0634893	20.8488708828	25340	1.9677777
0.0781339	20.7768669756	25884	1.9543197
0.0753065	21.4776955287	26383	1.9417468
0.0926571	20.9824762568	27266	1.9196041
0.0740175	20.5447898952	27298	1.9556161
0.0854404	20.8136951869	27601	1.9340573
0.083503	20.9194064543	27713	1.9313485
0.0738582	20.9111197806	27810	1.9342418
0.0789535	20.9622088093	28441	1.9363236
0.0754476	20.8446711912	29298	1.9285176
0.0810574	20.5873883922	29308	1.9261603
0.0901713	21.2174621817	29421	1.9353948
0.0754176	21.6194340082	29996	1.9210667
0.0728397	21.5088539307	30234	1.9097976
0.0721098	20.9973395716	31091	1.9599183
0.0616815	20.7646357948	31182	1.9340244
0.0735642	20.8107591417	31850	1.9285884
0.0740748	20.4389722319	31986	1.9685269
0.0759197	20.6496032094	32504	1.9528471
0.0891616	20.5690097926	32928	1.9313357
0.0746953	20.6243358961	33319	1.9450055
0.0780797	20.6796698654	33326	1.9438411
0.0804253	20.9479624931	33327	1.9730567
0.0675307	21.2106646327	33332	1.9438922
0.0747677	20.8594227423	33339	1.9526956
0.062724	20.8780573813	33831	1.9379356
0.0660548	20.2556089911	33896	1.9252574
0.0791356	20.863316265	35055	1.9411639
0.0828483	21.0662628508	35087	1.932656
0.0659142	21.1676862881	35134	1.9610916
0.0686789	21.0012612296	35669	1.9441883
0.0556138	20.8379948423	36298	1.930965
0.0854874	20.9456434537	36448	1.9091642
0.0744702	20.7929479512	37561	1.9437261
0.069872	20.9677248663	37634	1.9260178
0.0839966	20.6063323568	37651	1.9438382
0.0877116	20.1776448506	37744	1.9631732
0.0697813	20.7877202205	38044	1.932234
0.0648643	20.3195958108	38047	1.9254732
0.0694036	20.4390456061	38049	1.9731186
0.0751263	21.2287101703	38682	1.9701933
0.077728	20.7922554044	39618	1.9320684
0.0815369	20.843696389	39665	1.9308233
0.0764059	21.2278373449	39787	1.9234118
0.0715384	21.0634200864	39791	1.946222
0.0753997	20.6257806791	39866	1.9622694
0.0715508	20.747534636	40229	1.9267914
0.0883773	20.3737808032	40247	1.9442233
0.0836589	21.1688106696	40253	1.9500814
0.0817395	21.0009789159	40256	1.9099932
0.069159	21.0563226223	40264	1.956246
0.0694027	20.7205664037	41685	1.9165511
0.0831127	20.9556376655	43357	1.9238711
0.0794942	21.048513347	43606	1.9360691
0.0755484	21.3338189624	44047	1.9157476
0.0888509	21.1679197655	44588	1.9332314
0.0760003	20.6051203622	45825	1.9527755
0.0822695	21.0275801245	45874	1.9570914
0.0713746	21.049587712	45878	1.9344588
0.0790388	20.3824049801	45898	1.9559194
0.0859515	20.6014538313	45950	1.9598619
0.0741835	20.713852661	46513	1.9104539
0.0694534	20.4749603936	46540	1.9139788
0.0757678	20.6546669729	46559	1.9385876
0.0766163	21.711553118	47143	1.9236353
0.0759929	20.8042130089	47968	1.930577
0.0862291	20.5530565383	47983	1.9652074
0.0875191	20.2315604357	48336	1.9607911
0.0781327	20.7761499903	48527	1.9541652
0.07092	21.0890806134	48601	1.9449577
0.0771271	21.1596438305	48844	1.9644522
0.0761621	20.8473381351	49665	1.9273731
0.0776609	21.1942682163	49667	1.9418009
0.0776712	20.4928628306	49669	1.9236675
0.0831319	20.7777678082	49674	1.9598905
0.0773077	20.6845753979	49678	1.9546643
0.06075	20.7107347922	51385	1.9318833
0.0724471	21.3486437899	51386	1.9530851
0.0805951	20.7037336036	51417	1.9537717
0.0711785	20.8304912004	51418	1.9600004
0.0768961	20.7706225767	51424	1.951461
0.0826921	21.1818614928	51634	1.9089695
0.0821637	21.1282338927	52284	1.9406408
0.0838118	21.0437493991	52529	1.924332
0.0860212	21.0171146159	52748	1.9326719
0.0905304	20.713932293	53422	1.9213183
0.0753896	20.8120340771	53428	1.9299648
0.0820955	20.756130928	53451	1.9659569
0.0608242	20.7188389341	53457	1.9668539
0.0621132	21.2957118803	53522	1.9667311
0.073481	21.2796995225	53530	1.9588429
0.0769448	20.689168737	54234	1.9180288
0.0756351	20.8668603781	54683	1.9369091
0.0772773	20.3838413711	54881	1.9573084
0.0725704	21.6757391535	55720	1.9171352
0.0812347	20.8737832899	55747	1.9766541
0.0886193	21.0464874227	55820	1.9284592
0.0720974	21.7703065906	55854	1.9305273
0.0812702	20.5597937854	55934	1.939159
0.0827261	20.903281291	55964	1.9426042
0.0809821	21.1890202725	56319	1.9343806
0.074655	20.6482990268	56328	1.9519278
0.0700779	20.779618515	56351	1.9394951
0.0681913	21.0273959743	56360	1.9261986
0.0722844	21.307832993	58098	1.9243256
0.0713513	20.5647627719	58107	1.956012
0.0672262	20.5510556147	58345	1.929628
0.0681137	20.4468295902	58920	1.9154291
0.0750823	20.2563968306	59484	1.920177
0.0765393	21.6181335904	59826	1.9191448
0.0821718	20.460661963	60356	1.9435236
0.073856	21.1207095195	60511	1.94759
0.080627	20.8935236183	61097	1.9707661
0.0827003	20.6841711908	63142	1.975817
0.0866437	20.9713818973	63225	1.9289496
0.0809831	20.8931004526	63311	1.9716339
0.0748797	21.1515588055	63440	1.9380998
0.0588007	20.9193205796	63637	1.9346643
0.0810268	20.5040506215	63754	1.9563574
0.0651453	21.0515952605	63762	1.9450525
0.0690826	20.9025637032	63789	1.9376226
0.0756819	21.0338413666	63815	1.9181129
0.0852571	20.8986998282	65288	1.9203774
0.0897848	20.3722894991	65637	1.9370381
0.0832044	20.492764964	65844	1.9421488
0.0873597	20.5404640063	66064	1.9619276
0.0768671	20.5762189828	66153	1.9561486
0.0783621	20.7095587169	66154	1.9528023
0.0772843	21.4059887827	66195	1.941287
0.0767377	20.5282518318	67302	1.9798367
0.0819681	21.0082578707	67389	1.9554697
0.0901328	20.2237628585	67404	1.9641395
0.0793323	20.9235284936	68553	1.9307986
0.0777633	20.1748491487	68570	1.9299322
0.0797863	21.8421573191	68590	1.9155876
0.0873183	20.5352449567	68593	1.9528752
0.0763197	20.5767269437	69142	1.9640037
0.0692636	20.8745681928	69410	1.912085
0.0760285	21.0653787023	69549	1.923105
0.0741847	20.5849279918	69935	1.9373396
0.0840029	20.8645609873	70024	1.9274615
0.07479	21.5607665929	70025	1.9161686
0.091046	20.6904487722	71730	1.9303166
0.0739039	21.8641523485	71734	1.9292536
0.0771179	20.3802168017	71735	1.9102251
0.0791246	20.9549995866	71737	1.959612
0.0691058	21.3511290944	71743	1.9435237
0.0744082	21.2520325042	71744	1.9599952
0.0613688	20.9784323655	71761	1.9686048
0.0699457	21.0537440427	71764	1.9652413
0.0803538	20.7663760427	71779	1.9589474
0.0752708	21.0029060245	71798	1.9792898
0.0689402	20.8662226769	71935	1.9744741
0.0733451	21.006146569	72938	1.9380293
0.0878001	20.8278735963	72942	1.9048475
0.0944404	20.8226140047	72943	1.924488
0.0760263	21.003439973	73076	1.9610623
0.0721979	21.2185562108	73077	1.946341
0.0772917	21.1616037169	73689	1.938709
0.0769923	20.284712847	73763	1.9271493
0.0750862	21.4775539149	73767	1.9393579
0.0762202	21.2545161752	73804	1.9163673
0.0782164	20.6486419094	74426	1.9306457
0.0845117	21.0442221036	74444	1.9169852
0.0694641	21.8126918761	74511	1.9185164
0.0760006	20.8107284944	74512	1.9578927
0.0791455	21.4376181382	74554	1.961664
0.0681024	20.2432850155	74560	1.9242066
0.0755798	20.3753760257	76807	1.9374992
0.0743789	21.1448011445	76815	1.9361535
0.081378	20.6962243766	76816	1.9632314
0.0737661	21.2463214492	76818	1.9298484
0.0715399	21.2496902686	76821	1.9172998
0.0855097	20.5058307117	76827	1.9558609
0.0744187	20.754617504	76832	1.9740331
0.0768218	21.2750695458	76839	1.9697592
0.0745726	20.7528161203	76841	1.9390339
0.0837376	20.9208172585	76843	1.9261965
0.0778333	20.9956396048	76861	1.9510135
0.0792685	20.902526904	76865	1.9551091
0.076837	21.4500772711	76906	1.9622642
0.070263	22.187185402	76929	1.9305624
0.0871903	21.3575147978	77917	1.8996695
0.0685947	21.0954304202	77918	1.9484507
0.0743658	20.2424972426	77960	1.974938
0.0755826	20.8877649878	77970	1.9302372
0.0773413	20.6180365579	77974	1.9839828
0.0685451	21.3363962833	78023	1.9394468
0.0801227	20.5436946445	79135	1.9152946
0.0794438	20.4158182894	79316	1.9425472
0.0692445	20.9640065675	79472	1.9619588
0.0842344	20.3466828762	80024	1.9638132
0.0762951	21.4292592964	80027	1.9117662
0.062961	21.5782146002	80091	1.965391
0.064559	20.8471051588	80096	1.9675962
0.066229	20.8693866827	80100	1.9587585
0.0930252	20.9272335186	80108	1.9240414
0.0751448	20.7068758293	81972	1.9242587
0.0746247	20.4475817164	82045	1.9597407
0.0818983	20.8842142491	82060	1.9240962
0.0701954	20.7430804417	82064	1.9751171
0.0677431	21.1091380854	82066	1.9613798
0.0754537	20.7020430763	82067	1.966735
0.0726734	21.3014310022	82068	1.9700024
0.0786305	20.3049879953	82078	1.9451744
0.080773	20.4967408461	82079	1.9543647
0.0716819	21.276446841	82086	1.9316961
0.0728593	20.5408678324	82093	1.9626195
0.073953	20.4827767797	82151	1.9489802
0.0617695	21.5707410263	82164	1.9174067
0.0887595	20.8739733832	83993	1.9342917
0.0733362	20.963202789	84057	1.9277035
0.070473	20.8340835836	84068	1.9406932
0.0813082	21.0685100853	84069	1.9311899
0.0847512	20.6816908521	84203	1.9609894
0.0722367	21.5585549368	85047	1.9077082
0.0695813	20.7403540738	85095	1.9258185
0.0837225	20.7029312133	85563	1.9451235
0.0774388	21.1504345551	86035	1.9360098
0.0838373	20.9699767523	86217	1.9569864
0.0745624	20.7893381624	86263	1.9388646
0.0719434	21.2193306407	86294	1.9746644
0.0672496	21.6831318373	86296	1.9176232
0.0698961	21.215802715	86321	1.9300136
0.0771091	21.0924090082	86329	1.9780083
0.0651032	20.6154471095	86374	1.9309551
0.0717143	21.0621491488	86383	1.948551
0.0785086	20.8302398594	86420	1.9491994
0.073911	20.4438944989	88197	1.9596971
0.0665983	20.7607141829	88206	1.9143067
0.0683298	20.5714087383	88243	1.9207689
0.081775	20.736249298	88256	1.9535785
0.0893277	21.0688293673	89993	1.9388193
0.0728945	21.5166199392	90005	1.9113019
0.0676026	21.2015074891	90162	1.9430107
0.0966117	21.1851735375	90206	1.932656
0.0820251	21.063432366	90211	1.9742789
0.0728899	20.8237603103	90251	1.956388
0.0713208	20.8200700956	90809	1.926245
0.0823013	20.5545373609	90866	1.9447559
0.0660391	21.1175340414	91037	1.9129031
0.0689343	20.805702413	91043	1.9246345
0.0730078	20.7787605686	91091	1.9157821
0.0641448	21.5934586823	92036	1.9159922
0.0824433	20.9084026365	92154	1.9355677
0.0716195	21.2089007629	92206	1.8963543
0.0671787	21.4215287172	92207	1.918807
0.0756391	20.6281743962	92220	1.968712
0.0745363	21.0112161984	92222	1.9798119
0.0784715	20.8541743106	92227	1.971188
0.0765976	21.0229764379	92264	1.93146
0.073939	20.5781896356	92266	1.9464036
0.0864281	20.8865875315	92292	1.9588581
0.0795941	20.8643463793	94336	1.9548742
0.0703706	21.1367722154	94339	1.9645211
0.0799394	20.6637968688	94347	1.9353012
0.073589	20.85812288	94354	1.9515257
0.071847	21.1143524894	95741	1.9508391
0.0748462	20.4735292674	96218	1.9355314
0.0805922	21.4585234943	96323	1.9185524
0.0764733	21.408979707	96596	1.9642361
0.0727147	21.1401753962	97208	1.9533846
0.0713975	20.7335108006	97289	1.9184187
0.0899421	20.7097669796	97342	1.9094226
0.0748366	21.6721446827	97415	1.9076978
0.0839775	21.433931079	97429	1.9188744
0.0863612	20.904084748	97517	1.9401399
0.0745091	21.6021166061	97649	1.9188811
0.0794137	20.6495787176	97759	1.9401544
0.0762071	20.7315320066	97779	1.9470413
0.0801474	20.4012808365	97784	1.9226237
0.0618159	21.2979564554	99270	1.9158275
0.0721646	20.9322698005	99281	1.9236614
0.0720893	20.7278072882	99285	1.9537103
0.0677407	20.686026878	99298	1.9195405
0.0688005	20.9110707121	99310	1.9249696
0.0826985	21.0392925446	99312	1.9089893
0.0803998	20.9772603325	99324	1.9586333
0.0666738	21.6708992781	99325	1.9148388
0.0862517	20.6205281017	99388	1.9511921
0.080624	20.911199517	99395	1.9400365
0.076608	20.3738847061	100000	1.9048492
0.0832272	20.4705202764	100404	1.9108657
0.0794794	21.8376821803	101331	1.9118935
0.0834984	20.6868536767	101455	1.9290033
0.0639569	21.0810915418	101608	1.9672468
0.0830891	21.1620890846	101745	1.9369279
0.072873	21.3464784104	101797	1.8988688
0.0817822	20.7542988904	101805	1.939916
0.0798446	20.9091202522	101806	1.9327045
0.0702572	20.4314821279	101809	1.9148265
0.0858489	21.5134050939	101813	1.9477573
0.081248	20.5542069282	101815	1.9619108
0.0616839	20.8784743724	101820	1.9308471
0.0722143	21.2205291712	101821	1.9512575
0.0849424	21.5331387141	101860	1.9452881
0.0723897	20.6299987891	103542	1.9727705
0.0718782	21.1029780775	103803	1.9556269
0.0699039	21.0085892987	104446	1.9667711
0.0804334	20.5225988305	105122	1.9648907
0.0658439	20.8448612477	105217	1.9653763
0.0670801	20.3532827451	105279	1.9067782
0.0792077	21.1227794518	105311	1.9401573
0.0885221	20.3325796567	105377	1.9400678
0.0570574	20.923473287	105536	1.9355542
0.0741289	21.2732803109	105556	1.8932602
0.0775941	20.3448374077	105613	1.9225832
0.080542	20.7321201284	105633	1.9258707
0.0794034	21.0478994276	105844	1.9422569
0.0650277	21.1059997045	105947	1.9388777
0.0780553	21.1012032074	105948	1.964712
0.0831417	20.2122046007	106111	1.9587911
0.0755319	21.0904009087	106120	1.9645836
0.0792525	21.0937354742	106196	1.9325958
0.0746842	20.8987672919	106458	1.935448
0.077346	20.7209339529	106540	1.9197316
0.0817569	21.1656218723	106613	1.9205501
0.0774983	20.8733233877	106671	1.9265501
0.0677622	21.1597359876	106761	1.9315969
0.0718546	21.1614194004	106815	1.9696132
0.0750544	20.88937174	106820	1.9347202
0.0786439	20.2186827367	106821	1.9222375
0.0867102	21.1275090793	106829	1.9251421
0.0840892	21.3242912646	106866	1.9076492
0.0783605	20.3559411053	106867	1.9423562
0.0706321	20.4751683361	107148	1.9549289
0.0689431	21.1894442798	107502	1.9703806
0.076624	20.7575953486	107640	1.9572233
0.0805667	21.1457226256	110577	1.9443867
0.0796727	21.3390720701	111243	1.9195596
0.0718443	20.3630241781	111247	1.9688915
0.0795697	21.0000706058	111564	1.9233255
0.0685508	20.8961607646	111628	1.967415
0.065873	20.5612012405	111664	1.9174938
0.0730688	20.549158739	111692	1.9169309
0.0900359	20.4730705759	111753	1.9527883
0.0678035	20.6095460253	111772	1.9283222
0.0614074	21.2197240035	111824	1.9688303
0.0672524	21.1546858639	111832	1.9613965
0.0869832	21.6039160403	111867	1.885966
0.0799547	21.298608311	111895	1.956855
0.0874244	20.9722900329	111898	1.9202736
0.0678392	21.4490307615	111914	1.9307672
0.0730989	20.3118060262	111934	1.9724489
0.0784712	20.5479777927	111997	1.9622355
0.0754891	20.6847530045	114645	1.9732672
0.0759843	20.5840160624	114716	1.9281756
0.079764	20.5778346714	114792	1.9529276
0.0749405	20.6660809594	114797	1.9670913
0.0797821	20.5534787548	115199	1.9607325
0.077756	21.439803334	115216	1.9238502
0.0743493	21.4945608788	115457	1.9188283
0.0776583	21.228869984	115900	1.9379322
0.0858196	20.9876984998	116757	1.9519569
0.0605367	20.6151104233	116827	1.9354593
0.0819758	20.9306380512	117323	1.9575895
0.0661262	21.3266961964	117773	1.9700859
0.0810494	21.4554638365	117874	1.9494571
0.0837195	20.8479634943	117997	1.9283643
0.0805216	20.6323191055	118380	1.9200225
0.0730482	21.432853909	118381	1.8997486
0.0781888	20.8340284098	118411	1.9651572
0.0787977	20.6613046161	118959	1.9641429
0.0778521	21.2665539663	118966	1.9641389
0.0782581	21.4071149877	118981	1.9265117
0.0854447	20.3421547959	118988	1.9560112
0.0696062	20.7877815059	118994	1.9219093
0.0834062	20.7156719578	119012	1.955603
0.074114	20.8217496838	119955	1.9155983
0.077951	21.0725932622	119961	1.9278269
0.0827286	20.8117153422	120184	1.9291735
0.0848011	20.4767646101	120217	1.9349073
0.0702128	21.0639358323	120219	1.9480269
0.0721496	21.0069505787	120237	1.911002
0.0752806	20.7733678744	120544	1.9256817
0.0749792	21.2587212978	120808	1.9773788
0.062523	21.0088286638	121204	1.967119
0.065899	20.9586501708	121218	1.9450396
0.0745159	20.5570217485	121224	1.9560364
0.0785801	21.0091294051	121226	1.9050199
0.0734993	20.8790446708	121228	1.9534672
0.0746343	20.7745505738	121236	1.9705037
0.0745133	20.8278061644	121238	1.9521244
0.0804393	20.6753156491	121349	1.9405307
0.0660014	20.8816141068	121442	1.9588715
0.0674353	20.938931939	121457	1.9251251
0.0691787	21.1653945425	121458	1.9760945
0.0764962	21.306879749	121461	1.9533343
0.059997	20.8686999161	121486	1.9323847
0.0772689	20.6087563748	121512	1.9531281
0.070183	20.7033599709	121547	1.9808771
0.0809708	20.5942495692	121573	1.9406896
0.0769997	20.7371192562	121653	1.9504559
0.084335	20.4187772999	121818	1.9657212
0.0823283	20.8956026669	123304	1.9264691
0.0776224	20.4709973076	123576	1.9261105
0.0843035	20.9241112315	123600	1.9115247
0.0712542	20.1238333328	123759	1.9207733
0.0845522	21.3222431056	123760	1.8984179
0.0655864	21.3285106851	123954	1.9325168
0.072334	20.0967789433	124088	1.914459
0.086561	21.4377166252	124112	1.8982594
0.088767	20.7193718748	124122	1.9111055
0.0777861	20.4518988696	124141	1.9248151
0.0709275	21.0750370819	127447	1.963215
0.076318	20.897442557	127478	1.9296025
0.0799721	21.4005486575	127500	1.9586278
0.0763235	20.7630426277	127501	1.9516241
0.0784871	20.5143154807	127502	1.9642732
0.0785027	20.5944637947	127514	1.9171408
0.0820951	20.3933402254	127520	1.9084905
0.0819189	20.5398460322	127530	1.9141904
0.0829379	20.5359791616	127538	1.9376082
0.0816745	21.2153110248	127540	1.9409629
0.0840352	20.1784261911	127586	1.9668845
0.0884343	21.0758230425	128424	1.9326823
0.0787758	21.4596254793	129626	1.9434464
0.0761428	21.0570041115	129627	1.9291358
0.0819472	21.0223687619	129643	1.939043
0.0631731	21.5472322791	129895	1.9135895
0.0837869	21.4351005868	129967	1.9487116
0.0649952	21.6290549987	129991	1.9136667
0.0767285	20.9432999107	130010	1.9595401
0.0713472	20.6050469083	130053	1.9285497
0.0799664	21.0328162237	130094	1.9469403
0.0848341	20.9774873748	130129	1.9197593
0.0874043	20.6160959979	130134	1.9488679
0.0851281	20.8876852639	130163	1.9237642
0.0771295	20.5497400371	130191	1.9795382
0.073976	20.8800932898	130197	1.9602337
0.0728892	20.8539106676	130233	1.9480301
0.0834483	21.4238183047	131369	1.893179
0.0743708	21.4254678147	131411	1.976765
0.0630567	20.7281135938	131413	1.9753703
0.062875	20.7443241719	131415	1.9246122
0.076322	21.1992705282	131439	1.9437446
0.0757477	20.7315810167	131456	1.9648324
0.0707671	20.6836873684	131457	1.9703661
0.0861755	21.6545435509	131467	1.88985
0.0877393	21.1201014439	131469	1.9246166
0.0712453	20.2071981206	133036	1.9123778
0.0906757	21.3684228135	133042	1.8871217
0.087756	20.5786731227	133902	1.9325302
0.0770699	21.520931146	133911	1.9045716
0.0759689	21.338899834	133936	1.9595539
0.0813561	21.193008447	133937	1.9336624
0.065591	21.003900275	134440	1.9488532
0.0641165	20.8520651794	134620	1.9573054
0.0829136	20.2205083864	134813	1.9549092
0.0845687	20.941576019	134820	1.9305031
0.0812839	20.5771920659	134836	1.9523478
0.0737595	20.6640173158	134837	1.9539761
0.0769316	20.641870121	135140	1.9239981
0.0864299	20.3734140878	135152	1.9384935
0.0800445	20.7013509456	135233	1.9260873
0.0859798	21.6390526321	135462	1.8940272
0.0828433	21.0550210479	135486	1.9587477
0.0752489	20.621042332	136810	1.924216
0.0750251	20.7207501782	137030	1.9258229
0.0867561	21.2737353033	137037	1.9500442
0.0855353	21.1476393246	137053	1.9273883
0.0711429	21.1977341736	137057	1.9393452
0.0785635	20.8526660335	138133	1.9198626
0.074525	20.943391934	138143	1.9229571
0.0766972	21.440517377	138197	1.9251714
0.0724935	20.8102933027	138324	1.927148
0.075214	21.3806237734	138357	1.8942867
0.0789089	20.8759663114	138480	1.9193418
0.0708832	21.8621706199	138482	1.919496
0.0745102	20.7191881019	138508	1.9585149
0.0602639	20.2860322698	138526	1.9469225
0.0749125	20.5694136941	138666	1.9403232
0.0970316	21.8734193013	139620	1.9067991
0.0772164	21.3903705055	140384	1.8947703
0.0897224	20.3687935475	140747	1.9406532
0.0732985	21.1478481971	140864	1.8924146
0.0763056	20.8621512634	140953	1.9301374
0.0764423	21.2041255138	141054	1.961458
0.0667975	21.1192845383	141055	1.9695541
0.0726277	21.1801594134	141337	1.9509969
0.0797948	20.8376453997	141399	1.9160388
0.0865946	20.6546975887	141417	1.9605229
0.0768061	20.4903733677	141418	1.9394354
0.0775593	20.9969713461	141482	1.9238282
0.0692065	21.3620612437	141488	1.9604182
0.0670531	21.2497455966	141491	1.9318742
0.062244	20.8908926511	141524	1.9660589
0.0669692	20.9001411033	141533	1.915037
0.0749479	20.5802215155	141585	1.9696774
0.0723657	20.788590475	143653	1.9252729
0.0888055	20.5972548742	143655	1.9279645
0.0830056	20.5884227515	143663	1.9539136
0.0750223	20.9288222908	143669	1.9387167
0.0882008	20.6750951858	144883	1.9615409
0.0877321	20.2826726506	144891	1.9622485
0.0713387	20.7236232154	144911	1.9605655
0.073502	21.2263744519	144945	1.9200099
0.0791112	21.7777720075	144969	1.9158472
0.0818448	20.6886359025	145046	1.9376734
0.0748561	21.6946439692	145287	1.9050386
0.0686423	20.4528283576	146135	1.9705591
0.0830231	20.5726082253	146188	1.9631884
0.0829673	20.8646836206	146191	1.9500141
0.0721168	20.5448633202	146831	1.9200051
0.0777948	21.5604647214	146876	1.8950605
0.0754109	20.5000317311	146894	1.9485607
0.0757556	20.4644902403	146965	1.950556
0.0787888	20.4718045946	147434	1.9108075
0.0911606	20.9509196272	147436	1.9219109
0.0505687	21.1908822266	147437	1.9318453
0.077343	22.0852173034	147449	1.9227857
0.0829036	21.5844069299	148083	1.9119579
0.0887672	20.5985892241	148316	1.9200066
0.0706793	20.9892510938	149162	1.9236544
0.0709327	21.1327118438	149175	1.9343171
0.0735266	20.5600752753	149561	1.9640681
0.0813428	20.8288053845	149562	1.921203
0.0683755	20.8761748038	149564	1.947394
0.0654533	20.8207995495	150245	1.9389292
0.0704112	21.3229996295	150252	1.9535496
0.0884324	20.5433397604	150483	1.9284551
0.0820567	20.7299514406	150544	1.9708462
0.0740759	20.6046796393	151483	1.9170258
0.0718276	20.8751384764	151493	1.9320081
0.0779347	21.2284335701	151507	1.8965906
0.0772855	21.4071457585	151515	1.9760102
0.0722508	20.9918776531	152535	1.9522702
0.0779888	20.5512453036	153106	1.929266
0.0721714	21.2252496322	153213	1.9738376
0.067834	20.8912912795	153242	1.9756688
0.0760078	20.6008050053	154258	1.9758401
0.066775	20.932846438	154260	1.978285
0.0880189	21.163815532	154630	1.9320331
0.0632948	20.5144684188	154638	1.9137089
0.0679386	20.9684611741	154641	1.9727571
0.0737309	21.2702060751	154643	1.9602604
0.0804079	20.8846373898	154646	1.9423944
0.0815325	21.7407510534	154660	1.9205644
0.0720211	20.6455008887	155065	1.9682683
0.0801164	20.8686569933	155503	1.9261678
0.0795173	20.7326714947	155828	1.9622766
0.0686301	20.7018225742	156714	1.9877187
0.0705695	21.0277028915	157079	1.9401428
0.0768968	20.3434197118	157081	1.9088372
0.0755558	20.6780224749	157087	1.9569924
0.0792061	21.4339864765	157873	1.9031177
0.0753829	20.7304109057	158103	1.9668496
0.0749505	21.1288849992	158598	1.9685428
0.0851165	20.6725782522	158832	1.9304154
0.0830468	21.5629906041	159165	1.896635
0.0691363	21.179446635	159176	1.9232358
0.0618685	21.0053302889	159715	1.9691067
0.0714582	21.4100874723	159854	1.9559821
0.0861362	20.661433208	159855	1.9336411
0.0643145	21.008515648	159930	1.9626834
0.0730209	20.2522683521	160138	1.9184303
0.0664728	20.6201485519	160143	1.9191827
0.0823001	21.3313154983	160270	1.9457775
0.090942	20.5365236992	160281	1.9241109
0.0637191	21.4283606571	160453	1.935835
0.0881498	20.4184043636	160458	1.9432146
0.0693147	21.2504095338	160609	1.9342913
0.081158	21.1382956513	160633	1.9432133
0.0826496	20.9801075909	160845	1.9096737
0.0850298	21.4482920534	161004	1.891539
0.084606	20.7977897391	161174	1.9396793
0.0792573	20.9484226242	161233	1.9477691
0.0614319	21.4419208508	161234	1.9654355
0.0637772	20.4485784422	161479	1.9114423
0.0660528	20.6917839401	161556	1.9219071
0.0855214	21.0743677906	162193	1.9164353
0.0643116	21.4383752587	162261	1.9109782
0.0849024	21.0484273981	162299	1.9592925
0.0823506	20.9484348944	162300	1.9684982
0.0681181	21.1476086081	162303	1.9750306
0.0560671	20.8685282249	162824	1.9361923
0.067752	20.9077524919	162840	1.9044051
0.070421	21.0917703437	162898	1.9313219
0.076863	20.8784805046	162907	1.9442003
0.0730588	20.3219175479	164219	1.9729495
0.0766723	20.7225940615	164438	1.9827439
0.0735039	21.0829152967	164847	1.9534483
0.0539802	20.8062846944	164854	1.9281076
0.0760619	20.8316069143	164900	1.9209746
0.0698266	20.9267366474	166804	1.9152061
0.0606477	20.9751003795	166874	1.9557179
0.072917	20.883545812	166900	1.953061
0.0722733	21.1865561384	166907	1.9785298
0.0804283	20.3875821628	166908	1.9363129
0.0615702	21.3465214716	166913	1.9234164
0.0658963	21.0618912787	167689	1.9735651
0.0723167	20.8341939312	167690	1.9533684
0.071758	21.5991586807	167695	1.9297134
0.0719675	21.0204905062	167697	1.978591
0.0632599	20.8952714891	168103	1.9378578
0.0792215	20.9325090434	168548	1.9227032
0.0633063	21.5948020131	168583	1.923365
0.0771694	21.301609344	168586	1.9751458
0.0749786	21.2710730031	170118	1.9512695
0.0768977	20.6895178364	170155	1.9342521
0.0735763	21.417971311	170160	1.9671957
0.0816363	20.387875562	170161	1.9501764
0.0795205	20.7185142701	170883	1.9559753
0.0796683	20.8592878504	170886	1.9614491
0.0652066	21.428797666	171280	1.9624607
0.0693423	20.9792730441	171589	1.9280526
0.0806202	20.8662839942	171601	1.9301608
0.0616524	20.83244064	172820	1.9318887
0.0855746	21.5246635226	173361	1.9448316
0.0833015	21.0961550769	173362	1.9081359
0.0682433	20.7563576365	173370	1.9285304
0.0786524	20.1871005546	173374	1.9196899
0.0729125	21.3701762928	173389	1.9025583
0.0754765	20.8853180967	175122	1.9582284
0.0813209	20.8927447491	175902	1.9294323
0.0703623	20.9089423813	175928	1.9352387
0.0759181	20.9825805771	175940	1.9348637
0.082456	21.1430380601	176206	1.9411859
0.0689887	21.4072626874	176257	1.9207247
0.0858289	21.014659471	177024	1.9264838
0.0776965	20.6702450736	177647	1.916442
0.0647191	21.0429083571	177654	1.9703441
0.088243	20.6154042585	178421	1.9593992
0.0688576	21.1628816505	178536	1.9213224
0.0845183	20.6003826578	178634	1.9526909
0.0808392	20.4773700977	178996	1.938902
0.0732451	21.4022532904	179149	1.9682258
0.0844075	20.8394232741	180792	1.9488624
0.0822401	20.803220081	182078	1.9497429
0.0803185	20.9159837756	182310	1.9251923
0.0807489	20.5593164774	182314	1.9112282
0.0750705	20.948839811	182475	1.9267494
0.0743266	21.2139896153	182688	1.9441569
0.0881113	20.5113485109	182709	1.9559896
0.0609758	20.6562528779	183568	1.9629273
0.0678074	21.6583286919	184275	1.9179986
0.0752343	20.9088013114	184296	1.9515713
0.0676626	21.017415374	185012	1.9232284
0.0759681	21.3394103914	185040	1.9593964
0.0728646	20.8113598311	185544	1.9278225
0.0642422	21.024750375	186324	1.9651005
0.0673952	20.8856676502	187022	1.9675716
0.0710377	21.2017102921	187025	1.9493254
0.0848602	20.9012573344	187033	1.9577253
0.0855473	20.7783009565	187860	1.9417265
0.0722931	20.8658915638	188334	1.9287398
0.0848695	21.6591732727	188350	1.8870838
0.0820967	21.0356522651	189021	1.9637607
0.0780449	20.8646774889	189041	1.9256858
0.0825392	20.8777139778	189117	1.9249865
0.0798178	20.8713611543	189121	1.9229489
0.0768949	22.1386075862	189522	1.9238065
0.0819043	20.6326741966	189527	1.9285122
0.0765461	21.0545360302	189784	1.926194
0.0758503	20.4200856408	190550	1.9082895
0.0802188	20.7784357759	190622	1.9559894
0.0805131	20.7753962402	191030	1.9236075
0.0768459	21.6094438944	191095	1.8977571
0.0769788	21.2949923936	191099	1.8956515
0.0684493	20.8430955707	191131	1.9252666
0.0736271	21.640458027	191158	1.917432
0.0707006	20.5925786208	191569	1.9567987
0.0652222	20.9513368209	192159	1.9620465
0.0736131	21.5644815117	193217	1.9068051
0.0755497	20.7467932823	193240	1.9370863
0.074957	20.7972074906	193294	1.9263791
0.0847205	20.6669443914	193456	1.929905
0.0859109	20.9285278453	193632	1.9103857
0.0681393	20.8701899584	195576	1.9251864
0.0726529	21.1180684014	195608	1.9542406
0.0765891	20.6857819015	196021	1.9673849
0.0780637	20.9237554544	197216	1.9269439
0.0760094	20.5235532187	197454	1.9560193
0.0823821	20.7165479234	197482	1.9516329
0.0831138	21.1405562624	197485	1.9443355
0.0832905	20.8311410108	197510	1.9308344
0.0790167	20.9483551382	198862	1.9619686
0.0799183	20.7380014723	198866	1.9488781
0.0789025	20.7499486558	199806	1.954041
0.0749759	21.2866847299	199875	1.9150743
0.085671	20.9708419273	200432	1.931994
0.0720323	20.6321415603	200474	1.9315632
0.0698322	21.1390819469	200477	1.9312091
0.0773366	21.4358946265	200519	1.904969
0.0713085	21.0514110806	200526	1.9349428
0.0657694	20.8613235046	201116	1.9297005
0.0927387	20.8392884001	201856	1.9240714
0.0746629	20.5797013027	201885	1.935349
0.0731452	20.7420450288	201949	1.9390325
0.0742412	21.1787461493	201950	1.9311167
0.0726192	21.1127064622	202702	1.8956207
0.0789118	20.7224899213	203187	1.944787
0.0869363	21.5698599956	204202	1.8827269
0.0828499	20.5077515194	204248	1.9486352
0.0617895	20.6810233111	204278	1.9296978
0.0752719	21.1645712431	204626	1.9345391
0.0665561	20.7964168619	205352	1.9398887
0.0661203	21.4911741055	205365	1.9197234
0.0851623	20.550927116	205374	1.933282
0.0686912	20.9808562326	205383	1.9342878
0.072151	20.6081075177	205402	1.9594007
0.0707198	21.06916093	206124	1.9472641
0.0649896	20.5209531367	206133	1.9206803
0.0789092	20.811445644	206238	1.9703569
0.0699487	21.3766243553	207389	1.9593966
0.0842095	21.1013260351	207390	1.9160047
0.0816176	21.4505020331	207391	1.9181224
0.0767053	20.7273907135	207973	1.9600127
0.0722194	20.8344514093	208297	1.9321288
0.0670395	20.6530137305	208757	1.9194449
0.0711772	21.2422211834	208874	1.9653938
0.0810208	21.1292105536	208923	1.939243
0.0749317	21.4334078812	209493	1.9219211
0.0694817	20.9138247066	209926	1.9321781
0.0658927	20.6320803378	209929	1.9308959
0.0743711	21.0358548416	210566	1.9630366
0.0686911	21.2242170185	210571	1.9282071
0.0697543	21.0487220801	210794	1.942309
0.0739892	20.8369158643	211266	1.9272634
0.0796453	21.9055526924	211275	1.9123918
0.0570556	20.8995461923	211857	1.9400286
0.079253	21.4593115051	211907	1.9433024
0.0645721	20.7985129562	211910	1.9679658
0.0642711	21.060945759	212352	1.9592537
0.0704239	20.6286764082	213099	1.9579896
0.0789287	20.8099623126	213102	1.918795
0.0800493	20.7059937945	213156	1.9229249
0.0691048	21.1972241074	213266	1.9646051
0.0784927	20.9273684716	213677	1.9502957
0.0641383	20.7683736759	213688	1.9223693
0.0779881	20.6625476756	213700	1.9302969
0.0836087	20.5667699946	213755	1.95673
0.0758633	20.6134820966	214105	1.9375739
0.0638946	21.0676013634	215152	1.9394295
0.0751046	20.5521325612	215803	1.9568254
0.0758627	20.6030697873	216562	1.9800756
0.0840889	20.884435018	216854	1.9509671
0.0771893	20.3725461979	217233	1.9010719
0.0885083	20.6550711016	217620	1.9305427
0.0688449	21.2488972367	217748	1.9443512
0.0691391	20.9645219697	217862	1.9400115
0.0732444	20.7261593746	217922	1.9420877
0.0717129	20.40108522	218019	1.9681886
0.0813583	21.1320300071	218260	1.9215949
0.079284	20.685714533	218547	1.9353122
0.0675297	20.9135118896	219535	1.927926
0.0667979	20.8447018454	219544	1.9298871
0.077899	20.8525679347	219551	1.9246291
0.0846916	21.6746416898	220773	1.8915013
0.0783636	20.5388058833	220878	1.9123335
0.074698	21.0081964953	220883	1.9775251
0.0745693	20.8070692454	221812	1.9177779
0.0803677	21.4571383294	222448	1.9007923
0.0826958	21.7860090962	222506	1.9182283
0.0717819	20.6207729731	222528	1.928733
0.0730241	21.1787215709	222593	1.9578755
0.0826146	20.6960651311	222595	1.9734843
0.084967	20.4159283342	222689	1.9539064
0.0798195	20.6522789619	223981	1.9583275
0.0810185	20.8979393312	223993	1.9554347
0.0643242	21.089154304	224785	1.9617953
0.0761323	20.8020555443	225172	1.9396057
0.0873758	20.6308987493	225489	1.9539279
0.0767333	21.1428414805	225824	1.921922
0.0707325	21.0700144006	225884	1.9392073
0.0814963	20.953441213	226041	1.9281246
0.0775226	20.5273830669	226389	1.9806639
0.0698249	20.9457968282	226582	1.9662958
0.0794578	20.6521013933	227028	1.9434996
0.0734851	21.4418592947	228018	1.9780645
0.0646644	21.1317843009	228312	1.9353709
0.0811174	20.7798023613	228548	1.9332456
0.0840551	20.5871986585	228557	1.9515522
0.0837069	20.71774243	229304	1.9276625
0.0764834	20.6338557989	230023	1.9638785
0.0712276	20.7569397276	231403	1.9767742
0.0768089	21.415472562	231404	1.9615143
0.0742156	21.3459432221	231718	1.9744239
0.0767867	20.5562201314	232134	1.9332712
0.068953	20.5043564774	232137	1.9229547
0.0833869	20.8307302812	232571	1.9495914
0.0794627	21.0057599095	234185	1.9632826
0.0748975	21.2086426374	234670	1.9345729
0.06536	21.2132705277	234673	1.9613136
0.0694903	20.7079722548	235164	1.9420277
0.0915696	20.6684691874	235273	1.925511
0.0667789	20.2287881904	235296	1.9281783
0.0707021	21.8520216371	235963	1.9216321
0.0741658	20.6243420181	236980	1.9812293
0.0798463	20.9471526657	237384	1.9672131
0.0863006	20.5182307453	237540	1.9559855
0.073454	21.1474550255	237848	1.9352261
0.0738731	20.6437803961	237888	1.960189
0.076069	20.4662882182	238152	1.9489926
0.0790218	20.9758674047	238205	1.9298186
0.0829568	21.1574566525	238815	1.931467
0.0823729	20.9353677194	239557	1.9710454
0.0852211	20.8366277294	239928	1.9377797
0.0631505	21.641573723	240132	1.922939
0.0870863	21.0623579011	240133	1.932164
0.0792411	21.4919684507	240372	1.8998871
0.078086	20.6059099939	240770	1.9568015
0.0746776	21.4686017348	241102	1.9777065
0.0729625	20.6348292502	241397	1.9554905
0.0603969	21.3983025111	242752	1.9255679
0.0673012	21.2392459496	243060	1.9405995
0.0700933	20.9299264668	244329	1.9493485
0.0729829	21.0690872494	244536	1.98102
0.0709492	20.4012074803	244826	1.9547325
0.0737396	20.5403661093	244985	1.9563214
0.0716635	20.6833321581	245421	1.9473598
0.0855854	20.995854401	245473	1.9581879
0.0729694	20.9646385491	245627	1.9776098
0.0805614	21.080673985	245635	1.9350062
0.0690873	21.1179824123	246552	1.9782565
0.075011	21.3929057467	248018	1.9152237
0.0722508	21.0040843962	250180	1.9095035
0.0827652	21.3621350707	250479	1.8958105
0.0707146	21.4446416588	250494	1.9185716
0.0841123	20.4666368082	250931	1.9656264
0.0811619	20.4316227551	251340	1.905568
0.0767041	20.6599452228	251734	1.9630122
0.0712205	20.4530179249	251798	1.969719
0.0654555	20.77480795	252967	1.9240644
0.0909637	20.7093443292	253034	1.9258555
0.0802272	20.6098092431	253055	1.9397352
0.0780156	20.4577571837	253060	1.9130457
0.0828465	20.787199296	253066	1.9310402
0.0816676	20.7530244425	253107	1.9283474
0.0727508	20.1990965115	253127	1.9224629
0.0679192	21.4807618107	253129	1.9203817
0.0915263	21.0647217342	253162	1.9314608
0.0777824	20.4236438954	253192	1.9575211
0.0886582	20.632949699	253199	1.9163854
0.0782875	20.590350718	253976	1.9229389
0.0850678	20.4640132293	255500	1.9527775
0.0835122	21.5291720658	257270	1.8970761
0.0700549	21.0148313298	258019	1.9700471
0.0807772	20.6571346238	258032	1.9363837
0.0712408	21.1685649024	258079	1.9612265
0.0667258	21.3137001921	258859	1.9294535
0.0838176	20.8339303232	258964	1.9314755
0.0816089	20.5606933313	259118	1.9605189
0.0826703	21.0799801063	259128	1.9272237
0.0826024	20.8351073672	259134	1.9581526
0.0772733	20.1869967768	259163	1.9223309
0.0768787	21.220670537	259965	1.8961043
0.0801014	20.7366168854	259970	1.9416678
0.0813398	21.4223719213	260140	1.9483624
0.0652577	20.755493695	261591	1.9260895
0.0793782	20.3959075837	261650	1.9253044
0.0680423	21.400776351	261695	1.9155004
0.0725117	20.563802007	261881	1.9295735
0.0706043	20.9517294749	262918	1.9194334
0.079901	20.4138008148	263092	1.9214218
0.0854547	20.9748303876	263839	1.9109362
0.0671198	21.1224600539	263975	1.9581536
0.0768831	20.6715984353	264405	1.962875
0.0699509	21.0313122842	264490	1.9563963
0.0794077	20.8194693716	264520	1.9568173
0.08035	20.8388286034	264972	1.927171
0.0758269	20.569438173	264996	1.9284633
0.0797887	20.5674309152	264997	1.9284163
0.070511	20.6296681928	265379	1.938742
0.0738245	21.3592496901	265868	1.8957711
0.0678835	20.4228918863	266938	1.9671028
0.0769499	21.0684241249	267126	1.9596518
0.0764504	21.4224950172	267259	1.9233459
0.0790677	20.4249217079	267321	1.9642324
0.0649598	21.1142050832	268037	1.9168724
0.0687523	20.8604528299	268114	1.9228033
0.0847297	21.4692481943	268585	1.8951686
0.0765776	20.7765850835	268729	1.9214747
0.0728466	21.2917024781	269144	1.94814
0.0702631	21.0333871108	269862	1.9299617
0.0748736	20.8135725951	270140	1.9507597
0.0666692	21.3451619737	270149	1.9195014
0.0663778	20.9057959418	270156	1.9433478
0.0607136	20.9008893452	270241	1.9356122
0.07703	21.0677364434	270245	1.9225883
0.077255	20.7608612415	270995	1.955254
0.0818585	20.6966408655	271047	1.9357279
0.0713437	20.6426170847	271066	1.9165448
0.0648436	21.0027587287	271068	1.9203728
0.0727733	20.8393190533	271069	1.9181088
0.0754191	20.6334762159	271913	1.9235402
0.0808583	20.7052771449	274085	1.9452132
0.0699533	21.0894245031	275722	1.9566887
0.0769385	21.1867220514	276423	1.9416612
0.073355	20.9506742197	276447	1.9612582
0.0756975	20.8233986407	276910	1.9298276
0.0694189	20.6944175626	277940	1.9861161
0.0707341	20.7468668049	279232	1.9578573
0.0900097	21.0365485145	279873	1.9301666
0.0817279	20.3540344147	280013	1.9613119
0.0830978	21.428477603	280597	1.8966815
0.0863259	20.8732130114	281368	1.9192787
0.0803578	20.4825137806	282082	1.9573615
0.0659777	20.9077095579	282405	1.9678656
0.0890752	20.7187041678	282797	1.9210249
0.0820081	20.796055258	282821	1.9314049
0.0903598	20.5073600153	283374	1.9310519
0.0775514	20.7039541085	283608	1.9167551
0.0697222	21.0149172593	283831	1.946565
0.0756949	20.7896323355	284021	1.9227838
0.0803189	20.5365420544	284070	1.9259438
0.0788074	20.84480607	284372	1.9229624
0.0790861	20.7138281588	284914	1.9326588
0.0723751	20.1012144688	285282	1.9186131
0.0847543	20.6761056453	285637	1.9608136
0.0731613	21.2146042229	286347	1.9469512
0.0873901	20.8773153854	286433	1.906159
0.0771246	20.8947563251	286496	1.9201535
0.0693305	21.0094178719	286670	1.934857
0.0806927	20.4286512693	286807	1.956165
0.0726885	20.9350425882	287122	1.9412715
0.0773274	21.6392806997	287257	1.9207597
0.0774463	21.6432688577	287419	1.8956145
0.0766892	20.5802215155	287476	1.9540043
0.075533	20.9163272667	287523	1.953879
0.0762216	21.2440284829	287601	1.9720301
0.0818842	20.9862625182	287726	1.9723852
0.0693794	20.81306997	287831	1.9318392
0.0818595	21.080913466	288435	1.91247
0.0896449	20.5911892381	289741	1.9349535
0.078018	21.0241058625	291117	1.9666559
0.0873049	20.9142172623	291277	1.9404496
0.0756134	20.6555609559	293035	1.9311615
0.0757898	20.551569611	294080	1.9526024
0.070343	21.2421412694	296244	1.9668557
0.0923773	20.9552265951	296408	1.9283466
0.0804518	20.4902999689	297806	1.9687017
0.0693801	21.0865014657	298369	1.9243857
0.0839037	20.8699569467	298385	1.9309162
0.077551	21.4973627236	298386	1.9006952
0.0797379	20.8325632471	298428	1.9371605
0.0665942	20.9430115716	298502	1.9549316
0.0671836	21.6369815489	299121	1.9154613
0.0730407	21.3016400926	300239	1.9627084
0.0641898	20.8567739782	301632	1.9668719
0.0801147	20.3710610175	302032	1.9548008
0.0765207	21.3793747126	302950	1.9397111
0.0764328	20.8524085243	302974	1.948354
0.0800974	21.4258617303	303563	1.9008426
0.0773812	21.1968185138	303744	1.9400372
0.0782125	20.881460798	306013	1.9580153
0.0829001	21.0137940421	306052	1.9519987
0.0763206	21.2392951265	306122	1.9542204
0.0705823	20.5957736371	306483	1.9384417
0.0790564	20.6973084753	306767	1.9647209
0.0754969	20.3937436646	307683	1.9521366
0.0614183	21.0254931023	307704	1.9656563
0.0846138	21.4051764434	307804	1.9061034
0.0770372	20.6634478285	307820	1.9306563
0.0793959	21.0591099943	309187	1.9597276
0.06878	20.9957316603	309207	1.9677055
0.0748741	20.6655971948	309208	1.9573125
0.0753279	20.4159833566	310240	1.9507185
0.0741081	20.51624863	311022	1.9625116
0.0755884	20.9821448867	311038	1.9352563
0.0844584	20.6187221875	311331	1.960964
0.0823076	20.7510208851	311352	1.9494847
0.0771136	20.97561582	311961	1.9253333
0.0862133	20.9691483979	313107	1.9054769
0.0776812	20.891610183	313122	1.9458427
0.0638312	20.8572583552	313123	1.9664972
0.0754274	21.1168092803	313128	1.943074
0.0657456	20.9163149991	313145	1.9680341
0.0698329	20.9713757612	313408	1.941114
0.0761336	20.9046490104	313785	1.9202313
0.0607996	20.6656461835	313834	1.9642022
0.0613648	20.9062252766	314273	1.935312
0.0743057	21.1789243427	314278	1.9333502
0.0749598	20.8797069556	315168	1.9303297
0.0786828	20.6824196388	315946	1.9401191
0.077511	20.5311640654	315959	1.9203548
0.0770403	21.1529902405	315961	1.9273432
0.0784203	20.8862257108	315963	1.9533618
0.0829326	20.8768861333	315967	1.9343174
0.0878053	21.5534109648	316858	1.8862281
0.0782829	20.9538706844	317399	1.9346187
0.0665762	20.6814091372	318015	1.9164921
0.0774535	21.1416497226	318809	1.9451559
0.0898526	20.7603097725	318858	1.9254417
0.0757667	20.6228972488	319007	1.9180289
0.0681239	21.4554823051	319008	1.9154225
0.0880592	21.024271594	319073	1.9240147
0.0642703	21.630774641	320017	1.9157847
0.0803865	20.8525495412	320098	1.9303849
0.0766556	20.9531344485	322752	1.9337255
0.0793466	21.4218426101	322985	1.9161364
0.0768209	20.7386815174	323069	1.9570288
0.0840138	21.3672169241	323073	1.9484035
0.0669884	20.8149578878	323380	1.9583056
0.0733473	21.0639726713	323414	1.8908765
0.0696015	20.7620254606	323416	1.9141071
0.0854689	20.84332241	323432	1.9322701
0.0639498	21.092304611	323438	1.9380277
0.0663733	20.9525638681	323441	1.9169123
0.0707563	21.310754263	323467	1.9557683
0.0819137	20.4105729105	325393	1.9533668
0.0630356	21.0343447328	325394	1.9679714
0.0680755	21.1432100674	325798	1.9639875
0.0681998	21.290072921	326951	1.932222
0.0723184	20.8971236411	326956	1.9241235
0.0754708	21.2822635962	327380	1.9120367
0.0746096	21.0978316267	327490	1.9360811
0.0799341	20.8276161295	328471	1.9622578
0.0765891	21.2561145995	328472	1.9191801
0.0700376	20.4370094836	328929	1.9550564
0.071324	21.2291097048	329540	1.9530128
0.0677872	20.7652117901	329544	1.9504784
0.0756987	20.9960876086	329577	1.9243334
0.0666298	21.0691854903	329591	1.966857
0.0688075	21.1612780913	330082	1.9332738
0.064692	21.1279451954	331904	1.9606119
0.0748375	21.1503854077	331933	1.9381114
0.0758183	21.4965745069	332153	1.90994
0.0805799	21.0668215862	332684	1.934266
0.0711956	21.1711024681	333621	1.9398469
0.0806436	20.6951892839	334672	1.9410127
0.08754	21.0819020968	334684	1.9355167
0.0782059	22.0685172748	334686	1.9222516
0.0809759	21.1992459464	334911	1.9226717
0.0820336	21.1475410317	335035	1.9338991
0.066045	21.0363091049	335036	1.9759338
0.069418	21.1634407499	335063	1.947772
0.0801143	20.8853732893	335070	1.9285685
0.0837812	21.0740730578	335946	1.9335813
0.0828325	20.7609041337	336769	1.9401763
0.0733641	21.3415818179	336999	1.9500363
0.0778514	20.7549667544	337382	1.9229401
0.0776042	21.4636087014	337390	1.9469445
0.0837032	20.6757504527	337559	1.9720767
0.0751211	21.2806341437	337686	1.9703605
0.0774281	21.6995771408	338456	1.9222165
0.0797451	21.3975825207	338483	1.9447096
0.0722432	21.5930766364	339119	1.9092147
0.0800828	20.965166225	339120	1.9308315
0.0843003	20.9702405995	339149	1.923904
0.0754109	20.4475694867	339150	1.9655771
0.0566775	20.7848337082	339151	1.9330768
0.0757232	21.0471258928	339179	1.9382523
0.0833253	20.5545618375	339192	1.9424541
0.0616199	20.9483735435	339265	1.9279837
0.0707013	20.9884533162	340312	1.9338859
0.0770942	20.6038104395	340544	1.9729724
0.0756266	20.5219748107	341832	1.9555923
0.0811684	20.9878948744	343165	1.922921
0.0784428	20.7155310688	343787	1.9221347
0.0790181	21.0760809367	363477	1.9249884
0.0746698	20.5542558811	363513	1.9506416
0.0708671	21.1223003551	363558	1.9447423
0.0755976	20.6190037863	364413	1.9227001
0.067317	20.9354597377	364460	1.9319938
0.0698799	21.0506927812	365029	1.9552888
0.0821991	20.9825130757	365039	1.9519119
0.0806649	20.850072568	366727	1.944002
0.0699525	21.1845774869	367417	1.9321753
0.0760846	21.4220826464	368103	1.9612077
0.0762052	20.7555059495	368963	1.9187787
0.0718904	20.7028209615	369680	1.9434372
0.0811432	20.7816776062	369934	1.9174771
0.0771365	20.653601548	370383	1.9659318
0.073812	21.5065814817	370678	1.9138115
0.0808134	20.3695452926	370683	1.941996
0.0696981	20.8623106842	371078	1.9379028
0.0839734	20.4109213742	371765	1.966875
0.0806748	20.6101030681	372303	1.9387054
0.0774649	20.6411598966	373137	1.930628
0.0756262	20.4799449757	373146	1.9397669
0.0717518	21.2541227196	373657	1.941142
0.0822231	21.3358611318	374339	1.9456286
0.0691473	21.4294562592	375042	1.9187377
0.0761868	20.6951770343	375668	1.9427666
0.0824359	20.5297568868	377061	1.9503597
0.0704219	20.7010140689	377322	1.9612693
0.0866521	21.1981336242	377611	1.9325694
0.0845482	20.6107335696	377707	1.955157
0.0913411	20.7069738335	377727	1.9203443
0.0602128	20.3464628854	379138	1.9447679
0.067568	20.9158488329	379849	1.9816136
0.078621	20.3381523522	379871	1.9457203
0.0792992	21.035983754	380541	1.9444812
0.0674004	20.9595889069	380784	1.9354921
0.0765968	20.5721614765	380815	1.9568701
0.084034	21.6221458177	381632	1.8950589
0.0754449	20.6089277715	382005	1.9603213
0.0740877	21.1897576773	382164	1.950756
0.0739868	20.7507084061	382633	1.9291361
0.0745887	21.2663449258	382719	1.9670351
0.082365	20.9968301932	383171	1.9267293
0.0821989	20.5168236855	383624	1.9580085
0.0698894	20.6934866024	384602	1.9705904
0.0694199	20.956140768	384604	1.9281996
0.0618219	20.9258533248	384606	1.9552627
0.0737755	20.7918325234	385212	1.9207773
0.0644945	21.0878217381	385413	1.9442532
0.0696904	20.9872566578	385535	1.9678094
0.0711751	21.2291896118	385540	1.9511029
0.0769135	21.3786117448	385745	1.8984639
0.0778618	21.2019130955	386094	1.9559901
0.0719965	21.3931211212	386609	1.9225791
0.0736433	20.3828511767	386975	1.9706923
0.0805777	21.7717256069	387519	1.9241519
0.0799524	20.8113169246	387682	1.9180491
0.0808777	20.938870592	387683	1.9234568
0.0781346	20.7335291796	387699	1.9208793
0.0670362	21.0697933574	387882	1.9694315
0.0751931	21.4401049552	388173	1.9147142
0.0598856	20.9125857095	388590	1.9291586
0.0857257	20.3587645173	390585	1.9566885
0.065274	20.9955230013	391179	1.919167
0.0704112	21.3032513285	391227	1.9194671
0.0824676	20.8992947358	391542	1.9234997
0.0714742	20.833550238	391624	1.9475359
0.0657141	21.3262287385	391635	1.9375435
0.0759034	21.4016317432	391671	1.9613035
0.0814714	20.5941761206	392185	1.9607482
0.0733286	20.5796645819	392465	1.9648457
