434
1103
1919
1920
3483
3880
4031
4464
4690
4765
4868
5378
5427
5477
5558
5967
6029
6163
6250
6435
6447
6461
6517
7488
7560
7579
7781
7783
7829
7959
8404
10531
10667
11058
11217
11304
11833
12267
13186
13245
13478
13578
14395
14764
15692
15822
16585
16589
17083
17259
17657
18626
20043
20136
21261
23452
23715
23998
24042
24077
24465
24481
24687
24702
24778
25076
25337
25340
25884
26383
27266
27298
27601
27713
27810
28441
29298
29308
29421
29996
30234
31091
31182
31850
31986
32504
32928
33319
33326
33327
33332
33339
33831
33896
35055
35087
35134
35669
36298
36448
37561
37634
37651
37744
38044
38047
38049
38682
39618
39665
39787
39791
39866
40229
40247
40253
40256
40264
41685
43357
43606
44047
44588
45825
45874
45878
45898
45950
46513
46540
46559
47143
47968
47983
48336
48527
48601
48844
49665
49667
49669
49674
49678
51385
51386
51417
51418
51424
51634
52284
52529
52748
53422
53428
53451
53457
53522
53530
54234
54683
54881
55720
55747
55820
55854
55934
55964
56319
56328
56351
56360
58098
58107
58345
58920
59484
59826
60356
60511
61097
63142
63225
63311
63440
63637
63754
63762
63789
63815
65288
65637
65844
66064
66153
66154
66195
67302
67389
67404
68553
68570
68590
68593
69142
69410
69549
69935
70024
70025
71730
71734
71735
71737
71743
71744
71761
71764
71779
71798
71935
72938
72942
72943
73076
73077
73689
73763
73767
73804
74426
74444
74511
74512
74554
74560
76807
76815
76816
76818
76821
76827
76832
76839
76841
76843
76861
76865
76906
76929
77917
77918
77960
77970
77974
78023
79135
79316
79472
80024
80027
80091
80096
80100
80108
81972
82045
82060
82064
82066
82067
82068
82078
82079
82086
82093
82151
82164
83993
84057
84068
84069
84203
85047
85095
85563
86035
86217
86263
86294
86296
86321
86329
86374
86383
86420
88197
88206
88243
88256
89993
90005
90162
90206
90211
90251
90809
90866
91037
91043
91091
92036
92154
92206
92207
92220
92222
92227
92264
92266
92292
94336
94339
94347
94354
95741
96218
96323
96596
97208
97289
97342
97415
97429
97517
97649
97759
97779
97784
99270
99281
99285
99298
99310
99312
99324
99325
99388
99395
100000
100404
101331
101455
101608
101745
101797
101805
101806
101809
101813
101815
101820
101821
101860
103542
103803
104446
105122
105217
105279
105311
105377
105536
105556
105613
105633
105844
105947
105948
106111
106120
106196
106458
106540
106613
106671
106761
106815
106820
106821
106829
106866
106867
107148
107502
107640
110577
111243
111247
111564
111628
111664
111692
111753
111772
111824
111832
111867
111895
111898
111914
111934
111997
114645
114716
114792
114797
115199
115216
115457
115900
116757
116827
117323
117773
117874
117997
118380
118381
118411
118959
118966
118981
118988
118994
119012
119955
119961
120184
120217
120219
120237
120544
120808
121204
121218
121224
121226
121228
121236
121238
121349
121442
121457
121458
121461
121486
121512
121547
121573
121653
121818
123304
123576
123600
123759
123760
123954
124088
124112
124122
124141
127447
127478
127500
127501
127502
127514
127520
127530
127538
127540
127586
128424
129626
129627
129643
129895
129967
129991
130010
130053
130094
130129
130134
130163
130191
130197
130233
131369
131411
131413
131415
131439
131456
131457
131467
131469
133036
133042
133902
133911
133936
133937
134440
134620
134813
134820
134836
134837
135140
135152
135233
135462
135486
136810
137030
137037
137053
137057
138133
138143
138197
138324
138357
138480
138482
138508
138526
138666
139620
140384
140747
140864
140953
141054
141055
141337
141399
141417
141418
141482
141488
141491
141524
141533
141585
143653
143655
143663
143669
144883
144891
144911
144945
144969
145046
145287
146135
146188
146191
146831
146876
146894
146965
147434
147436
147437
147449
148083
148316
149162
149175
149561
149562
149564
150245
150252
150483
150544
151483
151493
151507
151515
152535
153106
153213
153242
154258
154260
154630
154638
154641
154643
154646
154660
155065
155503
155828
156714
157079
157081
157087
157873
158103
158598
158832
159165
159176
159715
159854
159855
159930
160138
160143
160270
160281
160453
160458
160609
160633
160845
161004
161174
161233
161234
161479
161556
162193
162261
162299
162300
162303
162824
162840
162898
162907
164219
164438
164847
164854
164900
166804
166874
166900
166907
166908
166913
167689
167690
167695
167697
168103
168548
168583
168586
170118
170155
170160
170161
170883
170886
171280
171589
171601
172820
173361
173362
173370
173374
173389
175122
175902
175928
175940
176206
176257
177024
177647
177654
178421
178536
178634
178996
179149
180792
182078
182310
182314
182475
182688
182709
183568
184275
184296
185012
185040
185544
186324
187022
187025
187033
187860
188334
188350
189021
189041
189117
189121
189522
189527
189784
190550
190622
191030
191095
191099
191131
191158
191569
192159
193217
193240
193294
193456
193632
195576
195608
196021
197216
197454
197482
197485
197510
198862
198866
199806
199875
200432
200474
200477
200519
200526
201116
201856
201885
201949
201950
202702
203187
204202
204248
204278
204626
205352
205365
205374
205383
205402
206124
206133
206238
207389
207390
207391
207973
208297
208757
208874
208923
209493
209926
209929
210566
210571
210794
211266
211275
211857
211907
211910
212352
213099
213102
213156
213266
213677
213688
213700
213755
214105
215152
215803
216562
216854
217233
217620
217748
217862
217922
218019
218260
218547
219535
219544
219551
220773
220878
220883
221812
222448
222506
222528
222593
222595
222689
223981
223993
224785
225172
225489
225824
225884
226041
226389
226582
227028
228018
228312
228548
228557
229304
230023
231403
231404
231718
232134
232137
232571
234185
234670
234673
235164
235273
235296
235963
236980
237384
237540
237848
237888
238152
238205
238815
239557
239928
240132
240133
240372
240770
241102
241397
242752
243060
244329
244536
244826
244985
245421
245473
245627
245635
246552
248018
250180
250479
250494
250931
251340
251734
251798
252967
253034
253055
253060
253066
253107
253127
253129
253162
253192
253199
253976
255500
257270
258019
258032
258079
258859
258964
259118
259128
259134
259163
259965
259970
260140
261591
261650
261695
261881
262918
263092
263839
263975
264405
264490
264520
264972
264996
264997
265379
265868
266938
267126
267259
267321
268037
268114
268585
268729
269144
269862
270140
270149
270156
270241
270245
270995
271047
271066
271068
271069
271913
274085
275722
276423
276447
276910
277940
279232
279873
280013
280597
281368
282082
282405
282797
282821
283374
283608
283831
284021
284070
284372
284914
285282
285637
286347
286433
286496
286670
286807
287122
287257
287419
287476
287523
287601
287726
287831
288435
289741
291117
291277
293035
294080
296244
296408
297806
298369
298385
298386
298428
298502
299121
300239
301632
302032
302950
302974
303563
303744
306013
306052
306122
306483
306767
307683
307704
307804
307820
309187
309207
309208
310240
311022
311038
311331
311352
311961
313107
313122
313123
313128
313145
313408
313785
313834
314273
314278
315168
315946
315959
315961
315963
315967
316858
317399
318015
318809
318858
319007
319008
319073
320017
320098
322752
322985
323069
323073
323380
323414
323416
323432
323438
323441
323467
325393
325394
325798
326951
326956
327380
327490
328471
328472
328929
329540
329544
329577
329591
330082
331904
331933
332153
332684
333621
334672
334684
334686
334911
335035
335036
335063
335070
335946
336769
336999
337382
337390
337559
337686
338456
338483
339119
339120
339149
339150
339151
339179
339192
339265
340312
340544
341832
343165
343787
363477
363513
363558
364413
364460
365029
365039
366727
367417
368103
368963
369680
369934
370383
370678
370683
371078
371765
372303
373137
373146
373657
374339
375042
375668
377061
377322
377611
377707
377727
379138
379849
379871
380541
380784
380815
381632
382005
382164
382633
382719
383171
383624
384602
384604
384606
385212
385413
385535
385540
385745
386094
386609
386975
387519
387682
387683
387699
387882
388173
388590
390585
391179
391227
391542
391624
391635
391671
392185
392465
