480
4880
5725
6533
6894
9816
10837
12064
13617
13754
14348
15960
16725
17263
17271
17580
17644
19701
20113
20517
20742
20866
20949
21254
21552
22429
22636
23160
24759
25536
25572
25902
25983
26106
26303
27055
27704
28231
28939
30542
30941
31068
31421
31529
32124
32141
32436
32583
32584
33167
33214
33969
35040
35496
36002
36063
37228
37860
37905
38374
38892
38902
39700
40031
40971
40978
41951
42091
42800
43242
43419
43423
43922
44257
44276
44321
45490
45975
46404
47545
47869
47947
48178
48213
48689
49298
49310
49336
49394
49432
49576
50384
50519
50887
51034
52223
52338
52636
53100
53162
53527
54323
54896
55182
56111
56162
56615
57129
57269
57359
57516
57524
57622
57629
57833
58506
59756
59800
60815
60817
61226
61676
61729
62074
62109
62343
62694
63101
63386
63443
63521
63634
63987
64836
65086
65290
65640
65814
65883
66364
66654
66684
67438
67628
67691
68067
68289
68467
68867
68902
69072
69139
69291
70443
70459
70504
70610
70666
70720
70900
70992
71073
72362
72551
72850
73197
74143
76546
76693
77368
78757
79665
79866
79871
80843
81195
81236
81373
81386
81557
81566
81582
81636
81666
81799
81826
82332
82344
82424
82426
82539
82565
82632
82758
82837
82895
83629
83643
84070
84162
84202
84518
84646
84722
85267
86017
87470
87647
87715
87829
87906
87907
87908
87934
87935
88073
88385
88466
88538
88543
88549
89261
89277
89281
89372
89383
89501
89713
90023
90394
90558
90642
91522
92541
92778
92901
92907
92938
93034
93103
93109
93247
93288
93314
93356
93379
93406
93440
93450
93673
93766
93904
93941
93942
93950
93954
94046
94058
94695
95070
95148
95172
95694
95707
96314
96753
96762
96763
96767
97085
97183
97412
97962
98733
98839
98901
99152
99195
101433
101606
102646
102901
102934
103055
103113
103196
104195
104784
105180
105602
106546
106851
107629
107637
107970
108382
108464
108554
109339
109413
109454
109565
109639
109865
109964
110138
110201
110353
110469
111687
112236
112405
112668
113241
113366
114202
114238
114585
114720
114859
115042
115122
115200
115423
115430
115475
115578
115979
116053
116198
116730
116868
117058
117541
117707
118156
118204
118227
118711
118748
118857
118980
119396
119459
119609
119645
119667
120118
120782
122319
122573
122662
122690
122855
122965
123579
126112
126149
126159
126316
126352
126435
126569
126751
127009
127115
127829
127996
128619
128842
129164
129179
129296
129628
129899
130913
130916
130947
131037
131172
131182
132299
132653
133088
133121
134751
134757
134974
136289
136332
136842
138034
138113
138191
138329
138410
139352
139797
139802
140564
141142
142275
142508
142560
142567
142632
142722
142734
142896
143024
143574
144522
145138
145464
145489
146455
146723
147554
148522
148551
148706
148738
148837
149309
149314
149386
149488
149494
149627
150784
151126
151785
151802
151812
153077
153616
153627
153681
153782
154408
155096
155209
155731
155736
155738
156269
156351
156404
156420
156482
156990
157645
158071
158428
159491
159500
161759
161888
162383
162833
162844
163874
164203
164293
164989
166446
167227
167438
167444
167932
168024
169740
169812
169876
170378
170469
170575
171096
171853
172665
172720
173695
173735
174648
175899
176926
177331
177403
177437
180563
181056
181356
182339
182511
183296
183370
183450
183792
183971
183998
184132
184142
186165
186214
186217
186486
187106
187741
187958
188029
188037
188675
189579
189602
189756
189761
189766
191064
191097
193503
195087
195157
195231
195282
195290
195306
195325
195451
195456
195504
195532
195568
197860
198478
198568
199640
204478
205187
206116
206471
207039
207246
207260
208083
208111
208850
209201
209256
209263
209272
209707
209757
209758
210251
210622
211538
211710
212087
212101
212434
212846
212887
213649
213669
214004
215017
215318
215362
215469
216289
216427
216665
218306
218627
219337
219593
219652
220343
221052
221676
222485
222690
223241
224323
224415
225002
225940
226739
228378
229138
229440
230070
230252
230317
232878
233176
233223
233267
233332
235195
235826
236370
237079
237120
237343
237835
238124
238136
238149
238168
238225
239102
239788
240125
240408
240654
240676
241915
241930
244645
244901
245801
246311
246568
247719
247959
250216
250486
251438
252267
253094
253975
254011
254075
254088
255100
256001
256114
256126
256128
256137
256205
256765
256839
256943
256970
257166
258278
259047
259122
259679
259844
259911
259941
259956
259985
259999
260014
261074
261213
261577
262124
262392
262616
263203
264630
264685
267197
267358
267377
267393
267473
269101
270350
270959
271663
271821
272684
273595
274576
275042
276035
276140
277392
277515
278340
280272
280552
280611
280743
281017
281046
281235
281827
281829
282417
282941
282964
283058
283136
283142
283192
283805
283829
284033
284039
284062
284075
284767
284813
284841
285885
287307
287479
287876
288054
288075
288201
288231
288284
288342
288414
289686
289865
290002
291801
292122
294002
294176
294967
295934
296235
296250
296833
298056
298076
298521
298551
299085
299146
299187
299210
300626
301166
302646
302647
302669
303055
303533
303604
303625
304942
304967
304991
305034
305079
305640
305760
305889
306241
306948
307798
308304
309420
309529
309612
310083
310774
311018
311643
311676
312333
312960
313855
314841
315465
315494
315603
315606
315655
315676
315737
318096
318275
318849
319013
319554
319579
320704
320738
321843
321977
322377
322807
322816
322825
322843
322862
323860
323896
323909
324058
325204
325327
325993
326448
328235
328299
329368
330001
330102
330444
330452
331599
331616
331623
331675
332143
332371
335525
335551
336931
337191
339410
340295
340330
340349
340521
340573
342083
342215
342250
342547
342581
342600
342612
342674
342715
343348
344116
344125
344158
344727
344968
346147
346297
346579
346710
347131
347261
348057
349255
349728
350108
350235
351064
351099
351395
351822
352373
352920
352947
353084
353324
353794
354262
354279
354650
356160
356823
357616
358145
358607
358657
359262
359861
360089
360242
360496
361252
361257
361310
361332
362249
362721
362748
362796
363815
364297
364362
364399
365219
365451
365898
366011
366464
366606
367194
368235
368265
368269
368978
369599
371659
371706
371724
371745
371749
372011
372394
372401
372480
372562
372573
373486
374077
374343
374507
374979
375004
376318
377343
377718
377743
378298
379243
380589
380622
381554
381835
382077
382927
382959
383234
383252
383921
383974
384389
384446
384481
384512
384808
385310
385791
386783
387544
389066
389396
389501
390025
390369
390386
390395
391581
392004
392375
392402
392517
392951
392957
