490
1086
2147
2428
2934
3090
3542
5592
5594
6343
6374
7231
7612
7626
7678
8624
8726
9715
9860
10120
10414
10793
11653
11768
11899
13537
13689
14104
14264
14715
14722
15066
15256
15732
15735
16375
16876
17439
17701
18476
18482
19048
19280
19845
20497
20521
20523
20592
21454
21681
22200
22678
23433
24431
24638
24718
25163
25828
25840
25989
26519
26641
27203
27790
28022
28306
28546
28708
28908
29281
29537
29891
29946
30998
31743
31771
32198
32268
32416
33017
34069
34098
34364
34838
34860
34978
35041
35346
36551
37005
37014
37360
37514
37701
38265
38312
38419
38447
38489
38569
39290
39677
40197
41001
41177
41302
41682
42218
42225
42732
42740
42776
43095
43260
43460
43543
45378
45579
45590
45623
45629
45667
45691
45727
46105
46350
46412
47641
47836
47873
47878
49622
50182
50859
51072
51136
51185
51336
51871
51914
51928
51964
52543
52549
52551
52656
52682
54354
54552
54572
54592
54623
54642
54869
55398
55487
55808
55861
56942
57012
57753
57787
57826
57950
58011
58224
58375
59802
59941
60142
60256
60329
60605
60987
62084
62352
62467
62512
62587
62604
62658
62668
63584
63901
64731
65146
65494
65589
65703
65825
66084
66390
68248
68291
69399
69557
69947
69985
71426
71456
71635
72357
72563
72627
72750
72819
72844
72856
76278
76615
77705
77756
77807
78576
78726
79274
80045
80092
80097
81935
82406
82439
82961
83149
83253
83315
83590
83675
83789
83802
83905
83931
86093
86164
86268
86285
87898
87962
88175
89297
90252
90260
90267
91172
91479
91737
91850
92079
92131
92161
92190
94088
94167
94268
94276
94281
94285
94296
94330
95427
95505
95532
95642
95699
96028
96549
97644
97654
97690
97707
99128
99145
99176
99806
99843
101921
104416
104851
105131
105414
105854
106006
106033
106361
106379
106492
106548
106715
106741
109497
109633
110181
110211
110254
111585
111672
111713
112107
112747
112992
113133
113270
113283
113422
113707
113713
113872
114094
114243
115211
115690
116004
116345
116832
116984
117325
117782
118418
118732
118874
118962
119010
120161
121470
121798
121891
121919
121981
123888
124071
126983
127053
127122
127336
127433
128015
128196
128256
128609
128754
128846
129090
129482
129502
129605
130234
130250
130292
130347
130355
130360
130375
130377
131377
131506
132736
132750
132752
132849
132861
133616
133767
134201
134281
135404
135416
136350
136732
138569
138598
138682
138735
138746
138747
138751
138758
138797
139035
140874
140955
140993
141094
141189
141241
141261
143422
143441
143506
143529
144091
144379
144405
144597
144818
145408
145894
146873
146887
146900
147409
147685
147948
147950
148384
149141
149767
149996
150290
150320
151186
151425
152095
152134
153169
153275
153276
154230
154619
155231
155463
155904
157419
157463
158151
158798
158947
159118
159531
159823
161151
161213
161254
161282
161458
161502
162156
162963
163633
163634
164798
165664
165795
165799
165864
165879
165895
165896
165915
165934
165938
166630
166778
166854
167558
167936
168041
168400
169232
169282
169314
169338
169376
169398
171377
171417
171945
172019
172044
173033
173861
173913
174040
174051
174534
175347
176576
177837
177901
177919
178745
178770
179448
179457
179517
181160
181174
181234
181241
181265
181598
181938
181992
182949
183559
184902
184968
185529
186357
186364
186384
186634
186954
187327
187388
187433
188164
188551
188798
188944
189426
189957
190358
191214
191405
191443
191461
191523
191539
192213
192460
192604
193748
195697
195756
195758
195805
195913
196008
196024
196134
197076
197244
197314
197410
197442
197452
198679
198745
198766
198775
198791
198818
199396
199788
200101
200365
201318
201323
201356
201861
202319
202385
202672
203883
204147
204891
205607
205608
206782
207576
208453
209410
209440
210067
210171
210431
210979
211471
211484
212302
212308
212673
212893
212926
213464
214425
214439
214476
214560
214755
214833
215011
215223
215270
215359
215984
216249
216400
216573
216775
217140
217249
217377
217391
218456
218489
219094
219917
219931
219966
220777
220866
221458
223320
223369
223373
223377
223379
223398
223862
223867
223907
223973
225150
225243
225363
226097
226098
226450
226517
226533
228218
228915
228944
229665
229783
230464
231020
231381
232344
232351
232573
232634
232916
232936
232975
233576
233908
234440
234789
234962
235540
235550
235557
235832
236071
236668
236811
236841
236896
236970
237363
238392
238402
238426
238644
239173
239189
239217
239222
239246
239397
239737
240022
240061
240266
240310
240533
240683
241998
242017
242225
242273
242288
242675
242959
242972
243079
243104
243142
243201
243500
243668
244108
244159
244460
245064
245096
245110
245111
245449
245488
245494
245893
245931
245947
246044
246266
246532
246666
246756
246805
246930
247251
247252
247584
248093
248121
248143
248213
248263
248351
248369
248433
248868
249066
249273
249276
249383
249492
249516
249660
250082
250742
250815
251330
251331
251802
251842
251894
252803
252829
252834
254294
254334
254341
254365
254391
254430
254915
254974
255243
255332
257043
257062
257098
257154
257157
257700
258829
258836
259427
260375
260405
260545
260916
260946
261021
261036
261053
261073
261109
261446
261464
261618
261709
261798
263479
263490
263510
263990
264024
264821
264871
265059
265082
265106
265109
265110
265126
265158
265160
265183
265366
265446
265481
265979
267611
267868
268202
268203
268204
268212
268712
269228
269532
269593
269924
270142
270326
270657
270706
270721
270735
270913
271209
271223
271338
272010
272032
272045
272059
272073
272085
274012
274021
274064
274453
274685
274752
274796
275175
275261
275264
275271
276175
276667
277105
277112
277380
277841
277895
277932
278148
278490
278857
278864
278965
278997
279003
279052
279094
279108
279296
279366
279368
279373
279436
279458
279499
280167
280688
281096
281279
281315
281319
281673
281744
281749
281996
282012
282194
282384
282611
283075
283206
283418
283747
284380
284393
284839
284850
284916
285101
285109
285135
285273
285775
286400
286441
288030
288374
288731
289277
289948
290324
290614
290660
290828
290943
291376
292073
292125
292254
292308
292376
292425
292789
292889
293038
293259
293284
293371
294323
294519
294550
294592
294595
294628
294648
294679
294911
295066
295109
295169
295209
295265
295324
295434
295478
296187
296200
296274
296311
296510
296572
296630
296831
296907
296992
297803
299255
299289
299292
299298
299307
299320
299340
299341
299864
299981
300056
300075
300116
300124
300181
300195
300200
300224
300846
300866
300909
300961
301544
301550
302365
303767
303768
303771
303787
303795
303796
303809
303895
303899
304621
304698
304712
305435
306092
306258
306983
307125
307151
308390
308410
308419
308493
308495
308515
308527
308554
308580
308623
309158
309209
309713
310359
311163
311411
311431
311450
312439
312448
312666
313959
314533
314582
314591
315073
315786
315805
315889
315977
316121
316189
316525
316727
317709
317819
317820
317847
317922
317929
318024
318311
318331
318344
319165
319174
319185
319208
319245
319317
319328
319332
319334
319370
320061
320085
320203
321037
321509
321763
321963
322182
322320
322579
322702
323274
323293
323618
323642
323643
323644
324272
324281
324293
324708
324754
324788
324803
324839
325369
325761
326258
326537
326558
326632
326809
326823
326824
326889
327096
327556
327585
328045
328507
328548
328805
328838
328845
328854
329464
329504
329877
330165
330227
330745
331410
331695
331854
332236
332562
332577
332621
332650
332969
332996
333259
333801
333826
334188
334246
334928
335913
335914
335958
335972
336011
336429
336481
336694
336724
336932
337028
337870
337912
338957
339510
339585
340660
340685
340697
340698
340725
340775
340814
340816
341435
341599
341623
341686
341786
342982
343046
343049
343058
343097
343108
343214
343509
343528
343575
344032
344039
344067
344374
345102
345595
345617
345618
345634
345635
345648
345659
345682
345697
345711
346175
346234
346796
346835
347112
347565
347773
347884
348165
348570
348897
348961
349026
349050
349308
349428
349476
349578
350031
350123
350166
350190
350199
350215
350238
350418
350804
350819
351467
351505
351556
351569
351936
351967
352000
352544
353166
353612
353625
353703
353759
353957
354702
354730
354751
354797
355234
355239
355565
355679
355744
356354
356365
356662
357884
357929
358414
358429
358869
358919
358934
358959
359426
359428
359453
359491
359550
359589
359591
359930
359964
360117
361072
361468
361491
361986
362270
362279
362477
362566
362591
362600
362604
362818
363484
363670
363869
364041
364121
364537
364562
365010
365324
365332
365374
365379
365396
365514
365665
365809
365955
366151
366189
366281
366328
366509
366553
366721
366804
367415
367790
368044
368082
368331
368655
369140
369180
369218
369448
369476
369579
369953
370407
371333
371344
371799
372100
372125
372147
372251
372304
372754
373006
373029
373033
373046
373284
373368
373370
373385
373392
373986
374665
375063
375109
375388
375447
375581
375596
375599
375600
375603
376053
376236
376649
376719
377239
377271
377522
378405
378462
378464
378479
378490
378516
379033
379046
379091
379101
379468
379484
379957
379958
380027
380083
380677
381653
381995
382263
383684
383698
383737
383760
384154
384231
384701
384754
384759
384794
385027
385052
385120
385639
386231
386233
386237
386253
386751
386948
387128
387140
387349
388004
388289
388293
388363
388411
388412
388799
389221
389687
389712
389795
389816
389902
390192
390234
390556
390971
391052
391076
391386
391728
391758
392556
392571
392580
392628
392633
392659
393139
393152
393176
