4945
25474
38561
39003
42095
48428
49991
54360
61346
77981
87140
87247
91380
96818
96917
98575
108106
119744
130599
131171
142493
151803
156303
160629
161433
163875
164895
168547
176793
182325
183312
183407
186513
193221
193383
193385
193572
198528
200392
201092
205158
206415
213928
217101
221313
222725
223612
225921
228344
228351
241765
242116
247586
248723
253008
253163
264550
268018
288229
289581
296801
303602
306537
310721
313438
315710
329294
335100
336418
339312
342716
344893
351388
363978
366413
370261
371126
371728
374468
375846
375965
380853
382470
385232
