4
556
1145
1906
1933
1959
1979
2011
2024
2029
2045
2419
2508
2547
2590
2799
2974
3155
3265
3268
3376
3477
3494
3498
3613
3629
3657
3697
3703
3720
3782
3936
3944
3968
4038
4147
4311
4444
4510
4518
4524
4546
4815
4830
4852
4878
4900
4993
5019
5051
5108
5111
5179
5240
5425
5437
5456
5462
5481
5659
5664
5675
5734
5858
5969
6003
6014
6021
6043
6085
6096
6097
6109
6117
6159
6165
6189
6197
6270
6292
6331
6370
6412
6421
6501
6549
6616
6632
6659
6849
6876
6877
6893
6944
6956
6962
7005
7012
7034
7039
7162
7201
7265
7334
7381
7418
7424
7470
7540
7688
7716
7740
7769
7794
7810
7826
7893
7933
7946
8108
8359
8447
8528
8529
8545
8555
8557
8664
8691
8705
8896
8897
9018
9076
9089
9109
9136
9158
9159
9185
9204
9212
9213
9220
9277
9295
9307
9325
9329
9343
9392
9555
9565
9568
9613
9616
9698
9753
9823
9850
9872
9883
9885
9901
9917
9949
10001
10010
10022
10056
10090
10093
10135
10152
10157
10202
10229
10285
10286
10320
10349
10355
10411
10454
10470
10475
10484
10493
10507
10530
10575
10614
10619
10633
10738
10777
10835
10852
10853
10868
10948
10956
11010
11042
11056
11136
11189
11242
11326
11341
11349
11489
11516
11522
11539
11631
11697
11704
11781
11876
11902
11916
11917
11953
11977
11980
12011
12023
12053
12088
12091
12143
12216
12255
12293
12333
12340
12407
12425
12448
12464
12584
12591
12602
12619
12630
12648
12691
12737
12801
12814
12827
12835
12946
12963
12964
13024
13054
13058
13071
13075
13106
13132
13162
13164
13171
13191
13243
13258
13259
13269
13286
13287
13315
13333
13371
13400
13465
13530
13542
13569
13571
13596
13607
13610
13638
13674
13698
13716
13730
13732
13750
13789
13855
13888
13894
13950
13992
14023
14044
14047
14061
14079
14119
14120
14149
14152
14158
14182
14218
14240
14383
14385
14386
14387
14392
14433
14435
14463
14507
14523
14568
14588
14592
14606
14645
14786
14793
14798
14838
14924
14949
15032
15036
15088
15109
15162
15164
15252
15295
15346
15386
15411
15433
15456
15476
15554
15556
15608
15634
15674
15685
15690
15733
15750
15759
15781
15796
15797
15828
15845
15884
15900
15921
15992
16021
16095
16112
16234
16274
16311
16382
16452
16462
16510
16580
16601
16644
16646
16649
16660
16737
16753
16850
16946
16962
17035
17051
17064
17076
17079
17092
17139
17162
17225
17278
17286
17358
17409
17410
17431
17446
17562
17579
17582
17589
17629
17637
17651
17710
17719
17815
17821
17877
17920
17921
17923
17928
17943
17946
17961
17988
18015
18084
18091
18103
18158
18253
18271
18283
18290
18310
18341
18361
18508
18527
18581
18588
18656
18680
18754
18779
18812
18857
18907
18924
18943
18994
19002
19025
19084
19098
19118
19203
19258
19293
19297
19298
19329
19335
19378
19380
19383
19392
19410
19416
19447
19454
19570
19589
19612
19623
19656
19657
19662
19680
19766
19813
19941
19979
20073
20074
20078
20082
20083
20147
20148
20245
20268
20281
20285
20286
20289
20294
20295
20302
20305
20308
20312
20345
20437
20454
20477
20491
20537
20557
20568
20570
20574
20575
20593
20618
20621
20631
20658
20798
20821
20828
20856
20901
20921
20933
21067
21106
21122
21178
21192
21291
21295
21304
21321
21328
21379
21392
21397
21406
21416
21430
21444
21474
21480
21484
21485
21513
21616
21633
21650
21673
21721
21724
21735
21758
21774
21791
21803
21833
21837
21840
21845
21883
21891
21916
21969
21986
22027
22080
22155
22197
22215
22220
22233
22256
22325
22411
22467
22515
22521
22553
22567
22587
22640
22649
22666
22696
22725
22776
22792
22827
22885
22897
22908
22950
23111
23133
23177
23204
23228
23231
23234
23238
23249
23306
23329
23394
23398
23520
23521
23580
23588
23591
23637
23640
23641
23663
23740
23750
23751
23757
23766
23783
23787
23792
23804
23913
23980
24019
24021
24090
24096
24115
24138
24139
24170
24172
24177
24200
24235
24238
24261
24304
24325
24331
24337
24352
24370
24372
24422
24438
24558
24571
24664
24710
24719
24720
24731
24735
24764
24826
24829
24833
24834
24903
24906
24909
24911
24912
24914
24917
24920
24996
25039
25047
25062
25095
25097
25161
25220
25372
25387
25437
25468
25469
25499
25508
25510
25520
25540
25552
25570
25606
25607
25645
25676
25680
25696
25708
25720
25721
25722
25907
25912
25925
25994
26039
26054
26064
26084
26134
26143
26145
26203
26230
26237
26238
26266
26297
26319
26323
26331
26411
26449
26459
26462
26467
26475
26495
26559
26573
26624
26736
26741
26783
26786
26788
26802
26846
26860
26936
26939
26951
27016
27025
27081
27094
27106
27132
27137
27141
27224
27243
27254
27255
27262
27263
27265
27348
27377
27386
27393
27425
27437
27511
27529
27539
27725
27727
27729
27739
27745
27765
27775
27793
27796
27834
27884
27887
27928
27952
27959
28020
28044
28114
28143
28196
28197
28200
28215
28217
28256
28277
28291
28384
28397
28402
28457
28463
28500
28504
28518
28543
28559
28578
28587
28600
28606
28693
28710
28735
28737
28742
28749
28819
28865
28902
28986
29066
29079
29106
29140
29181
29186
29228
29269
29283
29324
29334
29363
29367
29377
29386
29390
29445
29624
29680
29682
29685
29686
29713
29714
29721
29736
29800
29994
30069
30083
30107
30111
30112
30150
30151
30171
30177
30184
30208
30214
30216
30249
30260
30282
30309
30329
30358
30373
30374
30437
30518
30520
30544
30546
30554
30570
30681
30732
30735
30736
30749
30763
30780
30814
30818
30823
30834
30864
30967
31030
31108
31109
31132
31176
31355
31366
31380
31417
31423
31429
31449
31479
31489
31504
31519
31569
31584
31597
31604
31611
31622
31627
31663
31678
31737
31778
31795
31838
31841
31853
31888
31897
31920
31954
31966
31972
31973
31996
32018
32027
32066
32084
32108
32131
32168
32232
32272
32276
32516
32522
32541
32579
32590
32595
32596
32617
32626
32830
32835
32838
32953
32957
32958
33010
33035
33051
33088
33089
33100
33369
33385
33426
33440
33441
33455
33463
33466
33473
33476
33477
33485
33491
33511
33512
33514
33522
33539
33560
33584
33590
33600
33630
33661
33677
33684
33697
33826
33852
33875
33882
33905
33964
34079
34081
34086
34100
34101
34130
34166
34283
34293
34313
34341
34353
34354
34438
34444
34446
34545
34585
34650
34702
34856
34876
34891
35017
35019
35022
35118
35170
35176
35222
35229
35264
35265
35278
35284
35403
35414
35422
35439
35448
35461
35465
35675
35719
35769
35772
35820
35821
35824
35838
35852
35871
35886
35902
35909
35914
35934
35958
35964
35969
35971
35974
35998
36021
36363
36382
36396
36410
36430
36431
36459
36475
36480
36515
36539
36547
36588
36599
36618
36696
36698
36708
36712
36723
36757
36761
36811
36817
36925
36931
36935
36943
37086
37088
37113
37149
37234
37305
37382
37463
37518
37549
37570
37585
37605
37632
37640
37711
37776
37814
37824
37828
37842
37846
37858
38093
38119
38140
38146
38200
38236
38335
38345
38588
38691
38696
38706
38707
38723
38726
38733
38778
38780
38786
38787
38804
38820
38822
38841
38876
38879
38889
38895
38906
38934
38957
39033
39051
39087
39088
39090
39097
39201
39218
39255
39380
39436
39468
39481
39494
39500
39571
39645
39695
39708
39724
39829
39832
39838
39852
39862
39863
39879
39907
39927
39937
39943
39951
39964
39983
39999
40021
40259
40261
40275
40279
40308
40335
40346
40350
40368
40406
40408
40445
40452
40453
40467
40486
40530
40538
40561
40572
40594
40665
40692
40697
40795
40879
41425
41428
41478
41534
41558
41568
41570
41579
41586
41628
41633
41703
41720
41729
41737
41780
41789
41798
41803
41807
41812
41815
41822
41830
41849
41866
41894
41954
41980
42017
42027
42028
42346
42564
42577
42617
42644
42653
42655
42657
42658
42660
42671
42672
42675
42682
42687
42789
42792
42851
42865
42866
42873
42874
42876
42889
42947
43015
43040
43078
43215
43216
43217
43257
43300
43344
43385
43388
43402
43412
43422
43446
43454
43455
43463
43464
43473
43496
43507
43513
43586
43649
43743
43760
43805
43861
43862
43882
43896
43930
43941
44048
44068
44081
44084
44096
44097
44126
44127
44146
44147
44153
44162
44196
44569
44595
44633
44636
44645
44646
44659
44667
44693
44698
44701
44703
44707
44725
44734
44745
44761
44762
44775
44779
44781
44799
44805
44822
44831
44854
44870
44872
44875
44876
44877
44878
44881
44917
44940
44954
44960
44964
44986
44991
45006
45019
45038
45041
45043
45052
45059
45077
45082
45160
45195
45214
45220
45229
45236
45237
45242
45267
45269
45270
45354
45364
45413
45438
45482
45532
45771
45787
45792
45795
45815
45823
45828
45838
45845
45865
45891
45897
45938
45939
45952
45965
45986
46000
46002
46015
46046
46073
46107
46175
46194
46238
46281
46371
46379
46383
46384
46403
46421
46465
46503
46504
46565
46644
46653
46693
46694
46696
46698
46798
46824
46827
46833
46837
46845
47121
47190
47216
47221
47224
47229
47236
47238
47254
47302
47329
47332
47337
47338
47382
47387
47397
47407
47441
47454
47467
47475
47477
47479
47484
47498
47520
47579
47630
47958
48026
48041
48043
48073
48082
48091
48094
48102
48112
48116
48120
48134
48163
48174
48184
48347
48350
48364
48394
48419
48426
48457
48463
48464
48467
48474
48507
48577
48641
48644
48657
48679
48709
48733
48739
48748
48751
48906
48924
48932
48935
48939
48956
48963
48968
48977
48981
48991
48993
48997
48999
49004
49012
49015
49032
49039
49041
49047
49051
49061
49071
49085
49101
49156
49215
49229
49232
49271
49476
49649
49672
49680
49705
49712
49754
49768
49791
49848
49853
49873
49884
49907
49946
49950
49984
50003
50015
50025
50032
50048
50049
50064
50069
50070
50082
50084
50086
50114
50120
50133
50138
50148
50159
50167
50177
50186
50196
50217
50234
50241
50245
50269
50318
50324
50329
50347
50355
50359
50405
50420
50487
50488
50626
50635
50650
50670
50704
50818
51376
51399
51415
51430
51445
51449
51478
51485
51489
51492
51509
51535
51544
51546
51572
51584
51625
51628
51629
51640
51653
51660
51687
51698
51702
51829
51993
52081
52103
52126
52146
52168
52270
52305
52306
52376
52377
52494
52503
52779
52780
52789
52792
52804
52857
52864
52873
52889
52911
52929
52935
52937
52938
52944
52953
52966
52973
52980
52991
52992
53000
53001
53003
53022
53033
53034
53050
53051
53058
53063
53065
53066
53067
53080
53159
53169
53172
53214
53446
53455
53467
53491
53504
53506
53507
53524
53547
53562
53580
53582
53590
53650
53680
53703
53704
53719
53722
53754
53773
53784
53785
53855
53881
53888
53907
53908
53913
53914
53917
53937
53943
53981
54001
54011
54036
54041
54076
54077
54084
54086
54087
54095
54106
54115
54135
54142
54151
54153
54169
54173
54192
54195
54221
54228
54248
54249
54250
54265
54267
54271
54281
54299
54324
54326
54374
54583
54597
54600
54664
54667
54714
54741
54747
54752
54767
54779
54785
54831
54841
54845
54868
54877
54885
54938
54946
54954
54964
55023
55085
55090
55096
55102
55103
55174
55230
55249
55271
55291
55293
55376
55486
55557
55587
55597
55633
55674
55719
55764
55786
55867
55989
56042
56090
56120
56122
56329
56364
56370
56376
56384
56394
56417
56420
56437
56463
56483
56486
56494
56507
56509
56515
56516
56531
56543
56544
56552
56557
56561
56577
56580
56584
56599
56603
56604
56609
56642
56644
56646
56663
56664
56668
56672
56696
57080
57102
57104
57119
57144
57186
57205
57210
57239
57261
57274
57289
57301
57336
57337
57352
57375
57379
57384
57387
57396
57435
57450
57455
57466
57474
57478
57496
57569
57617
57643
57705
57736
57780
57843
57858
57877
57917
57976
58049
58088
58121
58191
58203
58271
58283
58298
58379
58414
58432
58451
58454
58457
58568
58577
58582
58589
58590
58609
58617
58620
58630
58637
58768
58962
58989
59009
59032
59109
59159
59179
59191
59199
59209
59226
59228
59266
59267
59276
59295
59298
59299
59320
59336
59345
59364
59376
59410
59411
59522
59569
59631
59686
59708
60086
60182
60213
60246
60260
60269
60285
60294
60298
60311
60326
60345
60348
60358
60382
60394
60400
60408
60432
60517
60553
60588
60604
60618
60629
60633
60709
60780
60786
60789
60856
60860
60899
60909
60979
60992
61008
61022
61104
61131
61134
61171
61180
61194
61244
61253
61254
61282
61294
61373
61389
61436
61464
61468
61528
61536
61537
61588
61629
61638
61641
61682
61688
61707
61734
61757
61804
61811
61898
61986
61995
62027
62045
62073
62132
62138
62227
62266
62285
62360
62406
62411
62422
62636
62652
62707
62757
62815
62847
62931
63012
63013
63153
63207
63209
63264
63331
63340
63401
63402
63460
63474
63480
63577
63593
63595
63601
63666
63675
63677
63709
63761
63809
63823
63824
63886
63930
63956
63967
63970
63988
63996
64022
64023
64134
64148
64164
64177
64234
64237
64250
64258
64296
64297
64318
64331
64402
64459
64478
64566
64599
64616
64638
64643
64685
64686
64800
64803
64811
64929
64949
64979
64981
65066
65091
65139
65144
65185
65345
65392
65472
65493
65513
65530
65579
65604
65615
65644
65645
65650
65695
65707
65719
65771
65800
65809
65816
65914
65916
65941
65957
65968
66111
66220
66245
66268
66285
66291
66292
66313
66319
66334
66344
66347
66373
66393
66462
66534
66552
66910
67000
67019
67223
67239
67252
67281
67287
67300
67345
67365
67400
67417
67419
67441
67448
67456
67461
67475
67479
67480
67481
67483
67499
67533
67540
67590
67594
67616
67634
67641
67663
67665
67671
67685
67711
67737
67749
67754
67756
67757
67772
67784
67788
67794
67814
67862
67863
67866
67868
67870
67874
67880
67881
67902
67908
67909
67923
67926
67935
67969
67970
67973
67980
67984
67991
67995
67998
68001
68011
68139
68150
68153
68242
68277
68301
68342
68406
68446
68458
68460
68575
68660
68681
68689
68703
68705
68734
68782
68787
68811
68824
68842
68847
68879
68885
68895
68918
68982
69042
69070
69076
69146
69153
69161
69170
69209
69236
69253
69267
69312
69314
69462
69473
69562
69568
69569
69574
69595
69596
69616
69625
69628
69639
69655
69676
69689
69696
69704
69712
69722
69725
69735
70066
70072
70123
70134
70137
70138
70157
70159
70181
70248
70253
70267
70271
70286
70292
70294
70301
70302
70310
70318
70324
70354
70371
70386
70400
70406
70409
70416
70419
70423
70447
70450
70478
70510
70512
70513
70514
70620
70691
70693
70694
70703
70918
70940
70972
71010
71286
71341
71381
71714
71751
71760
71817
71825
71829
71835
71846
71852
71865
71874
71881
71882
71892
71901
71950
71964
71983
71986
71996
72005
72022
72050
72062
72063
72084
72086
72121
72127
72129
72133
72141
72145
72160
72232
72246
72259
72263
72276
72281
72298
72304
72309
72411
72423
72480
72527
72580
72732
72909
72997
72999
73010
73013
73061
73114
73120
73121
73123
73132
73136
73153
73164
73173
73198
73213
73240
73247
73248
73298
73299
73304
73309
73347
73359
73372
73525
73533
73587
73731
73814
73862
73887
73897
73913
73989
74009
74010
74011
74013
74029
74030
74107
74126
74184
74186
74219
74252
74272
74290
74575
74664
74671
74675
74676
74682
74683
74684
74692
74699
74714
74736
74760
74785
74804
74806
74822
74825
74829
74848
74855
74872
74874
74883
74885
74898
74903
74911
74924
74936
74953
74958
74984
74991
74992
74995
74996
74999
75005
75008
75010
75011
75012
75032
75035
75043
75045
75048
75055
75065
75074
75087
75095
75119
75127
75160
75166
75170
75173
75210
75227
75277
75288
75295
75305
75320
75325
75354
75396
75403
75404
75423
75426
75427
75432
75444
75510
75532
75543
75546
75561
75568
75571
75585
75587
75590
75591
75605
75617
75630
75632
75636
75639
75691
75703
75749
75761
75798
75817
75824
76892
76898
76917
76920
76941
76950
76970
76974
77024
77025
77063
77067
77081
77085
77088
77094
77136
77168
77186
77191
77214
77227
77235
77238
77256
77271
77290
77308
77316
77336
77341
77344
77378
77405
77420
77436
77485
77542
77543
77549
77557
77611
77929
77948
77992
77993
78001
78042
78048
78049
78081
78110
78191
78216
78307
78310
78361
78483
78542
78544
78597
78670
78740
78841
78890
78894
79019
79051
79081
79225
79353
79381
79388
79394
79533
79559
79587
79593
79595
79620
79621
79639
79669
79676
79684
79703
79704
79707
79714
79718
79745
79756
79771
79845
79858
80230
80234
80263
80288
80338
80370
80372
80376
80416
80417
80419
80436
80438
80513
80525
80533
80547
80556
80558
80567
80577
80578
80582
80597
80599
80600
80622
80642
80663
80670
80673
80678
80684
80715
80722
80747
80748
80767
80768
80769
80775
80805
80860
80891
80994
80995
81001
81002
81097
81103
81106
81137
81175
81194
81245
81263
81266
81282
81376
81396
81408
81414
81497
82116
82131
82138
82166
82243
82254
82260
82271
82279
82305
82308
82311
82320
82334
82335
82341
82357
82393
82466
82467
82513
82515
82560
82777
82826
83019
83125
83998
84026
84027
84042
84079
84107
84150
84165
84170
84190
84226
84303
84308
84328
84355
84357
84361
84378
84395
84453
84458
84486
84490
84499
84521
84541
84548
84564
84565
84588
84627
84659
84668
84689
84742
84777
84785
84822
84840
84848
84970
84989
85037
85049
85077
85094
85144
85145
85347
85357
85454
85462
85529
85594
85718
85725
85737
85773
85779
85808
85825
85838
85846
85861
85869
85898
85902
85906
85922
85959
86075
86078
86414
86422
86430
86444
86458
86463
86478
86492
86498
86516
86520
86526
86531
86560
86577
86602
86620
86637
86639
86648
86653
86672
86681
86689
86692
86705
86756
86765
86775
86778
86803
86804
86827
86840
86846
86867
86870
86875
86887
86897
86915
86917
86947
86949
86954
86963
86979
87013
87078
87083
87093
87119
87125
87167
87177
87223
87264
87467
87609
88275
88277
88317
88326
88328
88352
88356
88373
88384
88425
88436
88437
88476
88480
88494
88504
88515
88524
88527
88531
88532
88580
88622
88661
88760
88766
88849
88897
88944
88946
88948
88949
88958
88981
88982
88985
89030
89049
89089
89095
89098
89123
89149
89151
89168
89238
89271
89302
89317
89344
89362
89405
89407
89419
89452
89455
89478
89483
89493
89515
89541
89597
89629
89678
89731
89736
89747
89996
90015
90068
90094
90140
90145
90154
90186
90236
90271
90274
90317
90328
90330
90338
90345
90398
90400
90414
90426
90447
90517
90526
90536
90548
90557
90561
90639
90667
90681
90758
90767
90778
90798
90863
90940
90942
90961
90965
90980
91003
91262
91267
91297
91324
91332
91338
91360
92384
92485
92502
92507
92531
92545
92561
92566
92577
92582
92586
92592
92595
92623
92635
92642
92646
92656
92667
92676
92686
92731
92781
92796
92804
92811
92817
92869
92873
92891
92924
92929
93001
93012
93047
93074
93094
93102
93178
93224
93261
93339
93394
93411
93495
93532
94355
94403
94418
94421
94425
94431
94469
94481
94490
94496
94511
94518
94523
94525
94536
94558
94560
94574
94599
94650
94658
94663
94666
94694
94746
94794
94802
94812
94839
94850
94870
94879
94892
94895
94936
94942
94952
94953
94957
94974
94997
95001
95019
95044
95050
95170
95459
95734
95770
95838
95839
95845
95895
95896
95897
95911
95916
95921
95926
95935
96005
96017
96030
96172
96173
96192
96379
96385
96402
96403
96433
96436
96441
96478
96622
96634
96635
96649
96664
96671
96672
96680
96686
96695
96698
96707
96714
96817
96890
97559
97633
97827
97828
97870
97894
97901
97913
97928
97934
97963
97966
97968
97976
97977
97978
97984
97988
97993
97996
98029
98046
98048
98049
98051
98052
98057
98072
98074
98077
98101
98103
98109
98113
98128
98130
98155
98175
98181
98190
98219
98244
98277
98279
98284
98295
98297
98321
98336
98341
98358
98364
98371
98372
98384
98401
98413
98418
98424
98433
98449
98450
98451
98455
98476
98479
98480
98485
98490
98491
98541
98548
98569
98570
98599
98602
98603
98604
98605
98609
98633
98639
98646
98650
98662
98663
98683
98693
98694
98721
98794
98814
98866
99366
99444
99446
99522
99544
99578
99585
99601
99621
99624
99634
99637
99643
99656
99679
99694
99711
99735
99779
99780
99787
99921
99940
99995
100025
100171
100246
100319
100321
100322
100331
100347
100412
100513
100541
100587
100737
100792
100849
100888
100943
100965
100983
100990
101031
101095
101122
101190
101211
101223
101233
101237
101241
101247
101382
101390
101460
101589
101667
101756
101920
101953
101989
102003
102014
102025
102038
102075
102103
102136
102139
102164
102168
102177
102195
102260
102305
102329
102339
102342
102372
102381
102382
102386
102395
102396
102398
102430
102453
102514
102537
102543
102548
102556
102570
102573
102581
102594
102628
102639
102721
102746
102751
102752
102764
102783
102798
102855
102898
102978
102991
102995
103024
103039
103043
103083
103132
103134
103135
103244
103311
103345
103380
103385
103422
103601
103642
103697
103746
103790
103810
103853
103967
103994
103999
104058
104064
104081
104099
104109
104178
104182
104220
104380
104385
104386
104577
104711
104793
104822
104873
105080
105240
105266
105272
105297
105363
105368
105403
105460
105528
105595
105739
105750
105752
105874
105925
105951
105958
106174
106291
106337
106456
106467
106471
106510
106524
106537
106581
106594
106599
106605
106646
106748
106782
106838
106842
106890
106900
106901
106911
106928
106998
107025
107026
107055
107085
107106
107156
107166
107169
107207
107228
107244
107262
107367
107377
107415
107417
107440
107461
107497
107508
107535
107543
107587
107595
107597
107616
107627
107677
107680
107691
107709
107811
107820
108001
108129
108144
108162
108178
108239
108250
108267
108309
108337
108347
108370
108390
108436
108478
108520
108535
108585
108605
108611
108645
108688
108767
108819
108835
108842
108891
108923
109021
109069
109082
109177
109187
109303
109356
109362
109447
109745
109967
110021
110051
110257
111096
111537
111572
111613
111659
111671
111712
111733
111826
111829
111857
111879
111900
111930
111968
111969
111972
111976
111994
112018
112022
112024
112057
112087
112092
112116
112117
112136
112150
112192
112203
112240
112361
112379
112398
112413
112429
112469
112524
112636
112673
112824
112825
112905
112996
112998
113183
113239
113244
113468
113560
113605
113608
113650
113663
113870
113883
113897
113914
114071
114103
114113
114146
114181
114213
114220
114227
114240
114247
114281
114292
114297
114325
114331
114332
114351
114353
114354
114377
114392
114457
114459
114461
114566
114665
114729
114738
114834
114840
114857
114883
114918
115024
115039
115046
115050
115065
115083
115106
115125
115134
115155
115184
115202
115219
115438
115489
115521
115527
115570
115623
115697
115758
115763
115869
115885
115895
115938
115940
116029
116033
116038
116058
116106
116119
116141
116142
116247
116268
116326
116350
116382
116501
116571
116577
116613
116614
116623
116664
116696
116734
116739
116744
116755
116765
116801
116823
116844
116855
116935
116960
117002
117038
117064
117092
117134
117148
117157
117194
117197
117202
117236
117247
117277
117434
117518
117531
117589
117650
117693
117722
117737
117819
117843
117908
117930
118070
118086
118096
118101
118145
118164
118284
118289
118294
118295
118317
118321
118494
118502
118504
118508
118509
118532
118542
118550
118594
118611
118612
118618
118640
118651
118675
119088
119093
119095
119097
119099
119104
119105
119126
119134
119136
119171
119191
119201
119203
119216
119227
119260
119269
119326
119352
119365
119393
119399
119404
119421
119438
119439
119442
119474
119638
119977
119978
119995
120008
120017
120019
120039
120199
120212
120249
120307
120395
120536
120573
120614
120622
120798
120978
121027
121028
121130
121969
121989
121992
122013
122028
122052
122055
122075
122088
122122
122134
122170
122173
122185
122188
122264
122304
122305
122306
122343
122351
122368
122374
122392
122403
122404
122492
122508
122543
122544
122574
122650
122689
122734
122752
122808
122812
122830
122877
122928
122931
122940
123055
123069
123116
124168
124177
124181
124193
124196
124208
124214
124227
124235
124242
124317
124319
124341
124342
124353
124359
124365
124382
124392
124395
124400
124417
124458
124465
124468
124487
124490
124508
124514
124558
124594
124632
124639
124652
124662
124671
124681
124683
124694
124716
124726
124760
124823
124826
124832
124842
124847
124875
124879
124933
124952
124970
124971
124978
124984
124995
125002
125015
125038
125046
125065
125067
125091
125092
125110
125132
125134
125142
125144
125163
125219
125231
125237
125273
125282
125304
125313
125339
125342
125350
125373
125390
125400
125431
125445
125446
125476
125490
125503
125521
125522
125528
125545
125560
125562
125574
125578
125599
125619
125639
125654
125657
125674
125684
125720
125726
125734
125773
125785
125801
125802
125807
125883
125901
125912
125953
125965
126002
126054
126081
126083
126101
126106
126110
126111
126132
126134
126146
126262
126263
126593
126601
127368
127466
127471
127485
127516
127518
127558
127576
127597
127611
127632
127645
127652
127685
127696
127726
127756
127831
127836
127873
127913
127919
127960
127997
127999
128432
128455
128549
128554
128557
128573
128591
128631
128635
128651
128676
128710
128744
128748
128757
128766
128771
128853
128964
129012
129020
129029
129186
129270
129272
129297
129313
129334
129350
129416
129447
129758
129790
129800
129837
129850
129857
129860
129952
130055
130075
130414
130419
130438
130442
130457
130459
130473
130483
130508
130556
130557
130559
130572
130579
130608
130622
130627
130631
130636
130669
130680
130682
130691
130720
130725
130730
130736
130742
130745
130748
130751
130761
130767
130778
130780
130785
130789
130796
130830
130855
130861
130878
130881
130898
130911
130914
130928
130930
130942
130998
131052
131619
131672
131676
131770
131841
131880
131903
131950
131963
131967
132005
132010
132013
132037
132051
132061
132065
132074
132082
132122
132127
132139
132174
132189
132214
132221
132229
132236
132254
132289
132372
132396
132441
132442
132548
132572
132608
133061
133116
133135
133142
133220
133229
133248
133255
133294
133380
133587
133607
133909
133947
134014
134090
134202
134328
134370
134390
134394
134522
134542
134544
134545
134549
134560
134563
134566
134580
134590
134596
134600
134602
134615
134622
134623
134677
134702
134727
134915
134917
134920
134925
134933
134937
134938
134952
134963
134980
135303
135539
135566
135570
135586
135591
135602
135620
135626
135630
135631
135635
135656
135684
136158
136175
136178
136179
136186
136191
136211
136223
136226
136370
136426
136511
136655
136659
136714
136716
136748
136785
136811
136909
136910
136917
136933
136964
136969
136981
137035
137217
137243
137269
137275
137282
137293
137297
137298
137325
137331
137333
137358
137407
137410
137420
137435
137445
137512
137523
137537
137545
137550
137552
137558
137560
137566
137593
137617
137655
137663
137681
137740
137743
137744
137770
137772
137814
137828
137882
137906
137976
138041
138052
138125
138157
138192
138948
139004
139005
139017
139097
139101
139116
139119
139133
139148
139155
139168
139169
139176
139194
139202
139209
139252
139272
139291
139308
139312
139337
139411
139588
139808
140188
140608
141131
141638
141693
141743
141757
141768
141773
141788
141796
141802
141803
141819
141825
141861
141879
141891
141892
141896
141952
141961
141962
141963
141965
141972
141999
142000
142019
142044
142052
142060
142061
142064
142079
142091
142095
142106
142125
142137
142145
142153
142160
142165
142180
142195
142198
142211
142285
142292
142300
142301
142305
142332
142334
142335
142339
142341
142364
142365
142394
142441
142455
142482
142485
142558
142605
142654
142831
142879
142974
142980
143091
143140
143145
143210
143622
143646
143686
143705
143729
143731
143746
143763
143764
143769
143782
143785
143838
143863
143871
143872
143874
143898
143902
143907
143908
143921
143922
143937
143946
143950
143951
143962
143964
143965
144030
144033
144070
144102
144109
144110
144111
144117
144184
144331
144346
144902
144935
144950
144953
144958
144961
144964
144967
145003
145029
145034
145037
145041
145092
145100
145110
145167
145190
145213
145223
145252
145274
145300
145310
145342
145588
145612
145681
145790
145805
145883
145923
145934
145967
145972
145998
146002
146050
146270
146293
146294
146305
146334
146482
146973
147005
147037
147038
147042
147060
147063
147068
147077
147078
147082
147114
147118
147140
147141
147164
147202
147213
147230
147231
147537
147551
147563
147725
147737
147765
147870
147878
147886
147887
147904
147919
147943
147961
148048
148162
148184
148188
148252
148305
148496
148497
148537
148540
148606
149229
149256
149263
149284
149298
149300
149333
149343
149352
149363
149368
149378
149379
149385
149404
149591
149603
149648
149666
149675
149686
149688
149701
149714
149725
149807
149840
149936
149943
149950
149963
150072
150074
150080
150144
150190
150207
150214
150237
150355
150363
150386
150388
150401
150410
150422
150444
150462
150465
150683
150686
150707
150708
150725
150743
150746
150774
150778
150787
150789
150818
150850
150852
150878
150940
150976
151511
151568
151587
151590
151591
151600
151613
151624
151686
151695
151962
151995
152009
152148
152210
152211
152212
152219
152310
152586
152618
152640
152726
152907
152912
152940
152975
152985
153013
153360
153368
153392
153398
153401
153404
153418
153422
153438
153440
153443
153448
153450
153465
153478
153490
153491
153492
153527
153536
153544
153550
153562
153565
153583
153584
153604
153608
153672
153698
153700
153745
153762
154429
154455
154645
154663
154707
154717
154738
154805
155050
155058
155061
155114
155196
155276
155399
155436
155625
155628
155659
155687
155914
155949
155951
155975
155976
156004
156046
156051
156053
156061
156063
156082
156091
156110
156132
156136
156141
156160
156166
156168
156181
156182
156199
156201
156211
156220
156227
156287
156370
156762
156795
156888
156903
156919
157114
157115
157124
157140
157157
157164
157249
157477
157505
157514
157549
157583
157767
157965
158017
158155
158159
158205
158211
158215
158239
158241
158246
158259
158261
158262
158287
158365
158370
158383
158404
158603
158619
158623
158634
158653
158656
158674
158677
158696
158844
158864
158867
158893
158905
158906
158907
158908
158943
158972
159241
159369
159561
159564
159566
159568
159604
159618
159756
159875
159876
159880
159881
159989
160094
160096
160098
160099
160162
160185
160218
160296
160384
160444
160529
160611
160670
160699
160712
160722
160728
160736
160756
160793
160821
160824
160825
160864
160889
160930
160961
160972
160979
161002
161098
161229
161306
161424
161665
161671
161672
161706
161735
161757
161918
162480
162496
162521
162523
162524
162554
162556
162600
162606
162627
162638
162643
162646
162649
162655
162673
162697
162748
162754
162769
162806
163024
163063
163072
163084
163111
163125
163144
163150
163158
163176
163229
163267
163278
163292
163314
163716
163726
163727
163769
163856
164267
164277
164279
164306
164433
164470
164502
164579
164700
164706
164707
165162
165176
165210
165237
165238
165246
165247
165249
165257
165260
165274
165330
165339
165345
165377
165382
165388
165405
165425
165427
165472
165522
165527
166012
166071
166104
166121
166126
166127
166154
166160
166181
166204
166207
166209
166220
166221
166222
166226
166227
166237
166260
166278
166284
166964
166974
167001
167003
167010
167021
167034
167054
167074
167084
167138
167149
167159
167726
167755
167770
167771
168116
168141
168161
168208
168250
168519
168771
168783
168798
168811
168814
168851
168861
168869
168907
168908
168913
168925
168970
168990
168993
169467
169468
169481
169494
169555
169573
169581
169588
169595
169609
169610
169617
169641
169648
169662
169683
169689
170182
170185
170190
170205
170208
170219
170229
170232
170234
170241
170243
170266
170269
170286
170306
170309
170319
170325
170363
170364
170368
170400
170411
170458
170581
170638
170885
170931
170974
170978
170984
170986
171062
171312
171331
171335
171353
171409
171474
171490
171504
171541
171564
171577
171700
171733
171750
171754
171800
172107
172121
172128
172140
172172
172281
172430
172439
172442
172456
172477
172485
172494
172495
172500
172502
172507
172538
172539
172545
172553
172554
172557
172558
172561
172594
172866
172907
172951
172969
172999
173036
173146
173151
173255
173316
173323
173550
173558
173581
173583
173609
173651
173652
174068
174108
174111
174126
174136
174151
174259
174265
174635
174652
174655
174679
174688
174716
174739
174759
174763
174789
174792
174802
174837
174854
175147
175152
175161
175163
175174
175179
175190
175195
175203
175246
175251
175255
175280
175402
175424
175447
175454
175458
175462
175686
175691
175741
175745
175787
175818
175843
175845
175849
175856
175857
175884
175887
176111
176119
176129
176651
176661
176677
176699
176706
176720
176723
176762
176771
176774
176778
176780
176834
176859
177168
177170
177199
177219
177249
177268
177289
177312
177352
177393
177406
177454
177676
177688
177694
177700
177746
177774
177775
177967
177974
177985
177989
178013
178036
178041
178061
178089
178102
178108
178112
178139
178362
178363
178373
178398
178419
178469
178474
178480
178493
178507
178543
178547
178567
178763
178798
178812
178816
179606
179631
179640
179641
179664
179670
179672
179675
179686
179701
179706
179718
179728
179730
179741
179752
179757
179764
179850
179868
179869
179875
179892
180215
180222
180227
180231
180268
180273
180287
180303
180335
180346
180382
180391
180398
180412
180428
180445
180452
180483
180485
180593
180821
180831
180849
180862
180874
180894
180918
180921
181431
181456
181468
181486
181490
181562
181579
181663
181728
181813
181814
181850
181965
182003
182047
182058
182969
183022
183045
183066
183080
183084
183109
183148
183167
183170
183194
183197
183209
183216
183218
183224
183242
183246
183248
183281
183317
183326
183333
183589
183602
183652
183708
183715
183723
183800
183811
183840
183857
183885
183893
183904
183907
183922
183954
183966
183968
183994
184004
184009
184011
184013
184041
184042
184402
185010
185017
185021
185071
185075
185093
185124
185165
185243
185274
185313
185370
185388
185557
185579
185631
185721
185831
185838
185850
185976
186444
186451
186453
186457
186458
186464
186474
186484
186495
186507
186525
186531
186543
186552
186723
186735
186741
186771
186792
186815
186830
186835
186841
186857
187030
187056
187070
187087
187142
187156
187161
187480
187489
187516
187552
187557
187568
187596
187597
187600
187605
187742
187779
187785
187788
187961
188233
188253
188366
188395
188397
188403
188426
188431
188435
188590
188602
188631
188742
188977
189268
189277
189281
189282
189313
189642
189650
189670
189678
189682
189687
189713
189726
189738
189740
189764
189842
189990
189992
189993
190156
190158
190232
190242
190468
190723
190733
190753
190760
190761
190792
190795
190800
190842
190877
190881
190886
190888
190894
190896
190901
190908
190911
190916
190925
190940
190972
190982
191269
191286
191598
191601
191616
191646
191647
191949
191960
191976
192195
192230
192256
192381
192384
192394
192570
192599
193052
193120
193168
193213
193279
193298
193854
193865
193913
193922
193932
193939
193957
193969
194045
194078
194079
194086
194121
194139
194141
194143
194193
194195
194205
194218
194222
194229
194240
194248
194270
194271
194294
194295
194325
194326
194340
194345
194356
194370
194380
194383
194388
194396
194458
194485
194487
194506
194520
194527
194529
194542
194572
194588
194605
194647
194686
194693
194797
194830
194846
194861
194912
194923
194953
194957
195012
195162
196246
196251
196253
196301
196324
196342
196374
196378
196396
196417
196418
196441
196471
196492
197654
197677
197712
197717
197746
197791
197794
197851
197866
197867
197910
197956
197963
197968
197998
197999
198000
198002
198005
198056
198100
198104
198107
198113
198155
198230
198324
198885
198935
199022
199037
199055
199207
199211
199252
199386
199409
199660
199847
199864
199869
199882
199905
199925
199929
199938
199984
200067
200131
200351
200353
200359
200372
200377
200381
200388
200455
200464
200652
200671
200691
200703
200705
200770
200772
200775
200777
200804
200810
200815
200818
200824
200826
200827
200829
200831
200837
200850
200851
200858
200862
200864
200879
200880
200911
200953
200955
200961
201007
201462
201480
201484
201519
201958
201962
202015
202019
202033
202046
202060
202061
202231
202488
202550
202714
202734
202950
203080
203082
203088
203094
203096
203112
203122
203356
203377
203411
203417
203419
203426
203431
203437
203444
203449
203462
203466
203469
203475
203486
203496
203501
203521
203534
203536
203537
203548
203570
203582
203657
203666
203929
204326
204368
204382
204410
204423
204909
204929
204941
205002
205225
205262
205270
205282
205295
205301
205343
205351
205537
205709
205738
205749
205765
205776
205778
205795
205812
205823
205840
205851
205876
205911
205923
205930
205946
206322
206345
206349
206354
206357
206371
206403
206513
206525
206917
206933
206946
206958
206986
206995
207000
207014
207028
207055
207083
207098
207102
207144
207451
207457
207543
207666
207682
207691
207981
207989
207994
208042
208165
208166
208218
208243
208248
208606
208614
208640
208656
208680
208696
208698
208704
208712
208729
209060
209070
209076
209078
209082
209089
209091
209096
209120
209142
209209
209514
209552
209595
209650
209670
209675
209677
209719
209736
209961
209969
210004
210009
210013
210229
210268
210277
210342
210347
210376
210702
210756
210758
210788
211071
211088
211103
211124
211126
211139
211142
211146
211181
211234
211501
211521
211536
211554
211557
211570
211591
211600
211603
211609
211623
211948
211975
211980
211985
212018
212053
212084
212136
212138
212151
212219
212413
212484
212708
212724
212750
212789
212798
212842
212858
212975
213252
213501
213506
213508
213511
213522
213523
213543
213565
213598
213615
213819
213831
213847
213848
213851
213863
213864
213889
213896
213904
213907
213910
213914
213919
213926
213929
213953
214165
214194
214215
214218
214226
214251
214263
214269
214532
214536
214545
214550
214557
214784
214864
214882
214891
214953
215028
215031
215034
215054
215115
215129
215233
215236
215312
215425
215478
215633
215634
215640
215647
215657
215689
215694
215729
215733
215808
215862
215888
215893
215901
215907
216032
216055
216064
216066
216067
216117
216316
216329
216459
216614
216657
216702
216716
216782
216848
216851
216964
216980
217157
217177
217185
217212
217215
217219
217263
217408
217475
217504
217519
217521
217606
217655
217674
217697
217734
217751
218042
218110
218117
218146
218157
218163
218173
218174
218179
218191
218194
218224
218236
218610
218828
219009
219206
219286
219998
220037
220045
220048
220053
220059
220066
220074
220085
220094
220103
220116
220133
220138
220141
220143
220144
220146
220160
220173
220176
220205
220251
220476
220477
220479
220490
220508
220535
220548
220551
220948
220985
220992
221023
221025
221027
221038
221039
221042
221570
221586
221630
221809
221875
222004
222015
222018
222186
222470
222486
222641
222996
223043
223046
223053
223058
223082
223087
223090
223096
223098
223121
223135
223140
223153
223154
223173
223197
223532
223562
223577
223581
223594
223638
224001
224041
224042
224082
224086
224123
224124
224137
224195
224229
224246
224262
224794
224808
224824
224893
225101
225115
225117
225160
225167
225168
225247
225265
225304
225334
225342
225658
225665
225673
225703
225705
226140
226184
226187
226197
226207
226236
226240
226241
226243
226271
226292
226293
226622
226642
226659
226662
226678
226689
227121
227188
227198
227278
227422
227432
227792
227816
227822
227829
227833
228051
228138
228184
228212
228230
228238
228430
228447
228459
228494
228518
228717
228745
228758
228790
228803
228811
228857
229046
229071
229076
229091
229335
229393
229438
229493
229502
229742
229764
229776
229936
229939
230005
230129
230132
230138
230162
230209
230215
230227
230232
230250
230471
230484
230488
230509
230516
230587
230606
230796
230802
230840
231059
231062
231067
231074
231086
231105
231108
231116
231153
231159
231187
231198
231201
231214
231241
231249
231453
231600
231727
231818
231879
232022
232025
232045
232096
232124
232135
232148
232412
232430
232442
232466
232476
233165
233171
233188
233238
233278
233517
233539
233552
233648
233659
233722
234159
234466
234467
234494
234504
234535
234538
234555
234557
234603
234610
234635
235030
235031
235094
235582
235585
235589
235593
235596
235606
235613
235617
235627
235632
235635
235636
235638
235641
235643
235656
235667
235668
235693
235694
235734
235740
236165
236255
236279
237017
237068
237111
237123
237140
237319
237492
237517
237526
237528
237547
237682
237687
237733
237772
237817
238090
238434
238442
238449
238465
238470
238471
238478
238486
238492
238499
238507
238513
238885
238909
238924
238940
238945
238957
238967
238980
239018
239020
239029
239276
239287
239304
239367
239597
239603
239630
239752
239794
239879
240041
240073
240091
240092
240104
240112
240335
240553
240561
240580
240582
240585
240602
240796
240832
240853
240866
240888
240894
240921
240975
241111
241113
241693
241726
241727
241977
242179
242229
242486
242809
243095
243111
243115
243137
243444
243557
243582
243586
243764
243769
243771
243813
243820
243838
243852
244011
244027
244094
244187
244205
244222
244224
244228
244230
244232
244235
244353
244656
244685
244716
244722
244791
244835
245101
245107
245146
245159
245162
245168
245212
245548
245601
245680
245775
246164
246230
246250
246586
246600
246822
246943
246955
247012
247475
247495
247765
247781
247782
247811
247818
247819
247843
248669
248689
249102
249116
249384
249631
249769
250060
250072
250090
250118
250129
250289
250297
250312
250336
250337
250345
250346
250360
250363
250397
250417
250430
250592
251024
251359
251363
251408
251561
251573
251599
251671
251676
251784
251789
251847
251870
251875
251917
251935
252184
252766
252832
252856
252885
252891
252915
252942
252949
252987
252991
252997
253095
253149
253195
253409
253427
253441
253452
253469
253472
253484
253487
253497
253505
253527
253569
253582
253612
253617
253618
253626
253638
253641
253643
253646
253647
253650
253680
253684
253688
253694
253696
253714
253725
253726
253736
253739
253751
253763
253767
253784
253787
253806
253816
253831
253834
253853
253857
253926
253935
254400
254432
254441
254479
254540
254563
254569
254613
254616
254628
254651
255530
255594
255623
255627
255630
255631
255656
255662
255663
255669
255670
255687
255704
255714
255724
255731
255789
255812
255820
255863
255880
256033
256066
256079
256080
256104
256552
256563
256564
256569
256685
256720
256725
256735
256778
256780
256793
256802
256837
256843
257290
257320
257343
257347
257484
257511
257554
257604
257646
257691
257784
257860
257889
257917
258708
258721
258770
258789
258866
258877
258895
258896
258897
258899
258912
258932
258938
258941
258942
258999
259007
259053
259069
259074
259117
259396
259472
259500
259515
259545
259561
259585
259602
259630
259689
259699
259709
259756
259803
259811
259823
259864
260428
260437
260467
260485
260487
260548
260552
260554
260594
260614
260644
260645
260669
260695
260698
260706
260748
260852
261908
261943
261950
261969
261972
261977
261993
261997
262029
262070
262123
262129
262140
262178
262181
262183
262201
262303
262317
262320
262418
262422
262484
262501
262504
262560
262563
262602
262671
263087
263097
263144
263153
263188
263221
263364
263380
263452
263516
263520
263521
263610
263674
263869
263881
263938
264224
264296
264331
264353
264376
264395
264819
264837
264855
264903
264904
264919
264937
265214
265227
265247
265251
265285
265307
265539
265565
265619
266061
266089
266155
266160
266167
266171
266180
266194
266211
266220
266264
266481
266496
266545
266550
266564
266586
266597
266607
266737
266759
266771
266917
266949
266991
267018
267152
267258
267266
267276
267289
267318
267608
267657
267673
267694
267921
267925
267928
267930
267931
267939
267948
267953
267990
268009
268269
268270
268281
268295
268305
268311
268342
268376
268391
268814
268819
268823
268828
268835
268844
268874
268892
268906
268954
269129
269194
269201
269204
269399
269404
269432
269453
269515
269647
269675
269688
269689
269733
269898
270047
270053
270077
270093
270099
270115
270122
270192
270203
270214
270219
270232
270259
270273
270717
270739
270780
270855
270909
270919
270937
270965
270971
270981
271006
271018
271034
271081
271442
271444
271448
271517
271527
271534
271544
271567
271570
271572
271588
272051
272126
272150
272155
272157
272173
272176
272186
272214
272218
272219
272224
272230
272232
272243
272244
272257
272258
272264
272265
272267
272282
272296
272304
272320
272338
272348
272360
272383
272387
272410
272432
272437
272442
272460
272479
272508
272526
272696
273386
273445
273521
273559
273568
273569
273597
273600
273609
273622
273636
273652
273688
273713
273727
274081
274105
274187
274301
274378
274906
274947
274991
274996
275034
275044
275081
275084
275114
275190
275274
275539
275542
275640
275758
275791
275793
275795
275801
275812
275827
275843
275852
275857
275858
275900
275919
276345
276390
276408
276561
276618
276645
276649
276745
276767
276781
276783
277153
277155
277165
277169
277182
277211
277240
277241
277243
277256
277261
277280
277295
277298
277302
277314
277315
277325
277329
277336
277350
277355
277367
277415
277440
277442
277685
277944
278156
278158
278162
278219
278321
278391
278548
278565
278587
278588
278591
279119
279128
279134
279138
279166
279188
279206
279294
279309
279326
279465
279474
279478
279536
279557
279594
279639
279670
279755
279810
279884
279913
279927
279929
279942
279948
279962
279967
279984
279986
279994
280012
280203
280268
280273
280549
280765
280769
280771
280792
280803
280806
280809
280826
280828
280831
280862
280873
280910
280923
281197
281208
281222
281374
281408
281502
281519
281902
281989
281992
282029
282178
282217
282455
282486
282504
282521
282527
282546
282552
282691
282852
282871
282898
282910
282912
282920
283080
283108
283267
283273
283312
283408
283505
283520
283526
283551
283558
283568
283569
283598
283761
283925
283938
283942
283957
283978
283980
283982
284006
284135
284159
284160
284170
284172
284202
284205
284214
284227
284401
284504
284680
284689
284714
284733
284940
285062
285107
285131
285155
285190
285374
285422
285590
285610
285661
285702
285710
285711
285787
285789
285938
286028
286064
286259
286362
286402
286454
286478
286522
286524
286551
286579
286645
286679
286765
286775
286799
286892
286913
286943
287066
287112
287164
287251
287373
287384
287465
287545
287547
287564
287592
287612
287616
287617
287690
287738
287824
287857
287909
287916
288001
288026
288041
288074
288111
288292
288314
288359
288384
288420
288508
288628
288656
288660
288667
288679
288750
288752
288809
288827
288828
288831
288833
288838
288905
288925
288930
288952
288959
288962
288998
289003
289023
289037
289048
289056
289101
289125
289152
289153
289196
289381
289428
289470
289515
289530
289771
289833
289862
289883
289885
289971
289979
290060
290137
290169
290708
290732
290759
290814
290853
290970
291021
291095
291187
291312
291319
291371
291439
291456
291488
291493
291501
291562
291634
291761
291799
291867
291921
291970
292004
292028
292049
292205
292211
292222
292232
292270
292279
292396
292524
292641
292659
292665
292724
292730
292878
292913
293078
293086
293452
293522
293575
293597
293645
293665
293673
293707
293709
293743
293775
293832
293925
294035
294074
294107
294130
294202
294224
294244
294247
294303
294306
294433
294494
294603
294613
294640
294728
294783
294796
294850
294853
294865
295086
295155
295189
295273
295278
295313
295419
295457
295592
295595
295608
295749
295761
295808
295902
295912
295949
295958
296059
296070
296100
296154
296271
296315
296358
296420
296423
296427
296488
296519
296526
296531
296639
296778
296788
296854
296855
296963
297030
297123
297129
297138
297161
297172
297405
297443
297460
297483
297503
297709
297796
297824
297852
297873
297887
297892
297906
297924
297937
298792
298806
298810
298811
298838
298840
298843
298861
298919
298923
298930
298941
298959
299036
299043
299405
299468
299472
299495
299510
299512
299548
299567
299576
299585
299586
299604
299631
300270
300282
300292
300309
300316
300343
300379
300422
301084
301093
301126
301137
301164
301193
301201
301264
301348
301406
301491
301663
301680
301725
301789
301792
301816
301915
301992
302013
302034
302049
302083
302276
302388
302390
302412
302435
302442
302459
302462
302504
302876
302909
302975
303257
303265
303279
303313
303323
303331
303342
303345
303348
303353
303354
303362
303374
303380
303381
303386
303395
303421
303432
303461
303526
303975
303995
304010
304016
304025
304078
304086
304111
304113
304125
304845
304856
304865
304910
304924
304925
304943
304944
305015
305142
305599
305615
305622
305639
305652
305670
305672
305693
305860
306012
306041
306054
306067
306069
306086
306101
306123
306129
306213
306218
306225
306382
306408
306639
306663
306719
306730
306813
306892
307066
307113
307128
307144
307173
307245
307268
307356
307372
307432
307595
307597
307613
307652
307657
307902
307978
308052
308094
308115
308116
308142
308335
308408
308435
308487
308559
308691
308725
308739
308745
308749
309240
309242
309251
309258
309270
309280
309281
309284
309310
309314
309333
309383
309415
309417
309419
309424
309438
309761
309765
309774
309776
309810
309840
309894
309916
309921
310045
310194
310320
310356
310472
310475
310498
310508
310650
310692
310709
310715
310886
310903
310942
310953
310977
311192
311212
311234
311252
311266
311579
311582
311587
311588
311599
312025
312064
312098
312100
312104
312125
312128
312142
312145
312148
312149
312174
312178
312183
312498
312507
312526
312552
312727
312830
312832
313050
313082
313326
313354
313393
313435
313619
313654
313661
313664
313685
313691
313698
313700
313715
313724
313739
313756
313774
313781
313978
314039
314064
314067
314084
314136
314156
314614
314627
314658
314663
314664
314673
314678
315199
315218
315247
315261
315277
315281
315294
315337
315339
315345
315380
315386
315398
315420
315428
315430
315433
315471
315493
316056
316065
316075
316080
316088
316281
316328
316378
316405
316406
316432
316435
316443
316530
316577
316638
316705
316725
316762
316800
316917
316973
317090
317154
317276
317291
317311
317368
317383
317401
317425
317513
317539
317582
317678
317704
317783
317849
317912
317988
318460
318475
318513
318566
318574
318629
318639
318658
318839
319153
319235
319473
319497
319509
319523
319561
319594
319616
319796
319813
320245
320361
320435
320451
320468
320488
320549
320550
320567
320588
320628
320632
320640
320715
320770
320804
321262
321322
321334
321621
321624
321715
321729
321736
321830
321853
321865
321902
321918
321939
321949
321953
322104
322236
322432
322451
322667
322668
322681
322986
322987
323035
323059
323087
323206
323223
323225
323247
323256
323267
323346
323385
323393
323395
323403
323410
323674
323683
323718
323730
323749
324339
324343
324346
324349
324354
324359
324385
324401
324409
324420
324430
324434
324512
324955
324961
324994
325013
325033
325050
325063
325066
325067
325127
325319
325791
325797
325808
325809
325819
325848
325854
325856
325922
325926
325969
326012
326165
326166
326182
326195
326198
326203
326204
326226
326274
326285
326312
326572
326630
326635
326645
326652
326662
326664
326670
326677
326685
326854
326927
327157
327170
327180
327182
327189
327209
327656
327664
327667
327690
327696
327716
327730
327740
327747
327763
327776
327782
327797
327802
327804
327821
327822
328121
328173
328192
328203
328254
328256
328273
328918
329013
329185
329201
329240
329288
329351
329427
329459
329474
329480
329501
329524
329574
329746
329896
329900
329914
329934
330261
330280
330283
330286
330295
330311
330355
330357
330366
330583
330600
330637
330663
330845
330846
330856
331151
331227
331310
331339
331351
331374
331701
331724
331745
331878
332034
332068
332266
332298
332310
332319
332441
332456
332495
332497
332513
332514
332524
332688
332718
332723
332848
332920
332945
333083
333087
333104
333198
333343
333354
333404
333499
333520
333541
333548
333588
333771
333786
333876
333887
333999
334054
334075
334100
334108
334119
334150
334158
334169
334181
334215
334255
334349
334519
334654
334718
334846
334909
334940
334966
335001
335260
335280
335287
335332
335337
335344
335361
335362
335392
335700
335711
335716
335724
335726
336094
336114
336115
336579
336588
336590
336607
336631
336634
336640
336643
336865
337006
337094
337373
337394
337396
337404
337413
337457
337565
337566
337573
337584
337628
337649
337720
337735
337786
337824
337890
337925
338436
338881
338922
339045
339069
339607
339625
339679
339706
339725
339741
339747
339771
339775
339783
339799
339802
339804
339812
339850
339858
339862
339864
339891
339900
339906
339907
339917
339924
339926
339929
339933
339938
339945
339962
339980
339983
339997
340002
340032
340035
340041
340043
340046
340053
340059
340067
340096
340110
340135
340149
340183
340213
340839
340879
340911
340926
340933
340962
340980
341000
341003
341005
341012
341032
341047
341120
341890
341940
341944
341965
341986
342014
342053
342107
342114
342333
342365
342494
343186
343191
343195
343200
343250
343265
343299
343323
343725
343730
343740
343746
343765
343821
343854
343965
344000
344250
344254
344272
344290
344295
344327
344333
344346
344366
344372
344523
344821
344865
344882
344899
344907
345110
345127
345137
345145
345195
345231
345233
345234
345253
345254
345256
345260
345307
345313
345333
345365
345366
345376
345745
345760
345790
345800
345822
345843
346270
346300
346314
346337
346342
346375
346420
346436
346443
346464
346476
346527
346529
346900
346906
346916
347174
347176
347190
347214
347228
347231
347270
347282
347428
347429
347504
347560
347563
347594
347626
347642
347684
347740
347944
348220
348223
348471
348483
348602
348623
348625
348627
348641
348657
348686
348691
348705
348720
349101
349102
349109
349123
349132
349143
349460
349513
349516
349565
349582
349584
349587
349596
349619
349625
349631
349672
349690
349755
349949
349974
350043
350083
350137
350224
350294
350311
350444
350452
350455
350549
350583
350645
350792
350848
351256
351265
351306
351636
351643
351659
351682
351743
351765
351777
351781
351802
352134
352676
352685
352700
352714
352716
352718
352730
352792
352797
352818
352852
352864
352868
352903
353270
353301
353389
353419
353430
353434
353436
353445
353448
353462
353483
353508
353882
353901
353909
353921
353997
354158
354379
354393
354524
354531
354537
354564
354565
354888
354914
354920
354926
354929
354945
354963
354964
355261
355271
355301
355314
355356
355811
355864
355884
355903
355910
355912
355926
355932
355933
355961
356300
356302
356348
356350
356458
356488
356511
356515
356558
356561
356568
356579
356590
357004
357016
357049
357143
357148
357215
357354
357400
357521
357534
357583
357953
357963
357967
358039
358044
358056
358076
358082
358085
358496
358504
358506
358507
358510
358514
358517
358574
358626
359049
359060
359068
359102
359122
359148
359153
359166
359185
359192
359210
359232
359387
359408
359503
359627
359651
359652
359654
359662
359745
359820
359843
359849
359896
360266
360283
360525
360545
360554
360569
360584
360588
360774
361114
361127
361136
361168
361170
361541
361547
361549
361563
361567
361578
361580
361584
361587
361591
361599
361615
361621
361632
361655
361662
361670
361687
361704
361736
362020
362038
362058
362096
362108
362359
362642
362670
362683
362684
362685
362692
362696
362729
362734
362745
362750
362753
362756
362822
363086
363102
363275
363329
363503
363504
363525
363539
363543
363546
363750
363753
364158
364163
364176
364345
364580
364597
364598
364611
364620
364640
364672
364697
364699
364720
364730
364736
364741
364742
364744
364747
364758
364768
364784
365148
365160
365201
365202
365206
365450
365500
365829
365884
365926
366240
366265
366501
366524
366658
366664
367053
367094
367113
367116
367140
367319
367355
367489
367493
367497
367702
367703
367729
367732
367743
367760
367781
367883
367893
367897
367927
367932
367946
367977
368098
368279
368298
368389
368510
368886
368894
368902
368915
369028
369037
369051
369054
369263
369457
369474
369509
369694
369717
369767
369769
369908
369970
370301
370306
370310
370313
370326
370426
370428
370429
370675
370685
370692
370912
370917
370918
371364
371370
371387
371410
371419
371429
371448
371478
371511
371546
371836
371876
371886
371901
371904
371906
371922
371926
371928
371933
371937
371981
372398
372802
372831
372834
372841
372851
372911
373204
373215
373272
373384
373388
373405
373651
374235
374273
374279
374708
374713
374717
374725
374726
374735
374755
374773
374785
374799
374807
374809
374828
374839
374869
374925
374962
375156
375185
375197
375209
375212
375248
375277
375691
375699
375720
375752
375771
376076
376122
376377
376402
376426
376511
376561
376666
376690
377007
377229
377262
377265
377547
377589
377627
378002
378040
378055
378062
378087
378104
378112
378133
378140
378158
378164
378176
378185
378187
378199
378201
378543
378586
378596
378598
378609
378616
378629
378630
378633
378651
378662
378676
379220
379256
379273
379598
379660
379847
379866
379887
379895
379914
379929
379939
379945
379946
380041
380384
380715
380719
380769
380776
381011
381040
381059
381064
381065
381067
381086
381092
381102
381368
381761
381769
381774
381794
381839
382010
382020
382029
382050
382194
382402
382510
382541
382645
382648
383018
383046
383048
383056
383069
383100
383123
383126
383143
383459
383467
383479
383507
384293
384298
384381
384612
384625
384668
384693
384767
384860
385119
385372
385401
385648
385649
385666
385669
385724
385739
385994
386006
386054
386285
386732
386737
386863
386994
387060
387066
387079
387135
387162
387204
387216
387249
387258
387295
387340
387371
387394
387397
387436
387479
387509
387698
387701
387864
387978
388002
388066
388067
388088
388094
388096
388115
388116
388119
388124
388152
388437
388480
388512
388518
388529
388877
388897
388920
388937
388941
388982
388993
389000
389372
389398
389399
389425
389598
389609
389643
389710
389783
389837
389847
389853
389898
389915
389952
389961
389968
389999
390108
390245
390581
390587
390598
390601
390612
390840
390848
390849
390875
390881
391020
391057
391061
391062
391086
391094
391109
391111
391112
391125
391128
391133
391408
391416
391452
391462
391465
391487
391784
391794
391800
391813
391820
391872
391874
391876
391882
391900
391907
391926
392263
392264
392281
392397
392496
392532
392788
392791
392859
392889
392916
392919
392925
392966
392967
392971
392989
393005
393007
393224
393309
