5026
5506
9619
9879
14355
15754
15758
16742
19415
21066
23011
24723
27683
29444
30029
30120
30772
32666
35270
37432
37835
38942
39902
40058
42155
44178
44942
47268
48366
48990
49731
49741
50373
51420
52252
52501
52830
56534
60900
61157
62286
63396
63814
64930
65417
65496
65837
66258
66403
67526
67800
67891
68567
69266
72308
72384
73860
74028
76922
77062
77421
78711
78822
79044
79162
79658
80412
81140
83127
84122
85241
86494
86609
86641
86786
87077
88769
89577
90674
91345
92497
93332
93345
96463
101438
101840
102449
103869
105637
106466
106568
107219
107469
107669
108463
108483
109100
109512
111789
114512
114787
114982
116955
118330
118616
119102
120462
120501
121080
121865
124859
124999
125209
125608
125700
127542
127966
129544
130531
130685
131850
133103
133197
134695
134701
136356
136982
137397
137747
137863
137986
138018
139144
139185
139297
141958
143861
144179
146447
146988
146989
147903
148219
148258
148259
148291
149824
151728
152973
155965
156393
157241
158207
159492
159644
159736
160319
160823
162167
162743
163160
164811
165357
165487
166085
166206
167049
167144
167822
168955
168986
169066
170207
170277
170962
171828
173130
175400
178280
178560
178844
180434
182280
182327
183803
183841
184543
186727
187993
189319
189684
190885
194302
194561
194888
195067
195112
197716
197977
199237
200426
201449
201998
203509
205933
207585
208048
208675
209793
210495
211509
213015
213604
214151
215229
215239
215459
219507
224051
225018
225280
225450
226654
227158
227167
227207
227366
228846
229352
230156
230180
232061
232086
233100
233147
233321
234628
235012
236529
238938
240907
240930
241286
242324
243074
243787
244210
244214
246227
247139
247363
247756
247829
248594
248822
249670
253808
253899
253909
255600
255732
256166
256789
257348
258831
262173
262774
263981
264364
265569
266159
266242
266734
267648
268854
269923
271581
274084
274093
275547
276782
276823
277210
278797
278811
279654
280497
281148
283212
285608
285667
285858
286624
286817
288922
289045
289193
289253
291409
291789
294927
296380
296952
297433
297830
297868
299010
301161
302057
302081
305820
306410
306724
307266
310907
313165
313649
313662
315490
318454
319484
320450
321321
321384
323046
324395
325946
326905
327757
328494
332039
333331
334167
334182
334971
335000
335441
335458
336690
337479
337869
337921
337940
338960
339046
340204
344205
344596
347427
347757
349678
350005
350775
352835
354586
356337
357214
357218
359119
359751
360138
362164
362357
363113
363527
364198
365618
366581
368115
370908
373789
376195
383565
384314
384582
387007
388105
389371
391495
392230
