507
635
1947
2670
5371
7192
7942
12357
16686
19966
20714
22016
26752
29600
30460
30466
34481
40146
40199
40546
48444
50994
51840
52744
54574
59950
61338
62019
62988
63111
68834
68896
71523
72631
77846
78796
89948
91777
95581
95655
97503
106553
106785
109489
109541
109554
115971
116424
128079
128244
128264
135334
138734
141414
146839
146847
150015
151484
152060
153967
162986
165878
169113
169351
169390
175556
179521
180085
181670
182869
184727
186950
196131
197374
204161
205475
206223
208948
210111
215578
215985
217334
220375
221871
223350
228911
235842
236019
237672
240524
241815
243019
243222
243300
244130
248361
248462
250042
250866
258581
264847
268236
268730
270823
276308
278640
281591
284332
284879
285675
286127
286843
287156
288870
289783
290016
290753
293022
293302
294304
296082
296689
297200
297810
299925
303846
303890
308546
308608
309156
310096
310145
311442
319379
320179
323592
325458
326577
326879
328364
329142
329146
331753
332626
335874
335897
340612
343649
343983
347304
348826
348967
352050
352511
354756
355707
358396
358824
359542
359959
361533
362551
364541
364547
365737
366521
369654
372130
373252
381313
382449
385025
385510
386950
387982
389247
391018
391677
