5
1044
2198
2299
4018
4700
5507
5897
6201
6666
6699
6776
6888
7430
7464
7523
7712
7844
8514
10029
10428
10515
10567
11102
11264
11815
12191
12233
12258
12423
12489
12682
13131
13136
13300
13481
13550
13611
13612
13773
14140
14611
14983
15011
15179
15233
15443
15490
16072
16203
16217
16434
16676
16747
17643
17764
18335
18402
19105
19177
19210
19592
20173
20283
20478
20589
20619
21073
21083
21274
21694
22250
22364
22365
22416
22474
22783
22813
23014
23239
23264
23525
23590
24016
24149
24274
24858
25133
25170
25527
25538
25556
25760
25763
26207
26212
26332
26637
27824
27976
27981
27983
28337
28344
28660
29302
29808
30209
30381
30549
30557
30602
30608
30621
30931
30937
31121
31511
32155
32277
32518
33102
33131
33163
33814
33977
34023
34892
35144
35188
35279
35780
35851
35864
36304
36324
36395
36407
36492
36633
37302
37323
37425
37690
38144
38255
38642
38767
39117
39142
39325
39491
39696
39738
40036
40061
40372
40570
40655
40711
41208
41476
41892
41995
42059
42156
42471
42896
43791
43817
43874
43918
44252
44266
44316
44327
44379
44464
45011
45299
45339
45396
45754
45820
46903
46993
47789
47793
47987
48017
48358
48696
49131
49147
49204
49224
49252
49315
49375
49405
49957
50140
50874
51064
51820
52092
52124
52185
52201
52283
52398
52409
52457
52888
53112
53195
53243
53256
53687
53735
54745
54894
54895
55642
55697
55818
55871
55879
55901
56062
56098
56135
56238
56537
56762
57114
57121
57151
57287
57300
57310
57399
57404
57481
57927
58034
58059
58119
58597
58610
58644
58911
58996
59042
59750
60035
60146
60453
60464
60472
60818
60848
61041
61361
61375
61427
61585
61966
62050
62061
62130
62175
62263
63523
63610
63700
63747
63767
63768
63840
63843
64145
64173
64572
64620
64657
64850
65377
65485
65548
65567
65783
65792
65793
66209
66311
66315
66570
66586
66665
66750
66814
66845
66854
66961
67111
68118
68123
68366
68390
68525
68620
68798
69259
69280
69752
70198
70229
70362
70437
70451
70565
70589
70686
70716
70910
70942
70984
70993
71062
71065
72207
72578
72681
73686
73768
73772
73824
74085
74086
74230
74234
74325
74603
74891
75262
75299
75600
75638
75702
75795
75839
75841
75845
76075
76094
76566
77043
77218
77986
78054
78169
78338
78817
79133
79423
79427
79602
79640
79656
79770
79778
79859
79861
79878
80277
80383
80762
80898
80928
80979
80990
81056
81062
81087
81145
81180
81308
81528
81551
81618
82385
82450
82502
82794
82904
84164
84172
84187
84243
84296
84348
84509
84666
84694
84731
85035
85100
85151
85315
85316
85686
85749
87115
87238
87253
87300
87369
87382
87416
87464
87465
87469
87471
87513
88075
88601
88636
88767
88777
89035
89036
89307
89392
89415
89433
89540
89633
89835
89970
90043
90070
90406
90882
90890
92716
92730
92889
92913
92984
93108
93136
93143
93157
93202
93231
93294
93328
93370
93412
93529
93554
93576
93593
93604
93619
93656
93703
93707
93756
93807
93811
93837
93889
94111
94152
94162
94727
94818
95135
95822
95939
96214
96264
96318
96503
96511
96752
96799
97115
97268
97407
98069
98442
98779
98804
98831
98888
98893
98908
98910
98998
99069
99090
99451
99492
99494
99554
100068
100147
100155
100167
100169
100222
100289
100299
100418
100426
100653
100654
100673
100676
100928
101072
101089
101102
101164
101182
101226
101249
101278
101287
101354
101384
101386
101398
101468
101494
101964
102117
102142
102146
102278
102436
102444
102541
102598
102882
102884
102923
102957
103022
103097
103285
103312
103330
103332
103363
103578
103603
104381
104412
104734
104961
106619
106887
106943
107678
107739
107762
108109
108149
108418
108785
108886
108900
108937
108993
109039
109042
109088
109094
109117
109148
109160
109211
109212
109238
109255
109390
109404
109440
109474
109677
109775
109878
110074
110135
110183
110259
110293
110445
110466
110556
110557
110569
110587
110977
110979
111047
111207
111216
111218
111251
111252
111259
112570
112729
112899
113192
113573
114068
114152
114263
114391
115891
115950
116260
116303
116327
116339
116470
117042
117438
117751
117834
118095
118728
119186
119237
119313
119411
119413
119427
119531
119614
119642
119713
119797
119981
120641
120815
120825
121235
121245
121314
122217
122230
122312
122420
122435
122440
122443
122478
122539
122611
122642
122655
122688
122701
122751
122758
122799
122821
122822
122841
122846
122902
122913
122930
122974
122997
123003
123040
123156
123223
123236
123254
123319
123340
123373
123397
123399
123431
123503
123513
123663
123754
124476
124588
125420
125434
125491
125495
125605
125703
125800
125850
125929
125939
125978
126103
126143
126272
126300
126350
126437
126450
126659
126688
126839
127096
127224
127458
127968
128064
128272
128335
128360
128404
129004
129510
129682
129692
129842
129843
129924
129931
130064
130157
130209
130497
130854
131005
131054
131062
131069
131095
131109
131162
132351
132394
132719
133286
133575
133640
133820
134435
134441
134453
134457
134463
134464
134470
134474
134485
134491
134770
135744
135799
136475
136554
136563
137008
137038
137043
137048
137926
137982
138079
138082
138086
138111
138124
138272
138326
138338
138373
138376
139316
139356
139425
139468
139488
139715
139732
140667
140847
141315
142133
142161
142208
142210
142260
142423
142434
142459
142497
142541
142545
142550
142551
142568
142577
142660
142702
142708
142716
142813
142952
142963
142972
142990
142991
143015
143030
143082
143104
143115
143124
143154
143163
143177
143180
143186
143228
143294
143305
143361
143379
143390
143473
144214
144302
144539
145263
145296
145658
145666
145699
145700
145732
145845
145848
145855
146093
146348
146436
146563
147175
147235
147243
147255
147286
147323
147337
147570
147670
147949
147954
148067
148078
148087
148290
148321
148588
148621
148641
148678
148936
148948
149406
149410
149415
149442
149520
149594
149635
149684
150036
150103
150160
150231
150476
150549
150682
150738
150763
150775
150799
150833
150846
150856
150924
150962
151014
151097
151232
152177
152448
152511
152641
152651
153053
153102
153199
153437
153482
153506
153528
153578
153587
153639
153661
153665
153738
153744
153773
153811
153835
153840
153897
153904
153909
153933
154062
154265
154491
155173
155250
155271
155292
155438
155700
155713
155746
155759
155809
156114
156173
156204
156246
156273
156278
156283
156302
156304
156322
156355
156358
156369
156380
156391
156504
156947
156967
156974
156977
157178
157254
157381
157797
158023
158044
158069
158070
158077
158087
158395
158397
158424
158486
159153
159186
159261
159497
159600
159791
160047
160174
160182
160300
160595
160608
160616
160617
160618
160621
160643
160651
160656
160659
160665
160673
161387
161497
161592
161970
162027
162034
162224
162225
162268
162271
162294
162304
162308
162310
162312
162319
162329
162331
162343
162344
162347
162366
162787
162831
163289
163337
163824
163986
164031
164040
164398
164846
164851
164879
164882
164885
164934
164945
164947
164957
164958
164974
166119
166340
166363
167146
167211
167263
167280
167347
167406
167413
167493
167497
167815
167861
168017
168026
168245
168319
168346
168354
168533
168590
168597
168674
169061
169748
170001
170439
170495
170542
170656
171341
171361
171509
171609
171614
172165
172174
172287
172564
172653
172655
172702
172870
173195
173196
173198
173203
173212
173303
173399
173649
174134
174235
174298
174825
175615
175658
175726
175779
175893
175897
175954
176730
176733
176769
176785
176792
176830
176837
176900
177275
177729
177743
177772
177973
177980
178270
178388
178412
178430
178621
178934
179284
179617
179745
179792
179843
179857
179872
179914
179985
180008
180301
180340
180570
180657
180922
181409
181690
181722
182379
182436
182605
182748
183221
183299
183336
183345
183362
183385
183630
184151
184601
184715
185041
185249
185334
185367
185425
185442
186117
186120
186211
186532
186568
186846
187337
187640
187792
187793
187861
187984
188018
188604
188695
188745
188886
188888
188899
189317
189398
189410
189555
189566
189582
189584
189589
189615
189763
190576
190600
190601
190614
190617
190620
191003
191046
191296
191298
191311
191567
191668
191709
191745
191762
192397
192457
193295
193330
193379
193384
193396
193408
193409
193427
193434
193442
193447
193491
193504
193508
193510
193517
193543
193608
193702
193719
195034
195038
195461
196566
196694
198185
198219
198222
198231
198234
198236
198248
198261
198277
198338
198470
198533
198555
198600
198612
199185
199377
199426
199480
200192
200450
200516
200534
201515
201664
202106
202143
202166
202252
202490
202715
202961
202977
203155
203197
203991
204011
204446
204450
205006
205009
205075
205088
205126
205139
205151
205366
205379
205389
206419
206420
206444
206517
207162
207514
207544
207727
207917
208059
208069
208076
208084
208293
208298
208883
209087
209131
209189
209220
209240
209293
209992
210029
210048
210576
210593
210602
210819
211337
211576
211637
211656
211668
211669
212068
212079
212106
212235
212266
212754
213088
213106
213278
213645
213692
213921
213940
213995
214327
214901
214935
214958
215912
216029
216208
216248
216627
216667
216903
217066
217068
217468
217879
217886
217910
217932
217952
217956
217967
218028
218313
218622
219532
219563
219587
219608
219611
219622
219634
219643
219659
219683
219684
219717
219725
219781
219787
219788
219803
221095
221096
221197
221248
221340
222508
222513
222543
222551
222555
222559
222572
222614
222620
222633
222634
222660
222678
222754
222756
223179
223620
223645
224215
224235
224338
224362
224374
224426
224502
224538
225136
225519
225540
225801
225810
225831
225845
225854
225859
225907
225930
225934
225954
225955
225970
225974
226712
227460
227494
228171
228315
228317
228326
228532
228601
228602
229596
229770
229775
230034
230042
230048
230054
230067
230302
230330
230834
231157
231523
231688
231689
231863
231877
231880
231882
232090
232813
232814
232824
232840
233175
233331
233715
234002
234236
234264
234267
234281
234282
234662
235097
235350
235730
235747
235774
235813
236295
236398
236435
236451
236493
237152
237360
237439
237447
237563
237565
237814
238235
238540
238541
238553
238574
239145
239363
239605
239617
239619
239938
239941
240239
240341
240940
240970
240997
241292
241339
241749
241757
241760
241903
241904
241992
242066
242351
242505
242908
243242
243303
243330
243595
243651
243691
244312
244890
244906
245727
245980
246045
246394
246488
246655
246919
247413
247536
247542
247549
247577
247663
248234
248777
248916
249686
249700
249701
250166
250169
250176
250177
250182
250199
250202
250219
250223
250237
250238
251027
251070
251097
251140
251648
251999
252940
253064
253089
253132
253140
253146
253161
253215
253217
253252
253260
253290
254048
254636
255865
255904
256090
256146
256161
256194
256218
256228
256245
256872
257335
257523
257569
258067
258098
258101
258138
258182
258234
258243
258323
258893
258990
259019
259073
259189
259203
259218
259234
259248
259264
259284
259299
259675
259724
259866
261405
262311
262421
262589
262592
262645
262701
262735
262785
262818
262827
262835
262873
262914
262920
263596
263653
264137
264494
264497
264514
264518
264537
264545
264554
264584
264608
264615
264927
264973
265555
265615
265648
265688
266204
266299
266308
266334
266539
266661
266944
266997
267199
267282
267351
267353
267366
267379
267718
268331
268369
268424
268441
268471
268974
268977
269007
269929
269948
270055
270208
270279
270293
270314
270327
270337
270359
270360
270363
270375
270383
270386
270388
270394
270401
271033
271754
272250
272284
272308
272316
272443
272444
272470
272588
272615
272646
272702
272725
272941
273704
274639
275211
275382
275420
276012
276037
276040
276050
276435
276799
276816
276852
276920
276988
277271
277328
277389
277454
277509
277629
277646
277983
278090
278305
278328
278862
278969
279031
279228
279259
279455
279477
279770
280070
280074
280218
280296
280621
280624
280635
280639
280947
281659
281684
281695
281724
281771
282115
282241
282353
282987
283138
283340
283343
283798
283839
283856
284064
284430
284506
284531
284833
285094
285162
285166
285352
285440
285476
285593
285887
285905
285912
285977
285982
286118
286157
286343
286615
286826
286853
286877
286939
286946
286986
286994
287088
287458
287925
288010
288059
288082
288106
288138
288151
288225
288247
288298
289672
289738
289786
290260
290851
290897
291215
291640
291894
291912
292016
292241
292346
292405
292474
292680
293380
293407
293675
293918
293975
294398
294450
294487
294748
295232
295343
295462
295633
295742
296171
296276
296505
296792
297064
297154
297217
297339
297523
298446
298453
298458
298461
298493
298516
298517
298522
298523
298528
298533
298558
299089
299106
299186
300371
300427
300455
300459
300493
300497
300621
300639
300676
300761
300800
301430
301468
301528
301533
301751
301875
301938
301939
301941
302552
302607
302934
302965
302967
303009
303038
303124
303589
303624
303651
304949
304958
305070
305166
305170
305237
306542
306558
306569
306888
306961
307075
307287
307290
307299
307776
307785
307831
307855
307868
307889
307900
308132
308308
308716
308765
309354
309428
309441
309469
309863
310069
310719
310723
310752
310767
310780
310792
310995
311032
311045
311059
311060
311069
311697
311781
312146
312199
312238
312243
312270
312277
312310
312646
313407
313419
313424
313445
313451
313460
313463
313464
313481
313805
313841
313861
314756
314764
315432
315445
315539
315549
315565
315585
315652
316877
316910
317278
317492
317500
317517
317530
317558
317567
317869
318064
318088
319615
319682
319707
319767
319824
319861
320599
321166
321200
321339
321446
321856
321970
322106
323014
323091
323124
323130
324089
324442
324443
324448
324468
324484
324520
324537
324541
324545
324587
324809
325107
325119
325142
325203
325230
325295
325616
325832
325909
325942
326026
326451
326693
326694
326714
327266
327337
327438
327807
327837
327850
327862
327895
328715
328913
328964
329308
329581
329587
329588
329595
329986
329997
330011
330025
330089
330091
330401
330405
331024
331090
331129
331156
331266
331534
331634
332177
332188
332774
332891
333367
333472
333476
333485
334003
334008
334016
334022
334399
334708
335072
335080
335083
335099
335123
335131
335757
336136
336161
336256
336301
336305
336683
337278
337305
337322
337325
337326
337989
339157
339229
339234
339247
339251
339317
339332
339359
340216
340261
340292
340343
340367
340529
340967
341029
341034
342070
342096
342121
342143
342178
342253
342255
342275
342291
342295
342331
342348
342420
342423
342514
342558
342584
342668
342738
343566
343908
343920
343931
344183
344636
344920
344970
344988
345004
345012
345472
346395
346447
346492
346613
346660
346694
347071
347120
347410
347468
347491
347522
347526
347595
347746
347978
348302
348307
348322
348329
349036
349148
349178
349756
349793
349796
350429
350476
350480
350482
350488
350496
350501
351082
351090
351091
351105
351108
351111
351365
352193
352352
352877
352965
352967
353098
353941
354258
354265
354266
354284
354402
355325
355372
355386
356057
356066
356077
356647
356954
357252
357375
358493
358650
358677
360315
360456
360580
360595
360598
360764
361334
361397
361603
361647
361651
361659
361724
361733
362245
362246
363141
363575
363906
364017
364447
364703
364817
365231
365233
365681
365685
365762
366400
366403
366405
366410
366418
366462
366906
367192
367197
367793
367855
368084
368245
368687
368695
368706
368727
368750
368761
368953
369353
369361
369580
369827
369868
370099
370117
370124
370130
370136
370139
370146
370993
371040
371062
371071
371109
371156
371953
372412
372436
372577
372614
373581
373582
374399
374431
374439
374454
374493
374502
375758
375830
375857
376280
376297
376440
376716
376781
376904
376921
376922
376932
376936
376939
377326
377683
377773
377843
379225
379304
379307
379593
379881
379896
379925
380108
380806
380879
382095
382453
382461
382462
382464
382468
383137
383223
383245
383909
384413
384504
384508
384776
385181
385239
385241
385536
385552
385760
385766
385824
386340
387205
387888
387894
387899
388178
388195
388589
388911
388932
388956
388962
388965
388991
388992
389018
389068
389102
389819
390005
390079
390121
391197
391557
391909
391945
391953
391987
392406
392603
392784
392811
