668
1414
1734
1795
1836
1970
2598
2807
2940
3563
3611
3630
3775
3829
4135
4220
4343
4354
4356
4584
5243
5345
5348
5416
5884
6129
6233
6283
6410
6509
6717
7050
7110
7202
7402
7405
7512
7586
7617
7745
8064
8083
8126
8157
8236
8238
8824
8943
8980
9104
9970
9996
10243
10266
10495
10928
10981
11153
11633
12029
12090
12392
12507
12697
13086
13148
13252
13357
13913
14144
14255
14610
14807
14811
15517
15518
15720
15748
15917
16235
16472
16549
16550
17266
17449
17567
17688
17989
18126
18490
18712
18963
19339
19661
19720
19790
19842
19964
20367
21525
21847
22310
22967
23785
24192
24248
24384
25506
26464
27333
27575
27660
27754
27787
27829
28301
28594
28641
28699
28814
29250
29505
29696
30223
30693
30974
31240
31261
31761
32117
32144
32265
32402
32507
32529
33219
33517
33633
33721
34515
34821
34967
35108
35235
35237
35312
35453
35529
35666
36185
37024
37316
37319
37517
37901
37936
38428
38517
38857
38935
38962
39509
39524
40606
40716
40955
41394
41514
41819
41909
42333
42812
44373
44394
44421
44746
45117
45253
45583
46450
46452
46453
46512
47110
47559
47872
48148
48197
48401
48801
49060
49398
49424
49546
49553
50320
50495
50607
50681
50744
51033
51133
51819
52279
53146
53278
54782
55582
55677
55688
55895
56142
56255
56269
57046
57421
58440
58793
58839
58883
59313
59482
59775
59883
59960
60872
61094
61477
61533
62459
62472
62474
63024
63033
63596
63880
64135
64226
64499
64507
64568
64777
65360
65599
65797
65874
65991
65998
66655
66840
66940
67078
67172
68720
68897
69275
69372
69378
70762
71122
71221
71328
71343
71382
71512
72871
73145
73346
73522
73553
74250
74275
74357
74393
74466
75381
75633
75655
75739
76230
76235
76360
76517
76641
76740
77388
77656
77692
77701
78660
79957
79998
81034
81382
81420
81462
81543
81628
81982
82369
82875
82970
83222
83226
83273
83926
84034
84063
84183
84382
84384
84687
84941
85404
86040
86051
87138
87160
87492
87574
88099
88222
88402
88900
89318
89352
89887
90250
90412
90491
90709
90712
90819
90837
91124
91442
91466
91501
91664
93444
93466
94041
94150
95820
95848
95972
96962
96996
97260
97299
97400
97421
97581
97770
97771
98758
99053
99054
99188
99221
99245
99640
99665
99800
99853
100080
100469
100703
100815
101294
102558
102634
103075
103123
103201
103377
103548
103664
103768
104968
105095
105150
105186
105334
105385
105422
107296
107771
108404
108443
108683
110070
110455
110562
110792
111178
111595
111642
111759
111767
111781
112459
112735
113710
113828
114371
114555
114910
114920
114945
115214
115861
116167
116893
117571
118119
118171
118232
118270
118727
118784
119712
121162
121250
121306
122249
122604
122933
122964
123042
123410
123421
123494
123554
123557
123619
123643
123656
123825
123893
123898
126401
126814
126882
127111
127231
127284
127285
127369
128073
128467
128513
129441
129459
129488
130098
131175
131195
131223
131226
131244
131309
132643
132813
132831
132871
133217
133595
134200
134403
134498
134804
135059
135887
135912
137143
138469
138484
138502
139528
139562
139733
139751
139829
139873
140386
140781
141073
141305
143340
143343
143391
143418
143444
144565
144828
145098
145222
145250
145579
145680
146102
146745
147363
147872
148905
148947
149538
150057
150105
150184
150479
150952
151148
151242
151273
151679
152521
152577
152772
152776
153064
153116
155815
156392
156483
156492
156529
157478
157794
157900
157921
158088
158109
158474
158541
158753
159396
159424
159819
160566
160836
161439
162440
163340
163346
163380
163406
163581
164140
164599
165028
165029
166423
166457
166476
166550
166592
166627
166696
167437
167534
167849
167857
168268
168654
169741
169799
169853
169886
169920
170682
171195
172236
172776
172803
173239
173681
173778
173789
174317
174442
174841
175016
175071
175437
175707
176242
176292
176440
176806
176951
177525
177591
177992
178714
179016
179148
179157
179247
179991
180003
180063
180658
180758
180977
182115
182156
182360
182367
182411
182446
182476
184205
184557
185375
185628
186050
186108
186121
186604
186618
186923
187917
188318
188510
189024
189620
189781
190106
190289
190323
190394
190399
190413
190428
190438
192259
192756
192855
192914
192956
193605
193614
193639
193663
193717
195453
195510
195517
196543
196575
196587
196621
196622
196780
196804
198289
198596
198767
199571
199633
200124
201578
201802
202305
203029
203033
203038
203681
203684
203724
203984
203995
204187
204532
204702
204827
205013
205034
205039
205444
206098
206649
206773
207505
207956
208130
208153
208946
209283
210647
210833
210975
210987
211413
211845
212541
213357
213362
213401
213415
213665
213710
214008
214010
214012
214013
214030
214060
214223
214839
215767
215773
216684
216690
216984
217001
217306
217389
217462
218939
219022
219410
219427
219435
219448
219467
220313
220601
220602
220798
221967
222336
222359
222887
223677
223748
223768
223785
223803
224558
224685
225302
225552
225590
225616
226788
226837
226920
228260
229130
229195
229633
229637
229973
230120
230643
231550
231764
231897
231938
232654
232902
233032
233416
233570
235118
235801
235873
235900
235953
236685
237069
237272
237367
237602
238012
238637
238642
239027
239198
239228
239330
239516
240161
240282
240632
240666
241092
241822
241855
241895
241925
241968
242052
242084
242281
242453
242457
242544
242938
243075
243382
243448
243523
243936
243940
243961
243983
244016
244129
244452
244693
244875
245175
245328
245398
245412
246062
246150
246170
246269
246554
247001
247254
247265
247300
247303
247340
247357
247388
247570
247725
247916
247985
248040
248202
248215
248243
248365
248641
248671
248720
248855
248912
248997
249254
249418
249505
249550
249950
249978
250506
250674
251168
251241
251554
252029
252082
252278
252447
252630
252660
252661
253334
253376
254776
254833
254948
254990
255733
256361
256944
257422
257429
257508
257855
257856
257873
258226
258419
258460
258606
258613
259090
259194
259705
260002
260243
260906
261004
263282
264253
267093
268523
268530
268531
269106
269109
270429
270563
270587
270591
271150
271158
271287
271748
271940
272746
272793
272961
273030
273092
274381
274560
274567
274926
276061
276300
276430
276519
276809
277709
277720
277728
277763
278444
278667
278884
279286
279354
279402
279857
280612
281035
281098
281212
281265
281767
282298
282948
283674
283888
285562
285895
285930
285978
285984
286435
286897
287203
287258
287281
287361
287398
287507
287630
288268
288340
288478
288721
289126
289486
289782
292700
292729
293685
293850
294835
295076
295131
295180
296236
296730
297201
297367
297373
298162
298216
298223
298226
298228
298240
298263
298265
298276
298279
298727
299660
299664
299673
299676
299678
300867
300927
301262
302116
302746
302796
304205
304210
304214
304224
304225
304278
305375
305580
307748
308833
308864
308870
309512
310017
310559
311677
311698
311786
311904
313243
313244
313245
313261
314962
315685
315801
316108
316887
317116
317628
317660
318036
318152
318712
318772
318965
320048
320975
320995
321443
321469
321553
321746
322729
322890
322891
322899
322907
323481
323549
323572
323578
324653
325442
326139
326240
326313
326465
326474
326479
327040
327559
327909
327935
327972
328374
329243
329399
329830
330483
331278
331559
331809
333012
333369
333439
333444
334367
334721
334749
334822
334852
335530
336229
338080
338775
338807
338812
338821
338834
338842
338843
339432
341145
341154
342826
343393
343873
343901
343949
344048
344655
345932
345959
346239
346966
347041
347856
348303
348661
349840
350025
350200
350529
350879
350881
350931
351181
351183
351823
352223
353012
353099
353819
354047
354318
354319
354696
355542
356324
357458
358070
358132
358645
358721
360127
360268
360877
361780
361829
362861
363009
363629
363939
363948
364439
364876
365290
365427
365901
365923
365944
366609
366750
367378
367609
367706
367998
368600
368613
368629
369310
369356
369377
369711
370207
370784
370789
370804
373427
374578
374600
375293
375344
375354
375792
376017
376021
376129
376443
376447
376548
376749
376857
377138
377140
377473
377947
377959
378723
378731
378812
378839
378856
378879
379132
379327
379393
379690
381510
381526
382188
382761
383615
383888
384119
384461
384493
384810
384910
385138
385161
385829
386099
386816
387166
387656
387779
387959
389081
389166
389548
390004
390074
390600
390789
391278
392024
392082
392093
392116
392927
393104
