752
6806
9476
10979
12072
12421
13509
16094
18075
24726
25036
26394
26807
28894
32051
33943
33974
34890
36485
39955
42411
43373
44578
44773
50239
53103
53537
57400
57442
57473
58649
59065
61514
61772
61805
61991
63310
63780
64374
64578
65918
66421
67586
69679
72169
75364
77018
77083
77277
77278
78394
79610
84536
96690
101565
102022
108631
109147
113003
114308
117982
121117
122109
122433
122823
122871
125547
125758
127812
134063
134991
141866
142297
145105
147241
147777
148658
149377
149396
150927
151075
152572
152655
153651
154415
154753
155275
157165
158692
161593
163275
164286
164305
165535
172834
174907
175839
178863
179937
183214
183400
183980
187518
194825
201005
203141
203927
206328
207134
209605
213888
217565
222459
222480
224172
224880
228483
228541
230290
236147
238493
238914
239071
240803
242253
244097
244244
248188
249014
250453
255805
255886
262264
262642
263724
266217
268964
270225
270236
274902
286628
288482
290257
291417
292545
295535
300568
301150
301181
306075
312156
330634
331169
333036
335450
337065
340228
343650
347561
360590
361608
366568
385776
386724
387011
