7744
16264
16281
18948
19420
24592
25389
35238
36610
36658
37352
40348
57227
63779
69181
69542
74237
75091
85257
88882
89653
102681
103425
108167
108794
110658
110881
111646
113454
117698
121530
128058
135500
138247
144425
148832
151171
152077
157610
162218
162221
164683
167850
169759
169844
173236
175083
179049
181527
182438
185289
187175
191323
209243
221682
237022
242272
252286
252358
258362
261294
272606
288500
291151
292944
301204
302749
303619
304196
305768
310825
319576
325281
325307
327344
329985
337303
342537
362473
362736
368736
378335
383910
389076
391555
393171
