808
1327
1662
2042
2427
3439
4325
4479
6592
8025
8516
8638
10216
10504
13723
13742
14169
14939
15575
16071
16759
17281
17481
17488
18806
21575
21981
22487
23499
23818
24159
25118
25131
25206
25701
25775
27470
28034
29001
29351
29795
29852
30425
30461
30561
31262
31728
31926
32247
32379
33111
33144
33570
34159
34335
34620
34725
35512
35608
36846
37413
37480
37481
38248
38467
39114
40405
40701
40780
40838
41225
41339
42158
43828
46156
46455
46652
46919
46939
47860
48558
50912
51639
53249
54446
55055
55308
55357
57189
57415
57499
57651
57720
58719
58926
60541
62449
62670
63635
64508
64702
65312
65437
66775
68419
68538
69186
69306
69809
70709
70773
70881
71056
71260
71290
71296
72389
72789
73243
74223
74342
74942
75614
75863
75902
78288
78399
78543
79889
79951
80695
80888
81441
81679
83432
84149
84241
84605
84678
84768
85538
85791
87598
87657
87784
88033
88052
88062
89213
89341
89526
90133
90332
91053
93351
93765
94921
95250
95352
96210
96331
96895
96936
96949
97001
97261
97301
99120
99163
99831
100380
101313
101442
102849
102952
103212
103259
103267
103282
103635
103685
103811
103910
103935
104664
105333
105434
107450
107465
107708
108047
108097
108295
108380
108396
108510
108868
109938
109971
110239
110471
110567
111463
111651
113051
113423
113429
113593
115130
115460
115505
116438
116476
116499
116974
117132
117222
117274
117932
118265
118760
119662
119714
119858
120133
120141
120431
120833
122656
122706
123020
123060
123085
123122
123239
123317
123370
123430
123511
123668
125922
126259
126274
126605
126709
126792
126902
127139
128751
128770
128885
130034
130231
131199
131200
132672
132738
133870
134638
134754
135425
135491
135810
135888
136029
136614
136824
137128
138186
138305
138459
138495
138935
139370
139580
139601
139684
139811
139865
139867
139969
140234
140489
140541
140779
140920
141116
141168
141190
142381
142835
142876
143057
143421
143738
144585
144680
145534
145842
146335
147361
147362
147712
148892
149008
149426
149526
151156
151207
151791
152288
152398
152604
152660
153095
153154
154917
154934
154953
155138
156407
156499
157144
157389
158489
158497
159283
159306
159420
159430
159678
161435
161598
161855
162089
162137
164064
164927
165020
165032
165570
166547
166571
166619
167474
167501
168168
168330
168656
168659
168698
169814
169870
170756
170823
171628
171855
172710
172743
172781
173434
173817
174234
174302
174458
174740
175044
175474
175781
176338
177929
179024
179032
180031
180995
181129
181204
181243
181558
181755
182138
182139
182456
182700
184671
185159
185164
185908
185927
186248
186919
187276
187320
187324
188091
188093
188113
188116
188487
188612
189458
189595
190297
190384
190396
190407
190690
191732
191856
192197
192277
192293
192763
192773
192783
192786
192801
192972
193574
195346
196593
196646
196966
198471
198629
199290
199433
199749
200045
200256
200266
201523
201633
201742
202275
202600
202765
203770
203980
203999
204064
204127
204481
204916
206575
207263
207338
207559
207683
207820
207836
208016
208148
208867
209295
210089
210138
210364
210528
210821
210851
211362
211438
212202
212449
213313
213678
213966
214414
214496
214768
214851
215962
216549
217434
218025
218955
218958
218982
219044
219434
219740
219827
220604
220606
220612
221278
221987
222781
222856
223661
224499
225982
226062
226933
226962
227517
227541
227633
229153
229155
229176
229566
229586
229846
231495
231595
232563
232866
233235
233435
233640
233723
234294
234797
234800
235170
235174
235371
235793
235809
235859
236023
236930
236947
237109
237227
238163
238678
239184
239450
240356
241034
241180
241195
241301
241490
242575
244877
246695
247243
248942
251254
251277
252339
252352
252478
252496
252544
252572
252583
252627
253322
254741
254771
254933
256352
256844
256885
257419
258096
258349
258375
258437
258483
258615
259833
260831
260849
260983
261129
262228
262397
262488
262698
262723
262779
262815
263217
263454
263708
263723
264688
264744
265019
265369
266610
266703
266738
266760
266797
267445
267496
268169
268567
268607
269220
270437
271816
271832
273010
273026
273861
274481
274702
275046
275445
275569
275841
276137
276916
276953
277565
277581
277713
277747
279271
279321
279569
279646
279660
279663
279756
280992
281031
281033
281034
281426
281442
281473
283103
283314
283662
283730
284536
284609
286474
287072
287451
287532
287560
287852
288372
288385
288788
288868
288893
288909
289816
290005
290051
290184
290267
290300
290571
290666
291922
292093
292521
292727
292738
292745
292875
292884
293024
293190
293194
293419
294258
294392
294495
294755
295027
295213
295683
295782
295828
296065
296473
296637
298185
298193
298213
298255
298268
298625
298639
298658
298663
299695
300839
301212
301827
302715
302735
303162
303206
303580
304216
304218
304272
304303
305397
305572
305737
306255
307916
307921
307969
308290
308828
308853
308865
308872
308885
308905
308991
309635
309670
309933
310117
310130
310358
310572
310591
311327
311716
311776
311865
312771
314248
314917
314945
315650
315719
315821
315886
316515
316669
317152
317648
317831
319019
319437
319672
320259
320768
321081
321478
321810
323483
323881
323899
323927
324054
324074
324710
324713
325600
325981
326060
326280
326471
327331
328924
328956
329067
329626
330000
330443
331040
331805
331947
332618
332624
332649
332683
332802
333008
333182
333247
333426
333491
333667
334835
334843
334877
335175
335791
336250
336424
337014
337076
338733
338794
340405
340445
340552
341127
341164
341633
342934
343367
343421
343822
344491
344726
344808
345054
345925
347029
347063
347383
347546
347852
348960
349264
349467
350336
350396
351196
352392
353408
355449
355572
356095
356603
356867
356885
357472
358176
358281
358648
358705
358739
361255
361335
361798
361898
362772
363871
363888
363946
363965
364371
364388
364427
364894
364905
364965
365279
365334
366034
366385
366979
367368
367369
367574
367585
367917
368064
368817
369385
369967
370801
372560
372654
372703
372951
372977
372987
373358
373402
375294
375916
375989
375993
376345
376603
377833
377835
377838
378272
378703
378956
379812
380025
380048
381474
381566
382137
382276
382315
382444
382785
382823
382964
382969
382975
383591
384053
384106
384777
385614
386095
386437
386473
386801
386946
387179
387352
387949
388640
388964
389110
389725
390090
390377
390796
390878
390928
391247
392088
393080
