845
7650
21257
22076
22746
23421
25166
26506
28294
28362
31755
32647
36507
40495
41143
45260
45390
45524
47741
49471
49592
50569
50839
51144
54334
56730
56952
57347
62162
62927
63004
64238
65510
65521
66013
66239
68234
68997
71675
72728
73596
76560
77738
78313
78913
82526
82582
83072
83864
84592
85023
86112
86238
87727
87892
89500
91674
91796
92010
94036
95653
97087
97095
97353
98953
99179
99611
103924
104142
104439
104781
105423
105592
105615
105768
109720
112584
116130
117907
120856
123749
129047
129126
131259
131356
134286
135987
136364
140296
140452
140865
140903
143470
144542
144764
145425
146883
147671
148028
149088
150583
151340
152439
159391
163361
163414
163433
164134
166577
166607
166683
167620
167956
172779
173726
173802
174327
174479
175206
176438
178691
178700
182173
184585
191407
191430
192248
192380
196115
196682
196980
197161
198521
198647
201257
205539
206547
206783
206799
210877
212559
212671
213378
214682
216025
216380
217318
220723
221685
224662
226970
229579
231409
231793
232353
232358
232941
233074
234833
234922
235420
236403
237414
237685
238684
238793
239235
239558
241186
241336
241438
241514
241969
242044
242571
242659
243990
244507
245427
245516
245524
246721
246783
246851
248696
248708
250663
251516
254398
255049
258194
261565
262714
264072
264161
264200
265890
268679
274541
274735
276304
276601
277825
284090
284622
285442
286268
287441
289289
289532
290881
291166
292184
292264
292735
292751
293403
296539
296846
297609
304306
306594
307292
308199
308980
309078
309972
310137
312675
312696
312709
313297
314967
316191
316761
318214
318966
321645
322248
324148
325597
326037
327987
329414
332559
334471
334535
338301
339456
341376
341802
343567
343582
346059
350271
350672
353588
355139
355513
355557
356889
357701
359582
360038
367850
367974
368460
368840
369147
369930
370013
370836
371226
373086
376238
376770
379402
380932
386181
386203
386531
389174
390476
392168
392589
392648
