847
1020
1228
2401
3349
3395
3430
3491
3701
3734
4051
4261
4426
4917
5242
5610
5840
5876
6077
6544
6704
6784
6987
7056
7137
7508
7684
7728
7763
7803
8559
8733
8878
8880
9056
9471
9923
9924
10603
10657
11202
11299
11558
11969
11992
12173
12314
12558
12587
12891
12906
13308
13585
13758
13830
14277
14536
14986
15675
15955
16042
16884
17014
17106
17149
17268
17292
17522
17654
17675
17758
17761
18111
18269
18277
18657
18695
19003
19014
19213
19990
20204
20598
21133
21214
22424
22685
23039
23098
23113
23171
23508
23533
23874
23876
24421
24676
24864
25040
25079
25124
25203
25561
25957
26344
26532
26805
26893
27519
28689
28697
28778
28943
29025
29518
29523
29772
29813
29858
30845
31199
31578
31676
31697
31701
33149
33177
33257
33321
33676
34253
34282
34310
34473
34559
34680
35153
35511
35520
35579
35587
36464
36497
36519
36911
36917
37038
37046
37055
37082
37140
37614
38021
38385
39064
39089
39221
39548
39553
40113
40419
40684
40839
40860
40876
40893
40938
41116
41253
41322
41592
41940
42336
42966
43004
43846
44392
44420
44422
44921
44985
45285
45478
45582
46011
46359
46611
46941
46981
47045
47718
47734
47991
48263
48279
48546
48553
49421
49452
49496
50116
50572
50705
50726
50813
50825
50879
51087
51668
52098
52121
52630
52684
54214
54594
54874
55020
55303
55359
56886
57133
57559
57578
57906
58019
58077
58427
58536
58749
58772
58809
58913
59828
60002
60011
60082
60327
60364
60514
60648
61508
61558
61587
61825
62103
62208
62305
62356
62446
62516
62537
62571
62763
62798
63077
63797
64502
64818
65051
65056
65059
65285
65451
65465
65614
66148
66180
66476
66718
66824
66902
66906
67063
67341
68596
68947
69373
69807
69813
70592
70817
70823
72510
72626
72707
72821
72919
73244
73382
74251
74262
75844
75846
75889
76016
76125
76141
76244
76497
78139
78192
78255
78270
78308
78382
78859
79109
79833
79886
80220
81200
81288
81521
81556
81613
81784
82512
82644
82749
82900
83029
83285
83336
83341
83382
83528
83685
83851
84136
84294
84510
84644
84811
85042
85069
85344
85391
85755
86474
87717
87870
87996
88053
88077
88793
88804
88973
89171
89220
89441
89462
89920
90497
90743
90822
90827
90836
91431
91457
91461
91622
93642
93698
93770
93794
95234
95372
95400
95418
95491
95584
96563
96565
96905
96920
97076
97118
97563
98972
99041
99149
99150
99206
99318
100145
100625
100705
100707
101215
101403
102401
102874
103253
103766
103831
103936
104029
104238
104249
105134
105136
105313
105314
105436
105813
105950
107781
107958
108305
108312
108652
108947
109343
109760
109942
110159
110316
110546
110617
110843
110887
110942
110965
111013
111188
111350
111385
111453
111481
111876
112916
113419
113469
113640
114254
114631
115085
115229
115233
115253
115259
115651
115702
115756
116039
116114
116151
116277
116344
116483
116835
117173
117175
117961
118142
118735
118797
118870
119417
119700
119702
119793
119802
119841
120528
120535
120539
120592
120597
120611
120674
120699
120700
121261
121280
121363
121388
121412
121480
121490
121531
121726
121727
122400
122897
122943
123134
123229
123250
123258
123294
123673
123682
123764
123771
123780
126168
126323
126385
126494
126532
126614
126630
126667
126713
126808
126829
126861
126862
126925
127044
127164
127165
127166
127255
127293
127741
127746
127995
128085
128093
128703
128795
128863
129016
129237
129489
129710
129974
130118
130138
131224
131300
132370
132773
133288
133361
133453
133454
133474
133493
133551
133677
133704
133728
133746
134095
134104
134163
134598
134844
135085
135086
135451
135499
135508
135526
135876
135908
135926
135989
136019
136469
136528
137169
138432
138494
138498
138790
139603
139695
139766
139781
139813
139816
139818
139824
139839
139844
139902
139997
140083
140124
140128
140193
140249
140254
140392
141364
141429
142740
142809
142867
142901
143098
143225
143317
143484
144264
144437
144497
144771
145320
145611
145734
145774
146187
146641
146673
146674
146703
146726
146734
146741
146748
146768
146802
147740
148383
148838
148881
148942
148946
148950
148970
148974
148980
148992
149307
149456
149513
149527
149866
150052
150114
150557
150938
150957
150960
151216
151241
151243
151280
151283
151786
152234
152407
152413
152449
152477
152598
153147
153763
154041
154042
154069
154098
154124
154129
154782
154815
154829
154879
155066
155151
155165
155168
155222
155260
155311
156625
157162
157233
157252
157330
157357
157370
157606
157680
157774
158493
158503
158539
158548
158918
158978
159015
159071
159232
159262
159337
160341
160347
160354
160439
160910
160944
161357
161386
161402
161403
161622
162382
162886
163345
163401
163417
163956
163978
164069
164077
164379
164485
164540
164990
165041
165077
165097
165647
165874
166431
166439
166490
166491
166501
166525
166526
166537
166613
166648
166649
167223
167400
167401
167787
167841
167895
167944
167961
167989
168636
168650
169800
169806
169867
169902
169905
169929
169935
169994
170004
170016
170023
170053
170354
170610
170619
170661
170687
170707
170711
170753
171181
171183
171209
171230
171359
171646
171654
171926
172264
172329
172707
172747
172753
172917
172964
173076
173707
173721
173729
173770
174377
174852
174944
174962
174975
174998
175003
175020
175038
175078
175080
175321
175333
175477
175495
175498
175524
176212
176271
176310
177518
177530
177547
177599
177611
178101
178133
178186
178252
178256
178450
178988
179063
179160
179221
179242
179257
179258
179271
179273
179387
180082
180663
180688
180719
181011
181016
181123
181230
181434
181516
181517
181612
181620
181756
181789
182172
182205
182567
182634
182638
182659
182701
182707
182723
182725
182729
182750
183487
183490
183822
184426
184512
184515
184586
184617
184641
184649
184656
184684
184693
184703
184706
184761
184773
184879
184915
185221
185256
185416
185439
185481
185540
185606
185618
185685
185893
186201
186253
186290
186915
187136
187145
187197
187220
187278
187283
187294
187310
187386
187511
187675
187703
187766
188477
188485
188488
188643
188647
188678
188692
188703
188769
188935
188971
189301
189307
189359
189373
189619
189806
190081
190098
190401
190402
191462
191552
191849
192024
192025
192060
192095
192105
192107
192145
192245
192326
192370
192377
192694
192696
192697
192769
192772
192793
192836
192840
192846
193661
193669
195330
195408
195477
195601
195933
196518
196541
196554
196559
196595
196729
196766
196774
196830
196836
196856
196866
196922
197010
197040
197143
197166
197179
198202
198580
199336
199394
199423
199446
199450
199481
199490
199515
199527
199629
199631
199690
199740
199777
200117
200250
201322
201617
201626
201629
201678
201686
201715
201731
201775
201776
202142
202233
202341
202798
202912
203042
203044
203740
203744
203786
204520
204527
204531
204701
204717
204749
204939
205191
205404
206036
206071
206072
206083
206111
206114
206126
206134
206186
206190
206654
206695
206733
207493
207765
207845
207847
207872
207887
207911
207950
208865
208872
208919
208940
208955
209296
209315
209331
209349
209351
209735
209851
209864
209865
209960
210110
210316
210335
210336
210430
210652
210857
210883
210884
210894
211013
211369
211399
211473
211718
211775
211786
211847
212097
212218
212499
212504
212738
212762
212810
212884
212979
213344
213377
213727
213730
214029
214562
214673
214676
214683
214689
214702
214760
214982
215296
215302
215324
216155
216204
216226
216250
216337
216363
216828
217005
217596
217795
218035
218039
218671
218717
218742
218746
218770
218777
218973
219864
219867
219869
220320
220629
221218
221276
221294
221307
221339
221661
221729
221730
221735
221970
222319
222346
222779
222839
223693
223704
223765
223769
223770
224447
224570
224585
224620
224626
224720
225377
225390
225588
226009
226047
226055
226059
226721
226737
226759
226770
226779
226799
226851
226867
226880
226883
226885
226914
226932
226934
227332
227454
227543
227550
227552
227576
227577
227596
227598
227947
228135
228262
228666
228888
228893
229150
229156
229177
229192
229554
229581
229649
229845
229886
229974
229977
230640
230646
230649
230651
230667
230935
230974
231349
231352
231368
231393
231491
231505
231543
231703
232539
232542
232547
232555
232558
232574
232577
232582
232626
232635
232882
232940
233304
233312
233420
233437
233506
233688
233738
233819
233903
233946
234784
234799
234806
235194
235206
235225
235243
235287
235308
235317
235318
235389
235410
235880
236539
236577
236580
236586
236602
236611
236658
236916
237172
237174
237241
237242
237259
237263
237273
237419
237459
237926
237928
237934
238222
238276
238281
238306
239164
239464
239613
239615
239659
239716
239744
240178
240192
240684
240706
240724
241018
241164
241327
241335
241435
242564
242593
242929
243234
243253
243387
244430
244803
245251
245397
246006
246014
246276
246357
246401
246426
246450
246760
246796
247270
247293
247878
247986
248000
248871
249195
249907
249915
249953
249956
249985
249993
250509
251191
251270
251367
251481
251483
252476
252477
252522
252620
253288
253326
253363
254752
254762
254842
254843
254941
254954
254961
254985
255028
255037
255043
255054
255217
255233
255254
255263
255278
255304
255378
255405
255411
256140
256241
256280
256346
256391
256464
256821
256902
256924
256928
256959
257072
258164
258204
258210
258305
258445
258486
258614
259338
260020
260064
260247
260863
260969
260973
260979
260994
261059
261085
261090
261103
261106
261126
261127
261142
261161
261175
261197
261210
261215
261230
261234
261243
261282
261311
261413
261466
261593
261616
262219
262250
262254
262318
262390
262457
262463
262549
262573
262653
262742
262808
262814
262831
262860
262919
262945
263049
263164
263181
263313
263449
263471
263532
263577
263597
263646
263942
264036
264047
264440
264726
265349
265355
265382
265740
265790
265838
265860
265885
265894
265949
266354
266407
266428
266685
266714
266827
266841
266847
266855
266899
267073
267457
267505
268052
268102
268123
268157
268467
268501
268502
268504
268517
268527
268541
268565
268574
269059
269064
269065
269075
269280
269283
269488
269761
269772
269787
269793
269804
271083
271110
271204
271772
271803
271825
271855
271864
271876
271885
271904
272738
272893
272918
272922
272970
273035
273036
273038
273045
273053
273084
273115
273732
273820
273841
273989
274307
274367
274691
274789
275040
275068
275189
276543
276553
276584
276591
276594
277171
277521
277526
277564
277577
277688
277708
277740
277768
277783
277792
277794
278260
278296
278520
278654
278706
278741
278748
278758
278789
278970
279353
279386
279508
279563
279678
279689
279710
279715
279747
280327
280340
280344
280347
280362
280384
280385
280389
280396
280405
280656
280989
281027
281028
281048
281051
281417
281447
281491
281530
281538
281662
281703
281713
281833
281925
281949
283158
283171
283364
283668
283711
284069
284182
284516
284597
284604
284669
284807
285032
285070
285477
285497
285520
285700
286630
287186
287215
287290
287371
287372
287607
287978
288067
288278
288321
288328
288630
289072
289162
289386
289605
289693
290062
290108
290119
290166
290185
290190
290201
290306
290433
290453
290463
290464
290546
290591
290600
290794
290808
290859
290880
290989
291100
291118
291693
291696
291779
291981
292283
292340
292374
292464
292549
292842
292868
293000
293166
293205
293250
293252
293270
293503
293764
293789
293871
294152
294153
294178
294266
294318
294459
294568
294589
294651
294663
294804
294807
295008
295036
295121
295173
295576
295588
295604
295858
296006
296040
296101
296108
296118
296141
296425
296546
296644
296647
296741
296827
297070
298083
298640
298664
298685
298694
299143
299170
299200
299211
299230
299661
299702
300517
300566
300594
300648
300677
300692
300734
300787
300796
300797
300815
300852
300853
301173
301188
301231
301248
301313
301342
301387
301413
301443
301463
301471
301480
301496
301549
301552
302145
303147
303175
303182
303636
303642
304166
304248
304298
304304
304309
304318
304319
304346
304354
304355
304362
304387
304392
304397
304454
304455
304459
304493
304499
304573
304654
305238
305254
305298
305320
305321
305355
305818
305831
305833
305859
305902
305905
305925
306196
306814
306875
308270
308332
308851
308852
308878
308896
308906
308918
308950
308952
308974
309055
309072
309533
309558
309563
309589
309597
309872
309896
309975
309988
310211
310250
310288
310575
310600
311745
311763
311778
311794
311795
311804
311820
311830
311831
311851
311858
311872
312276
312296
312322
312353
312367
312388
312750
312821
312834
312977
314238
314247
314309
314339
314348
314402
314818
314960
314980
314985
314994
315699
315721
315738
315754
315782
315800
315824
315825
316346
316421
316457
316482
316540
316739
316818
317375
317443
317470
317667
317911
318000
318533
318689
318761
318833
318876
318916
318964
319065
319181
319971
320037
320213
320281
320292
320356
320388
320498
320881
320882
320990
321060
321165
321169
321249
321393
321691
321823
321862
321881
321911
322083
322147
322197
322204
322249
322294
322374
322375
322383
322384
322604
322905
322918
323562
323819
323876
323903
323921
323941
323944
323970
323977
323981
323993
324035
324045
324050
324079
324625
324648
324675
325272
325350
325621
325626
325662
325727
326034
326174
326215
327008
327027
327044
327377
327406
327415
327427
327433
327440
327498
327543
327891
327925
327976
328591
328604
328614
328630
328689
328704
328996
329063
329815
329821
329978
330124
330125
330126
330133
330140
330145
330164
330346
330442
330478
330480
330766
330904
330908
331081
331113
331206
331225
331301
331635
332152
332171
332771
332935
332940
333058
333099
333158
333176
333653
334801
334827
334844
334886
335598
335609
335611
335621
336213
336234
336277
336323
336325
336371
336384
336393
336431
336440
336456
336479
336490
336838
336864
336909
336936
338060
338074
338091
338137
338140
338157
338197
338721
338827
338836
338841
339450
340425
340441
340483
340507
340520
340885
341205
341210
341231
341241
341254
341279
341287
341353
341361
342883
342888
342898
342950
342961
343481
343581
343970
344082
344145
344476
344478
344479
344501
344516
344788
345050
345059
345388
345445
345877
345910
345924
345936
345947
345958
345961
345965
345981
346003
346007
346649
346657
346682
346773
346814
346999
347384
347850
347869
348391
348408
349168
349237
349243
349251
349356
349609
349729
349748
349752
349783
349787
349813
350148
350175
350936
350938
351188
351462
351861
351874
352319
352362
352402
352411
352422
353123
353126
353140
353526
353529
353536
353538
353541
353546
353608
353617
353620
353649
353651
353686
353837
353884
354327
355053
355061
355078
355173
355352
355491
355508
355526
355544
356094
356106
356126
356514
356523
356535
356642
356656
356856
356930
357091
357488
357691
357698
358183
358220
358232
358241
358257
358274
358304
358317
358356
358749
358772
358840
359678
359690
359725
359885
360108
360111
360120
360168
360347
361387
361396
361401
361409
361410
361812
361832
362471
362474
362488
362494
362865
362893
362914
362995
363001
363616
363853
363898
363904
363930
363943
364013
364435
364936
364939
364944
364947
365533
365770
365977
365989
365993
366047
366217
366331
366759
366909
366921
366923
366959
366992
367209
367555
367814
367994
368004
368049
368074
368113
368620
368801
368808
368991
369351
369372
369390
369424
369547
369581
369601
369652
369839
369845
369864
369921
369997
370738
370800
370805
370814
371144
371186
371187
371193
371211
371229
371260
371263
371738
372056
372081
372434
372607
372608
372612
372615
372623
372681
372694
372700
372934
372936
372974
373050
373091
373318
373335
373429
373431
373444
374170
374548
374610
374612
375023
375049
375353
375378
375897
375912
375984
376166
376622
376735
377157
377431
377836
377864
377884
377887
377905
377908
377911
377915
377916
378324
378330
378706
378730
378741
378749
378757
378760
378768
378780
378798
378819
378857
378861
378874
378881
378962
379395
379428
379696
380065
380448
380895
381450
381550
382124
382233
382249
382316
382816
382822
382980
383282
383331
383332
383914
383933
383949
383973
384017
384033
384036
384056
384075
384122
384529
384541
384546
384571
384738
384814
384872
384930
384933
384936
384954
384974
384998
385006
385014
385038
385612
386098
386117
386122
386529
387044
387052
387088
387112
387130
387186
387192
387271
387299
387300
387792
387800
387802
387954
387974
388586
388747
389139
389140
389162
389193
389670
389699
389733
389794
389916
390017
390092
390125
390156
390218
390951
391245
391570
391588
391602
392025
392047
392051
392090
392097
392367
392579
392915
393113
393140
393304
393305
393324
