93
255
1272
1433
1751
1839
2053
2157
2373
2386
2493
2521
2595
2631
2801
2875
2905
2911
2977
3724
3788
3860
3910
3964
4096
4182
4417
4702
5159
5401
5622
5685
5712
5823
5955
6044
6078
6211
6499
6594
6929
7094
7141
7176
7211
7272
7363
7397
7444
7451
7576
7651
7735
7957
8074
8219
8295
8334
8440
8451
8469
8511
8533
8565
8659
8819
9173
9312
9447
9511
9662
10118
10222
10245
10335
10511
10561
10648
10649
10665
10913
11065
11199
11368
11508
11661
11721
12275
12279
12381
12436
12503
12598
12754
12809
12813
12886
13175
13338
13749
13801
13960
14128
14269
14938
14941
15000
15067
15142
15212
15216
15523
15542
15643
15840
15961
16055
16138
16140
16148
16176
16184
16188
16283
16344
16537
16621
16679
16766
16899
16938
17005
17020
17109
17112
17202
17344
17480
17833
17979
18009
18098
18338
18351
18464
18537
18552
18649
18725
18820
18829
18902
18912
18967
19000
19015
19131
19273
19480
19604
19613
19631
19674
19698
19740
19820
19829
19834
19994
19995
19998
20087
20098
20119
20200
20366
20385
20524
20558
20684
20689
20744
20817
20829
20847
20890
21079
21246
21838
21911
21956
21962
22013
22025
22089
22093
22127
22259
22397
23049
23100
23287
23547
23805
24173
24197
24264
24295
24433
24468
24623
24784
24948
25066
25083
25091
25190
25253
25487
25524
25666
25723
25727
25790
25806
25898
25909
25978
26026
26099
26387
26478
26511
26586
26697
26729
26745
26799
27116
27127
27140
27414
27545
27564
27566
27679
27941
28290
28380
28422
28743
28885
28905
28911
29038
29043
29467
29609
29691
29737
29871
29937
29974
30068
30163
30228
30367
30421
30444
30474
30516
30536
30631
30655
30677
30691
30731
30796
30848
31188
31224
31557
31612
31744
31797
32161
32343
32371
32520
32545
32567
32684
32778
33173
33436
33519
33631
33671
33727
33973
34040
34060
34258
34342
34379
34501
34615
34632
34713
34767
34961
34963
34988
35013
35516
35524
35619
35643
35652
35917
35985
35999
36001
36005
36015
36048
36115
36124
36668
36675
36693
36709
36863
37132
37169
37261
37383
37508
37566
37616
37748
37759
37760
37783
37957
37973
37984
38264
38332
38407
38465
38792
39173
39181
39537
39630
40092
40114
40434
40454
40459
40520
40541
40603
40621
40662
40704
40710
40841
40903
40934
41056
41214
41220
41314
41389
41391
41446
41782
41806
42075
42093
42262
42263
42352
42527
42676
42778
42803
42922
43018
43248
43298
43327
43471
43668
43734
43849
43920
44222
44241
44308
44368
44461
44467
44528
44737
45016
45123
45139
45204
45211
45239
45275
45336
45340
45351
45367
45441
45534
45581
45615
45729
45744
45765
45786
45921
46135
46140
46166
46179
46203
46259
47054
47058
47485
47510
47514
47531
47533
47563
47657
47776
47783
47816
47818
47854
47875
47876
47884
47921
47929
48157
48228
48308
48348
48393
48543
48552
48778
48796
48798
49117
49415
49449
49466
49494
49551
49562
49902
50129
50266
50339
50350
50390
50534
50678
50793
51246
51268
51627
51665
51727
51828
51931
51995
52639
53189
53294
53749
53803
53847
53996
54205
54308
54405
54449
54450
54490
54519
54553
54611
54768
54839
54865
54987
55080
55327
55499
55536
55935
56005
56095
56834
56940
56972
57112
57270
57277
57630
57667
57879
57908
58085
58151
58221
58785
58816
58836
59182
59404
59528
59594
59645
59717
59742
59770
59920
60443
60655
60833
61154
61290
61369
61604
61725
61748
61781
61927
62090
62239
62320
62484
62487
62518
62722
62824
62972
63082
63476
63787
64219
64287
64653
64796
65294
65310
65565
65596
65627
65758
65760
65766
65802
66015
66034
66459
66494
66629
66779
66793
66801
66811
66833
66860
66870
66887
66947
67003
67012
67057
67225
67337
67349
67636
67857
68180
68204
68209
68232
68332
68495
68582
68671
68852
68973
69219
69375
69376
69757
69804
69816
69824
69829
69898
69928
69953
69963
70481
70751
70892
70932
71059
71109
71125
71127
71146
71151
71161
71190
71231
71239
71270
71281
71287
71358
71434
71494
72244
72274
72395
72460
72592
72618
72693
73264
74095
74140
74256
74285
74321
74381
74399
75513
75731
75796
75912
76146
76264
76383
76489
76644
77309
77467
77487
77496
77503
77541
77589
77607
77733
78199
78304
78367
78486
78502
78572
78615
78677
78793
79326
79869
79893
79924
79949
79985
81360
81431
81432
81593
81611
81660
81687
81704
81778
81788
81927
82594
82630
82652
82704
82790
82810
82832
82884
82910
82942
82998
83194
83410
83533
83606
83756
83963
84030
84110
84160
84547
84549
84684
84834
84844
84916
84936
85032
85159
85188
86904
87393
87483
87489
87617
87643
87843
87852
87854
87887
87901
87949
88017
88021
88049
88070
88166
88380
88603
88700
88714
88991
89337
89506
89665
90148
90249
90261
90290
90381
90389
90550
90670
90673
90736
90745
90885
91492
91541
91557
91569
91585
91789
91798
92052
92086
92241
92876
93459
93483
93927
93929
93975
94229
95120
95206
95349
95355
95479
95481
95587
95610
95644
95646
95799
96287
96389
96968
96999
97149
97192
97295
97298
97388
98658
98675
98834
98844
98978
99242
99293
99493
99809
99916
99955
101033
101209
101376
101687
101843
102561
102631
103007
103270
103341
103417
103458
103477
103591
103613
103818
103860
104213
104230
104344
104359
104375
104687
105111
105189
105231
105309
105412
105432
105454
105596
105766
107260
107767
108257
108304
108361
108500
108514
108623
108634
108920
109199
109210
109576
109636
109875
109887
109909
110069
110212
110221
110273
110304
110364
110385
110419
110601
110644
110651
110680
110708
110751
110945
111007
111163
111271
111280
111435
111458
111561
112181
112299
112395
112439
112621
112955
113006
113271
113365
113427
113476
113554
114024
114140
114380
114389
114590
114636
114831
114975
114977
115066
115108
115205
115225
115273
115324
115640
115644
115675
116748
116948
116966
117275
117621
117637
117728
117757
117991
118155
118699
118967
119323
119684
120110
120322
120661
120687
120835
120881
121248
121269
121390
122431
122494
122618
122893
123045
123068
123232
123282
123471
123543
123545
123666
123751
123753
126700
127017
127085
127097
127125
127128
128129
128381
128562
128605
128690
128730
128936
129269
129432
129659
129674
129675
130058
130062
130104
131111
131131
131232
131347
131351
132507
132673
132969
132980
133201
133284
133334
133390
133594
133669
133811
134222
134268
134312
134496
134499
134508
134789
134801
134923
135018
135054
135069
135154
135585
135587
135605
135879
135980
135990
136103
136382
136652
138297
138356
138396
138431
138442
138491
139363
139374
139414
139475
139523
139556
139591
139607
139676
139685
139692
139705
139769
139940
139950
140036
140275
140289
140432
140588
140592
140674
140684
140856
140983
141348
141356
142544
142575
142766
142783
143121
143244
143252
143450
144089
144714
144731
144895
145047
145370
145477
145551
145561
145618
145634
145726
146468
146524
146564
146599
146632
146664
146706
146779
147292
147315
147326
147370
147373
147401
147661
148322
148337
148339
148755
148912
148921
148953
148997
149034
149551
149906
150065
150117
150484
150496
150505
150523
150540
150569
150575
151067
151134
151294
152046
152529
152677
152783
152786
153062
153121
153170
153214
154051
154053
154130
154501
154886
155220
155442
155541
155569
155698
156594
157238
157331
157582
157927
158358
158512
158530
158544
158552
159252
159320
159655
159670
160222
160346
160450
162103
162132
162147
162863
162872
162875
162879
163365
163377
163391
163404
163413
163863
164180
164760
165000
165036
165046
165076
165078
166420
166429
166435
166529
166538
166598
166669
167410
167499
167834
167940
167947
168148
168616
168709
169102
169124
169761
169862
169872
169884
170002
170043
170640
170660
171070
171113
171131
171138
171477
172262
172311
172313
172335
172349
173024
173057
173692
173757
174159
174238
174363
174418
174462
174471
175000
175093
175204
175250
175293
175306
176198
176223
176320
176370
176384
176993
177346
177545
177616
178885
179013
179144
179209
179739
180060
180062
180073
180087
180964
181084
181134
181388
182133
182150
182169
182489
182643
182737
182987
183444
183542
183769
184127
184538
184546
184710
185116
185143
185518
185939
186144
186261
186916
186933
187264
187641
188491
188680
188814
189404
189466
189468
189478
189480
189484
189866
190095
190102
190249
190299
190377
190392
190395
190414
190421
190434
190680
190683
191343
191671
191799
191862
192231
192737
192760
192768
192796
192823
192874
193010
193575
193645
193735
195078
195394
195397
195485
195506
195544
195595
195624
196526
196549
196586
196591
196628
196671
196691
196785
196914
198450
198567
199270
199310
199415
199726
200234
200275
200277
200290
200548
201228
201397
201534
201660
201703
201765
202802
202994
203692
203801
204124
204816
206054
206088
206090
206091
206152
206411
206515
206768
207278
207279
207600
208413
208893
209287
209291
209339
209835
210086
210292
210349
210840
211310
211389
211410
211797
212487
212521
212560
212685
212761
212825
213305
213306
213319
213329
213654
213726
214002
214005
214040
214762
215182
215269
215334
215527
215970
216502
216890
216989
217497
217543
218280
218334
218729
219079
219393
220605
220607
220624
220633
221246
221312
221440
221749
222328
222778
223285
223672
223687
223749
223750
223751
223774
224420
224861
225033
225078
225200
225551
225605
226014
226057
226765
226768
226797
226827
226838
227593
227679
228269
228390
228867
229118
229602
229630
229960
229965
230684
230936
232499
232500
232575
232911
233289
233455
233474
233567
233658
233758
233976
235119
235182
235252
236008
236996
237059
237938
237955
237993
238226
238509
238696
238697
239463
239665
239677
239806
240199
240447
240681
241024
241345
241427
241652
242939
243401
243569
244467
244493
244776
244879
245391
246710
247146
247219
247231
247311
247364
248005
248787
248805
249152
249200
249352
249955
249994
251494
252031
252369
252392
252444
252541
252615
252617
252645
253296
253313
254837
254853
254855
254884
254927
254956
254994
256203
256410
257136
257268
257514
257850
257864
258202
258241
258444
258450
258456
258464
258555
258663
259199
259233
259832
260062
260072
260839
261007
261807
262284
262677
262731
262740
262824
262991
263525
263686
263696
264734
265892
266690
266748
267078
267219
267438
267459
267479
267499
267501
267767
268078
268107
268485
268597
268616
269062
269235
270233
270343
270484
271090
271098
271136
271687
271705
271760
272802
272889
272911
272935
272957
272996
273913
273972
274118
274315
274477
275463
275574
275872
275933
276134
276580
276813
276954
277511
277683
277697
278274
278531
278563
278752
278852
279169
279335
279463
280350
280386
280605
281020
281189
281567
281646
281940
282274
282277
282290
282293
282295
282562
282637
282704
282769
282930
283454
283456
283617
283698
283701
284052
284193
284291
284873
285098
285152
285226
285883
286142
286862
287179
287239
287256
287872
287961
288300
288373
288456
288489
288678
289484
289559
289958
290397
290773
291678
291889
291935
291942
292275
293497
293967
294509
294920
295281
296857
296889
298180
298209
298227
298245
298274
298655
298679
299111
299144
299162
299176
299193
299694
299753
299775
300690
300822
301200
301740
301743
301773
301845
302118
302710
302724
303148
303151
303618
304173
304240
304281
304286
304420
305303
305348
305349
305354
305991
306002
306271
307307
307516
308324
308329
308859
308867
308874
308876
308958
309034
309541
309609
309992
310070
310861
311091
311111
311663
311757
312300
312395
313224
313263
313555
313560
313587
315614
316104
316184
316310
316312
316438
317063
317474
317666
318158
318207
318571
318688
318724
318730
318742
318928
318949
318986
319446
319922
320683
320849
321018
321346
321937
322132
322505
322898
322927
323161
323181
323856
323972
324014
324637
324649
324700
325286
325288
325496
325549
325876
326359
326374
326469
326481
327006
327058
327361
327924
329801
329820
329836
330121
330148
330458
331123
331456
331622
331718
331803
331954
331969
332608
332674
332750
332850
333238
333438
333780
333956
334332
334408
334755
334769
334775
334797
334823
334878
334915
335587
335976
336285
336306
336341
336368
336696
336874
336893
337017
337097
338092
338629
338632
338655
338716
338765
338770
338825
340421
340470
340512
340519
340564
341201
342554
342629
342926
343454
343662
343891
343913
344461
344672
346403
346810
347290
347871
347873
348115
348216
348366
348553
349070
349189
349359
350913
350921
350945
352339
353154
353666
353682
353785
354299
354472
354659
355475
355585
356795
356958
357473
358306
358714
358730
358755
359277
360353
361236
361389
361810
361864
361868
362742
362832
362952
363883
363887
363903
363961
364322
364914
365594
365976
366753
366948
367203
367667
368015
368026
368058
368587
368591
368612
368630
368634
369389
369608
369639
369760
369902
370774
370777
370835
371214
371783
372269
372426
372430
373288
373404
374166
374560
374571
374606
375338
375847
376002
376301
376722
377436
377466
377882
378718
378773
378818
378891
379014
379752
379765
379774
380011
380150
380444
380947
381440
381514
381524
381537
381597
381664
381922
382145
382216
382371
382773
382784
382807
382973
383931
384002
384010
384443
384581
384801
385157
385465
385485
386746
387115
387262
388643
388659
388661
388746
388753
388936
389772
390008
390384
390408
390463
390582
390941
391509
392009
392087
392101
392656
392829
392998
