96
24388
24745
25921
27938
29579
29961
38903
40223
41991
42147
50963
51496
56304
57958
58893
59788
62026
62733
63410
65266
66927
67178
68316
69959
76648
77930
79503
82456
83965
84911
87672
92121
93475
95358
96580
99974
104785
105115
106146
108777
109498
111006
111125
116617
121656
121808
123929
127459
134849
135340
140957
149159
152286
153270
154186
155848
159919
161842
162448
164402
167600
167951
173019
175802
181727
186283
189162
199159
203816
206293
218530
219086
220838
226430
231005
231958
231978
236661
240228
241731
244044
246384
249480
252869
254119
255431
268640
273238
276064
280997
281354
290001
292406
297843
302221
319167
324112
341727
342965
376476
379506
385416
386184
