object	expnum		p_ra		p_dec		f_pix
111753	1774672p	10.8272083333	2.05505555556	10.9546161562
159176	1667550p	19.0632083333	12.4533888889	6.81524954547
159176	1667560p	19.055375	12.4390277778	6.82417927917
204248	1672758p	12.9135416667	2.10341666667	5.02086103863
204248	1672759p	12.9135	2.10455555556	5.02002573583
204248	1672780p	12.913125	2.11691666667	5.01617936783
204248	1672810p	12.9128333333	2.12916666667	5.01302049476
283374	1769004p	11.3590833333	2.51061111111	4.53417612767
283374	1778891p	21.4422916667	12.9149444444	6.50261469582
