82151 1778498p 217.162625 -13.85175 71.170338328 892.971044072 7.49589920545 20.1663636364
candidates:
217.162794007 -13.8516946328 74.3390764967 891.902495002 5.09754671801 21.1628087299 no yes
217.161990822 -13.8517418885 59.2812591125 892.788050501 3.09223499195 21.7853803619 no yes

116757 1671648p 11.6174166667 2.78758333333 546.397275071 499.030668411 4.2668060078 19.0281818182
candidates:
11.6183170466 2.78730110625 529.028296372 493.51699852 3.64529766667 18.7468611014 yes yes
11.6174909336 2.78740142909 544.994296819 495.489130987 4.79461483542 18.6468061875 yes yes
# CORRECT IN OTHER RUN

129991 1705907p 238.294333333 -12.4476111111 391.081107882 406.825018564 6.56676583855 18.4518181818
candidates:
238.294730324 -12.4473772991 398.59250517 402.311310484 3.62152223528 19.6038197183 no yes
238.29415769 -12.4476015376 387.7642545 406.61676811 3.94991837351 19.5112861576 no yes

159176 1667876p 18.7085833333 11.7311388889 613.888166188 869.238118683 6.61651432035 18.8127272727
candidates:
18.7087726657 11.7316254554 617.511047238 859.863487631 3.86330654619 19.4013569001 no yes
18.7084694978 11.7310350808 611.719619795 871.231906897 3.07776794552 19.6786999608 no yes

259970 1667876p 19.1893333333 11.4353333333 896.563764822 318.319255329 6.21765828691 19.5045454545
candidates:
19.1896458768 11.4356599903 890.651571156 324.608147015 3.32283869173 19.9760197461 no yes
19.1892918361 11.435132509 897.351402267 314.44306646 2.99951499896 20.1335380027 no yes

299121 1607617p 212.947666667 -10.9541388889 280.541260298 546.345216206 4.59500093943 21.0527272727
candidates:
212.94653017 -10.9531968194 258.585907255 527.393655786 3.67244416138 21.4810544785 yes yes
212.947582727 -10.9540230365 278.918579933 544.036582637 4.97402958932 20.9131117638 yes yes
# CORRECT IN OTHER RUN

299121 1609292p 214.114958333 -12.8007222222 825.306876045 871.003976262 4.18922841552 20.86
candidates:
214.114942067 -12.8006045932 825.587440432 873.275638608 2.58202963831 22.4541075866 no yes
214.115100794 -12.8008489172 822.644347467 868.533643487 1.7224979623 22.5715261089 no yes
# bad photometry
