8839	1691923p	211.871375	-14.1928611111	181.615120479	181.993595908	0.608712004113	18.71
nearest neighbours:
211.870730609	-14.1922367892	193.779763633	194.040428986	110.964002639	13.0828393378	-2.31980635666	2.24755871068

11115	1691678p	215.279458333	-11.7603888889	213.859661652	205.175829153	0.172935377068	19.5472727273
nearest neighbours:
215.280128549	-11.7573912333	226.591295409	147.48923645	1.59819842359	24.1731021838	2.41277571459	10.7915600985
215.276331008	-11.7598990855	154.968653043	195.606912766	0.486906558415	23.4121905531	-11.2583704363	1.76329226739
215.280909784	-11.7628639568	241.11023764	252.892274552	0.399993348713	24.2358177708	5.22522172218	-8.91024459702

11115	1691911p	215.275583333	-11.7675277778	220.059154432	205.365148023	0.218542581986	19.5327272727
nearest neighbours:
215.275389391	-11.7685502839	216.367850483	225.041478855	1.20011913132	23.8332535288	-0.698193729852	-3.68102188301

11115	1692332p	215.233083333	-11.7803333333	224.047280883	203.646608081	0.430858152621	19.4872727273
nearest neighbours:
215.233683894	-11.7776149454	235.458716665	151.332215755	0.795703977317	24.417535666	2.16202013348	9.78619644847

13322	1631614p	211.360666667	-13.0832222222	224.016091754	195.625180993	1.17973992103	18.3454545455
nearest neighbours:
211.362848933	-13.0854092472	182.995747902	153.256244396	0.557328236287	22.887138436	7.85616054126	-7.8732899149
211.362839691	-13.0842660129	182.999644737	175.44993581	1.44101345934	21.8117497604	7.82288587112	-3.75764644644
211.362822277	-13.0820591588	183.000275972	218.28896574	0.274256088534	23.146938058	7.76019589703	4.18702829121
211.362820461	-13.0818148996	182.998324927	223.030256137	0.827504197482	20.896422296	7.75366009381	5.06636131476
211.362824251	-13.0823829233	183.011085126	212.004319125	0.377604554277	23.2609320898	7.76730236635	3.02147614201
211.3628304	-13.0831043637	183.002124417	198.000103612	0.291351231019	22.6909851029	7.78944070958	0.424290783128

13322	1631624p	211.357666667	-13.0831388889	229.757021153	196.465061668	1.17616345166	18.3454545455
nearest neighbours:
211.35882499	-13.0843126921	207.980954198	173.72708435	0.361927348922	24.4011791629	4.16996275037	-4.22569149344
211.358963734	-13.0859265073	205.589625577	142.401756604	0.518714399859	24.1766879572	4.66944277558	-10.0354263079

13753	1625356p	242.522541667	-12.7829166667	195.210629646	200.105822979	2.92998866617	19.1154545455
nearest neighbours:
242.522700868	-12.7805008338	198.162920765	153.568440295	10.2349135654	14.4835027793	0.573126043571	8.69699839028
242.523625608	-12.7850899183	215.59509858	241.968588728	25.7543894642	13.1400619839	3.90218820108	-7.82370580942
242.522711002	-12.785673416	198.431766892	253.207981371	6.88656020208	14.966350101	0.609607707827	-9.92429747433

13753	1625936p	242.15025	-12.7002222222	6.58606706482	197.804212634	2.98323499459	19.0863636364
nearest neighbours:
242.15073927	-12.6999950057	15.845778039	193.420226299	111.733083813	10.5268234715	1.76137315467	0.817979554618

22062	1716956p	229.50625	-12.2558888889	172.263945701	194.344057819	3.02540928338	18.1272727273
nearest neighbours:
229.507374824	-12.2558583178	193.44941802	193.765094944	111.484889616	15.6895115133	4.04936517746	0.110056032499

22943	1715399p	239.314125	-11.7580277778	177.493169713	202.109384118	3.2150539226	18.9609090909
nearest neighbours:
239.314841071	-11.7562967813	191.066163827	168.534792775	85.5522298169	11.3481150542	2.57785636759	6.23158734331
239.311739311	-11.7580745065	132.425180531	203.055103661	111.14899045	13.8835597538	-8.58848079871	-0.168223417442

22943	1715404p	239.310041667	-11.7572222222	174.658836936	201.196846088	3.21102378139	18.9609090909
nearest neighbours:
239.311094878	-11.7582415412	194.529034491	220.942119234	105.27318327	14.2053625253	3.791561613	-3.6695484268

24595	1616522p	216.755	-14.7924166667	195.726757194	182.215670754	2.88230162531	20.21
nearest neighbours:
216.756178907	-14.7930475837	173.797067068	169.984766702	0.194586681246	24.2011197648	4.24406669271	-2.27130142811

27433	1671657p	11.6210833333	2.30916666667	167.796959878	200.657101798	0.794211583136	19.8790909091
nearest neighbours:
11.6239349481	2.30995103343	222.879823075	185.882794812	0.454964396808	23.9191677095	10.2658132252	2.82372033428
11.6239408891	2.3097356257	222.979230248	190.039845721	0.161821649579	24.648036022	10.2872007769	2.04825253204

40242	1635781p	215.436125	-13.9208611111	153.138773324	99.5944888312	0.637223339201	19.3963636364
nearest neighbours:
215.436812976	-13.9201686075	166.036952781	86.2644307405	0.349179119837	24.2587976427	2.47671469571	2.49301282169

43214	1607615p	213.323333333	-13.7476111111	167.40609896	191.18315889	1.73878075418	19.4209090909
nearest neighbours:
213.323910896	-13.7472918945	156.499165651	197.272229401	0.96680629421	21.9408681036	2.07922570972	1.14917969165

46519	1729720p	18.6804166667	5.72672222222	172.892827182	199.552886642	2.25415867739	19.39
nearest neighbours:
18.6793559839	5.72633473768	193.646503185	191.927792168	108.280267939	13.9134063057	-3.81845796069	-1.39494435193

46736	1741587p	26.0767916667	14.7747222222	203.969403209	180.56384251	2.08237223016	18.82
nearest neighbours:
26.076149534	14.7758068381	191.936466883	159.351688719	9.31884960818	13.0836958224	-2.31167748224	3.90461730565

47554	1735249p	24.8026666667	14.1534722222	224.95678937	187.909992517	0.345493443108	20.0990909091
nearest neighbours:
24.801150976	14.1530609085	196.544317202	195.707824745	9.7387184619	13.320500382	-5.45648648314	-1.48072935478

47554	1735265p	24.8009583333	14.1535555556	219.081339212	186.614913695	0.373541018569	20.0990909091
nearest neighbours:
24.8019926906	14.1543307824	238.547576385	171.694638433	49.2847140514	11.9784350142	3.72368617363	2.79081676262

47601	1729275p	22.8690416667	12.0225555556	222.925806525	185.339254191	2.00176619749	20.51
nearest neighbours:
22.8708738596	12.0239956488	257.618324563	157.898780574	82.9758706318	13.8053531911	6.59589456575	5.18433563474

49538	1656889p	10.761	3.67272222222	193.52075781	199.268866155	3.26817305909	18.9
nearest neighbours:
10.7611770924	3.67249840205	190.144929791	194.940287293	6.6389911683	13.7234657212	0.63753249353	-0.805752618136
10.7614522078	3.67401116541	184.685343263	224.031785513	9.30633255933	13.1177186898	1.62794794119	4.6401954758

49538	1656889p	10.761	3.67272222222	193.52075781	199.268866155	3.26817305909	18.9
nearest neighbours:
10.7611770924	3.67249840205	190.144929791	194.940287293	6.6389911683	13.7234657212	0.63753249353	-0.805752618136
10.7614522078	3.67401116541	184.685343263	224.031785513	9.30633255933	13.1177186898	1.62794794119	4.6401954758

49604	1671651p	10.427625	2.51130555556	221.460219875	194.311100277	0.627394405416	19.5254545455
nearest neighbours:
10.4284822854	2.51010356198	204.989321717	170.990022517	0.143021589507	24.4609206807	3.08622732329	-4.32717686702

51953	1672403p	18.5500416667	11.8795277778	156.346105845	199.680665738	0.880117939264	19.1872727273
nearest neighbours:
18.5513153814	11.8789533092	180.362671524	211.009351481	0.281429119876	24.1338662671	4.58537292418	-2.06808686179

52548	1672598p	9.45708333333	3.73680555556	170.875018249	205.02421448	0.938477429142	19.7654545455
nearest neighbours:
9.45772835731	3.73567770045	183.416829223	227.196824518	0.613441706047	25.0315042086	2.32208633007	-4.0602783696

60026	1698829p	213.076791667	-13.1626666667	9.49271110963	183.865462339	3.76853335355	18.5572727273
nearest neighbours:
213.076428779	-13.1628866596	16.3374024155	179.656154502	41.855678105	11.8076435597	-1.30639643119	-0.791974553279

63183	1698865p	238.664666667	-12.8384444444	208.93967684	208.525914413	1.67767422943	18.9609090909
nearest neighbours:
238.661901896	-12.8371793127	156.931012114	183.682723916	0.245027925584	24.3377089174	-9.95317553908	4.55447442641

63305	1607631p	213.821541667	-11.3923333333	218.253523088	207.736141933	1.4956656933	20.6218181818
nearest neighbours:
213.822992104	-11.3919982718	245.946698335	201.60287488	0.361492759123	23.3299301292	5.22157265123	1.20622153694

67176	1617941p	238.592125	-12.4658888889	52.7313514981	187.935334074	2.28373357844	20.0036363636
nearest neighbours:
238.594060891	-12.4656414804	16.1125810079	192.679007691	111.192449033	10.6793728604	6.96920621058	0.890670612994

75980	1729493p	26.2850416667	14.7406388889	6.54960382231	204.845401108	3.24625174051	20.1427272727
nearest neighbours:
26.2844132851	14.7426287892	18.5308627205	244.043829154	67.9012561218	11.1508448701	-2.26217357952	7.16364115082

83108	1682237p	22.524125	14.2851944444	163.44492601	194.304197579	2.23322351182	20.0854545455
nearest neighbours:
22.5257404954	14.2859920309	193.646955702	178.983704466	111.487393439	15.6893424783	5.81578343376	2.87131109466

83108	1682250p	22.5330416667	14.28725	154.545874421	196.165483898	3.04017881341	20.0854545455
nearest neighbours:
22.5308293895	14.2881710211	113.248802073	178.249382003	1.1252256703	23.5720165907	-7.96419777026	3.31567583211

84324	1672393p	15.2875	4.00091666667	151.366453575	196.593800088	0.169073996929	19.3445454545
nearest neighbours:
15.2891216313	3.9998553313	183.027334038	217.481701734	1.34007329924	22.8771668682	5.83787259704	-3.82080732903
15.2893477144	3.99995811955	187.4415406	215.527789012	1.30574749752	22.6294854421	6.65177168012	-3.45076963648
15.2901959105	3.99952987206	204.0	223.9900023	0.93235061696	23.1519943762	9.70527792378	-4.99246059731
15.2901076678	3.99970075807	202.277669088	220.658279964	0.900292226101	23.2536880944	9.38760417483	-4.37727093504
15.2898890943	3.9999449997	198.011037009	215.879693192	3.36648614876	21.8061874301	8.6007395413	-3.4980010916

86305	1691921p	219.839875	-15.4885555556	176.621483901	189.431535923	0.316959716012	20.7472727273
nearest neighbours:
219.838928611	-15.4881938205	194.421869324	196.682329298	113.174630922	12.3912131932	-3.4069990353	1.30224603847

91611	1626161p	214.125875	-14.0791944444	123.591079819	192.595775085	3.06064074687	19.1927272727
nearest neighbours:
214.124759792	-14.0772517103	144.411031003	230.317535198	8.24946047702	13.4214203246	-4.01474793526	6.99384294848

91611	1631611p	210.446916667	-12.2333055556	172.697173105	196.246932215	0.86749775522	19.8263636364
nearest neighbours:
210.449753429	-12.2321922197	226.336749899	175.036886944	1.42972433039	23.9630254343	10.2123439083	4.00800905739

91611	1635766p	210.643083333	-12.0140555556	164.503615586	198.185341299	0.840209641667	20.1490909091
nearest neighbours:
210.64346479	-12.0166228346	171.38342098	248.17226433	0.531415093857	24.7739066184	1.37324539759	-9.24220439918
210.645437872	-12.0154734354	208.86542066	225.860792134	0.35319922577	24.2375232258	8.476338558	-5.10436728936

92188	1716712p	232.967916667	-11.2536666667	178.262824034	198.78273145	2.92628762489	20.1463636364
nearest neighbours:
232.967876714	-11.2537712185	177.489879854	200.804286869	0.854604984606	17.8608091774	-0.143830294132	-0.376386726503

92188	1717114p	232.629041667	-11.1811666667	182.457565378	199.103646297	2.85643003885	20.18
nearest neighbours:
232.62792433	-11.1818893798	161.282046814	213.018073225	0.31626943522	24.0535189894	-4.02241096234	-2.60176710568

92188	1721436p	229.799291667	-10.732	-30.566936435	194.966129524	1.76644406115	20.4918181818
nearest neighbours:
229.801727703	-10.7337254103	15.7037871126	228.259896848	92.4074412653	10.7993212598	8.76972962417	-6.21147693778

92213	1625660p	242.64	-13.4719722222	185.498015437	203.239245473	2.99793083084	19.8327272727
nearest neighbours:
242.641133502	-13.4709135945	206.833204801	182.611989478	0.660334109763	22.8666910039	4.0806063413	3.81105975026

94320	1607625p	212.8515	-12.3906666667	172.612155054	191.449882141	1.6955504504	19.6454545455
nearest neighbours:
212.849759901	-12.3924836386	206.04104214	156.736935375	0.215521252008	24.2396465443	-6.2643568872	-6.54109911169
212.848847605	-12.3894831067	223.051205357	215.497795953	0.525687635868	24.4923081154	-9.5486220464	4.26081592339

96575	1635786p	240.82825	-13.6555555556	224.972694836	193.410173684	1.69115372621	20.3718181818
nearest neighbours:
240.827576708	-13.6567639121	237.635172923	170.139634411	57.8781982186	11.4801457397	-2.42385044116	-4.35008357134

96604	1729499p	28.1164583333	15.78375	159.080711854	207.958334035	3.67624489535	19.5618181818
nearest neighbours:
28.1146195879	15.7830668299	193.298853314	195.073322994	109.0758668	14.1095389909	-6.61948343311	-2.45941233786

97443	1729712p	15.811	5.59344444444	172.1303319	208.520313213	1.02338739942	20.5236363636
nearest neighbours:
15.8087385655	5.59445391375	215.516593687	228.327694137	1.38945561751	23.1704053714	-8.14116434455	3.63408949878

101903	1692671p	243.160125	-16.4805833333	173.688422318	186.882268947	1.62031563371	20.3363636364
nearest neighbours:
243.159844471	-16.4802697413	178.852305102	192.940785976	111.191389309	11.2129155737	-1.00990306539	1.12893119014

104752	1667880p	21.608125	12.5125555556	182.533226732	191.24714911	3.0897916236	19.83
nearest neighbours:
21.6088113971	12.5096508227	195.541766253	247.4514588	73.079849568	14.0949410303	2.47102956112	-10.4570383315

104752	1681689p	18.933375	10.0823333333	232.352282381	196.804380942	1.85468715115	20.8381818182
nearest neighbours:
18.9338973138	10.0829201741	222.380443269	208.166454663	0.569963145302	24.1166500731	1.88032974768	2.11262676601

106234	1692181p	214.637875	-11.1265	211.943694975	208.786482458	0.199628068376	19.3118181818
nearest neighbours:
214.63816805	-11.124049277	217.926128299	161.073084131	0.396882836558	24.2645419977	1.05498090596	8.82260281444

106234	1698312p	212.450125	-10.8276666667	221.955326801	206.632832958	2.54709161761	18.77
nearest neighbours:
212.448195054	-10.8252395606	185.447499664	159.206805595	5.79803643197	15.1270901652	-6.94780605364	8.73758186893
212.449062416	-10.8259948286	201.955612563	173.945098717	31.7011500368	12.650553126	-3.82530179043	6.01861707447

112990	1778898p	23.6452083333	14.5661388889	168.804709113	199.15909737	3.84588138947	20.1490909091
nearest neighbours:
23.6469748279	14.5663813749	202.052075933	194.629821231	111.561352788	12.3715402328	6.35938048592	0.872949678872

115471	1735266p	24.7659166667	15.2079722222	222.607172635	186.288745147	0.534058252437	20.0281818182
nearest neighbours:
24.7678142198	15.2084908041	258.041609084	176.438383047	0.761818340328	24.2881996901	6.83119112996	1.86689477338

116333	1681963p	23.2169583333	14.6926111111	165.490929019	194.419396241	1.62566746326	20.5672727273
nearest neighbours:
23.21846034	14.6926886506	193.784700403	193.145347426	112.909167438	15.2117741926	5.40722416267	0.279142333862

117598	1756828p	47.4653333333	15.4303611111	190.933461964	191.475451216	4.65203166456	18.7427272727
nearest neighbours:
47.4656153931	15.428446981	195.907498721	228.594802048	110.878130998	14.2671705495	1.01541523976	-6.8908682409

118402	1716950p	231.742958333	-12.6306666667	17.9496374162	205.533320622	2.92489053783	20.24
nearest neighbours:
231.74311976	-12.6316268042	20.8686758123	224.247672702	5.17102554605	14.8641691236	0.581136220899	-3.45649499219

118402	1721437p	228.77525	-12.0123333333	164.336700259	195.765194764	1.7054844177	20.59
nearest neighbours:
228.772622977	-12.0133953038	114.473792818	216.217001311	0.740385743133	17.4958437461	-9.45728419798	-3.82309376219

118426	1691914p	216.155416667	-14.2959722222	208.89327862	204.823756244	0.287382875935	20.9418181818
nearest neighbours:
216.156173089	-14.2981086559	223.004935701	246.000696834	0.796808700816	24.2897962117	2.7231207809	-7.69116138691

118426	1698327p	214.437916667	-13.1943055556	208.491930609	205.709333001	2.35704294198	20.3327272727
nearest neighbours:
214.437149821	-13.1936549476	193.983241108	193.081693217	106.236221904	14.3625008664	-2.76064586072	2.34218870042

118934	1705891p	239.694416667	-12.1502777778	10.9543478661	188.979195962	3.01508748857	19.9154545455
nearest neighbours:
239.693692392	-12.1502544824	24.6482235938	189.513391851	10.2110246277	13.8576479377	-2.60738800494	0.08386348511

121773	1631362p	213.116416667	-10.8831666667	160.141532637	192.387964113	1.16293428344	20.2390909091
nearest neighbours:
213.117802854	-10.8837564908	186.483895482	203.849606451	0.518092134049	24.2488504092	4.99027410043	-2.1233668395

133327	1735253p	26.16975	14.8919166667	14.9402714648	211.708759734	0.305173811953	19.8690909091
nearest neighbours:
26.1696869763	14.8915858821	16.1256307519	205.290116959	19.3686557638	12.2386665472	-0.226885388697	-1.19082454721

133327	1735269p	26.1707083333	14.8928333333	0.252731392995	213.468511868	0.274947722368	19.8690909091
nearest neighbours:
26.169632473	14.8910917928	20.4928738658	179.825630142	19.650241454	12.7332701771	-3.87309732525	-6.26954585318

133327	1736561p	26.1855	14.9231111111	162.252333108	213.925409687	0.283204124915	19.75
nearest neighbours:
26.1879211454	14.9245899588	116.487724309	242.148181835	0.353698797246	22.8910193974	8.71612347085	5.32385178195

133327	1736590p	26.1834166667	14.923	173.500267232	215.336339273	0.32430135231	19.75
nearest neighbours:
26.1814326197	14.9209465035	210.969645058	175.81052218	2.31549478691	22.660986324	-7.14256898632	-7.39258748478
26.1849943273	14.9255619281	143.719722277	264.846198954	1.02823827244	23.1658576571	5.67957830865	9.22294125044
26.1842485651	14.9249754597	157.808593295	253.597808657	0.622635527623	25.4802397616	2.9948343401	7.11165505068
26.1816995437	14.9243976548	205.985508617	242.916714888	0.101229805955	23.876264495	-6.18164251563	5.03155730828

134091	1729024p	12.2014166667	2.46927777778	174.510542206	201.792106735	0.851253116651	20.9045454545
nearest neighbours:
12.2008940342	2.46995002311	184.626565991	214.879677868	17.314504235	12.6151103147	-1.88147691556	2.42008318834

152260	1715888p	244.063458333	-14.1673611111	207.971912314	190.948351406	3.24532073511	20.7036363636
nearest neighbours:
244.064798279	-14.1696665626	182.983920599	146.005160514	0.0995145619912	24.9380607831	4.82380378253	-8.29962544614

152260	1721619p	239.150083333	-13.4573055556	225.518401596	193.071039463	2.2526737547	21.2109090909
nearest neighbours:
239.151773514	-13.4565832513	193.85202948	206.924602292	113.888380539	13.4260300752	6.08464925922	2.60029537909
239.148251798	-13.4560715873	259.791035532	216.909463535	19.6651382657	12.6864593702	-6.59352607677	4.4422858892

152260	1728436p	237.113416667	-13.6354444444	165.613239112	201.207241286	0.493065376138	21.6354545455
nearest neighbours:
237.113439166	-13.635203874	166.020835049	196.512546303	110.372323408	18.6766251785	0.0809977538097	0.866053752866
237.11238591	-13.6348488332	145.997094007	189.35154846	0.234580348363	24.2291696881	-3.71072352729	2.1442003451

158590	1729274p	24.347	13.9432777778	-9.2569503724	200.91638862	2.5445228582	20.5927272727
nearest neighbours:
24.3457810777	13.9436957813	14.0639555345	209.540627799	107.778327805	11.0430741387	-4.38812019247	1.50481264692

163530	1668257p	14.200875	4.87644444444	241.944768251	186.534898497	2.41315384172	19.1763636364
nearest neighbours:
14.2006907152	4.87583478938	245.504669092	174.755489558	12.5316868174	13.3423598125	-0.663425456542	-2.19475824401

181953	1691672p	213.147875	-13.672	168.932756416	184.295556129	0.3946909786	20.8518181818
nearest neighbours:
213.149460015	-13.6734913503	139.143772248	155.368844991	0.564773330022	23.9490276195	5.70605314335	-5.36886125156
213.148363707	-13.6744488359	159.914863139	136.997275244	0.0740060675222	23.4878154284	1.75934651822	-8.81580907414
213.146063055	-13.6733977621	203.244383769	157.496190039	0.310254952701	23.2289295284	-6.52300051122	-5.03194342369

181953	1692179p	213.14375	-13.7382222222	181.888311172	184.492755557	0.380900246871	20.7963636364
nearest neighbours:
213.142996089	-13.7371118808	196.046341408	206.019175929	0.209194159884	23.2592389384	-2.71408041355	3.99722926633

184235	1691673p	213.673416667	-13.006	223.310324889	208.960860804	0.608483062216	20.6145454545
nearest neighbours:
213.676264443	-13.0048599855	276.962877205	187.003518399	0.147407215672	23.8595708471	10.2519965466	4.10405217651

184235	1691906p	213.698708333	-13.0343611111	226.064399351	210.882846442	0.545538543868	20.5954545455
nearest neighbours:
213.69857953	-13.0335516609	223.654501556	195.133931904	1.16744401459	23.3508628973	-0.463690996946	2.91402058864

184639	1691913p	212.651166667	-14.3024166667	60.9232355138	188.755759254	0.63156590226	21.2618181818
nearest neighbours:
212.648942986	-14.3003677031	102.684489977	228.835357219	8.34340890953	18.1620339058	-8.00525205912	7.37626881871
212.653578504	-14.3019660782	15.6418375361	197.149671441	112.727415997	10.786068947	8.68261391463	1.62211857125

184639	1691923p	212.650125	-14.3030277778	76.6337125925	189.09737019	0.631442696574	21.2618181818
nearest neighbours:
212.648136705	-14.3029941923	113.963999537	190.036559675	0.169128820858	24.8836229814	-7.15786114499	0.120907685751
212.648934971	-14.3003663949	99.0006761098	240.911466839	7.82060808761	18.1915944385	-4.28410548217	9.58097819282
212.647962783	-14.301753196	117.240409378	214.142532445	0.968370675801	23.3797946977	-7.78398130224	4.58849426031

184924	1704877p	239.46975	-13.8698888889	18.5271898092	203.795636707	2.81095135853	20.68
nearest neighbours:
239.469659621	-13.8724690486	16.5885691644	253.561711326	75.1843711765	10.7958393531	-0.32536397149	-9.28857489553

184924	1716714p	233.919208333	-12.2673888889	-11.2484363985	199.745425141	3.11006842744	20.6954545455
nearest neighbours:
233.921066416	-12.2668313453	24.2095761243	188.793054839	10.5677676069	14.3590613178	6.689097842	2.0071570963

191489	1752061p	23.122625	13.9094722222	14.8522633801	199.02518022	4.62078566331	19.3781818182
nearest neighbours:
23.1225581779	13.9064914692	15.8664992958	141.339380266	34.8071589166	12.1790695253	-0.240559538599	-10.7307109451
23.122639194	13.9116507097	14.7630641371	241.183959688	18.800564297	12.8039493405	0.0510983203526	7.84255495305

191999	1729719p	18.7230833333	5.28469444444	222.489443733	189.210392909	1.25642025243	21.0790909091
nearest neighbours:
18.7243537167	5.28260507648	246.726254035	229.746956239	0.369607594788	23.4135431287	4.57338017855	-7.52172466597

195978	1742026p	27.300125	13.9526944444	205.448917168	183.367691807	2.47657835251	20.4309090909
nearest neighbours:
27.2974735373	13.9527828847	155.88955717	181.302972865	0.415625964932	23.7600158095	-9.54526566558	0.318384811232
27.3027500699	13.952054369	254.444775595	196.046770981	0.373706015599	24.1605670031	9.45025161633	-2.30427151617

202368	1646302p	21.554375	13.3865555556	170.552870359	207.229735552	0.77151672477	21.0
nearest neighbours:
21.5548308118	13.3857687713	162.008393804	192.007646785	0.0796050264901	24.1975058514	1.64092264916	-2.83242338232

224977	1607624p	212.496666667	-12.4103611111	170.745273072	191.268112573	2.06231419074	20.9345454545
nearest neighbours:
212.49429658	-12.4111580886	215.569211765	176.390857608	1.37472790449	23.1661106642	-8.53231225346	-2.86911909863
212.496865197	-12.4084603777	166.613507947	228.092266439	0.347555164599	24.3507122037	0.714707433281	6.84264026556

224977	1607625p	212.497208333	-12.4106388889	172.276596734	191.780754922	2.06139177334	20.9345454545
nearest neighbours:
212.494176089	-12.4111294972	229.512995546	183.006906035	1.09412489964	25.0411606414	-10.9160783508	-1.76619007435

224977	1607626p	212.497791667	-12.4109444444	171.863760996	191.918430645	2.06044829659	20.9345454545
nearest neighbours:
212.496603443	-12.4101310015	194.089289464	207.996827162	0.15363540024	23.7707669607	-4.27760603648	2.92839454736

226491	1734912p	24.9655833333	6.77591666667	220.737783442	185.523255665	0.161173125998	20.4581818182
nearest neighbours:
24.9645864011	6.77476350145	201.335394508	207.715219887	2.05756525113	22.6488461332	-3.58895613581	-4.15139478734

228966	1752077p	17.3392916667	4.67522222222	213.778748427	197.353035204	4.42338462752	19.4863636364
nearest neighbours:
17.3403200993	4.67546110689	193.983147595	201.982216475	105.155433022	13.9486093641	3.70235731708	0.859984800038

228966	1752079p	17.3370416667	4.67480555556	215.7007767	197.295557191	4.42513616949	19.4863636364
nearest neighbours:
17.3376271333	4.67347754553	204.396245716	171.436538681	9.0222664005	14.1705841804	2.10768002915	-4.78083610152
17.3374879092	4.67578022723	207.13336059	216.25694036	34.1202982876	12.8679523365	1.60647315508	3.50881804368
17.336828754	4.6761480673	219.832503788	223.42791331	6.93866529289	15.291517099	-0.766485688436	4.83304228853

232937	1778892p	21.52075	13.3695	222.753970716	199.687180346	3.76945001349	21.3954545455
nearest neighbours:
21.5205811072	13.3694046103	225.997101539	197.813492345	1.13034165824	23.7524198179	-0.608014004814	-0.343402778552

234969	1672404p	19.083625	12.8956388889	149.554050296	202.407021695	0.463232800127	20.2009090909
nearest neighbours:
19.084594242	12.8948143821	167.871492791	218.426246039	2.23709709082	24.1981738012	3.48927114406	-2.96822458196

235531	1667551p	20.8614166667	11.3510277778	19.255787981	198.935322768	3.09902248057	20.67
nearest neighbours:
20.8615624682	11.3507025953	16.5282184157	192.652919307	66.8616568069	11.1543707221	0.524885479835	-1.17065694739

235531	1667551p	20.8614166667	11.3510277778	19.255787981	198.935322768	3.09902248057	20.67
nearest neighbours:
20.8615624682	11.3507025953	16.5282184157	192.652919307	66.8616568069	11.1543707221	0.524885479835	-1.17065694739

236889	1672400p	19.7271666667	11.9585277778	151.814442417	192.080136071	0.410486967767	20.2581818182
nearest neighbours:
19.7275740194	11.9579092708	159.427918276	204.018624686	0.536712642075	22.6576370147	1.4664699191	-2.22662499556

237229	1651341p	25.7724583333	13.4966944444	230.592081103	183.41666717	0.788946886785	20.7363636364
nearest neighbours:
25.7728032231	13.494003146	237.010143949	235.486480788	0.512669973072	24.582220769	1.2416029953	-9.68867451815

260291	1635434p	237.431041667	-12.7223611111	45.2055327307	195.046517742	1.61290777091	21.33
nearest neighbours:
237.429500066	-12.7222909858	16.0898251819	193.576035482	111.122504871	10.7082209092	-5.54976089742	0.252451244818

261761	1635429p	235.342416667	-11.5832777778	221.77524181	190.852363592	1.41527746187	21.0763636364
nearest neighbours:
235.341774891	-11.5862369922	234.220286779	133.710183824	0.399135580354	23.1523758148	-2.31039355082	-10.6531719126

264006	1631361p	212.348208333	-12.6063333333	229.6190402	198.621551218	1.24365473334	21.9845454545
nearest neighbours:
212.349237411	-12.606575199	210.033045091	194.022525782	1.66274639628	16.5211440144	3.7046782374	-0.870716327091
212.348794202	-12.6065748342	218.489349139	193.968924091	3.44247109439	18.1696595776	2.10912712058	-0.869403244027

265922	1778898p	24.4559166667	14.5696666667	175.685096394	197.584400313	3.12090595309	22.3372727273
nearest neighbours:
24.4558797342	14.5697365493	174.992322088	196.234515321	1.03248841876	24.6832011664	-0.132956755903	0.251577459888

265967	1734912p	24.2986666667	7.12458333333	215.842490809	188.590275948	0.624377732993	21.4709090909
nearest neighbours:
24.298155814	7.12470823478	205.970525052	185.994532156	0.0676656360207	24.1404910186	-1.83906946209	0.44964521581

265967	1736290p	24.1372083333	6.89780555556	226.965821732	193.705402382	1.00994175848	21.3736363636
nearest neighbours:
24.1356658157	6.89938181852	197.158729103	162.575420691	53.0469464346	11.5217276354	-5.55306365202	5.67454667495

266722	1625360p	240.36025	-13.6686944444	196.808505072	188.532075593	3.10634527103	20.5727272727
nearest neighbours:
240.360510879	-13.6694496396	191.93803011	173.976988839	11.0730039729	13.9129345738	0.939165153147	-2.71870272253
240.360587868	-13.6675593207	190.448488405	210.420827927	6.77938227193	14.3168947027	1.21632446379	4.08644531361

272013	1645235p	14.8911666667	4.30233333333	227.980964388	188.761808464	0.452290098269	21.4281818182
nearest neighbours:
14.8915781618	4.30324402711	235.99997586	171.203007503	1.86759918936	18.6422467007	1.4813825762	3.27849761084
14.8915769954	4.30360978475	235.999952487	164.145987302	1.95990533322	18.2213608798	1.47718359668	4.59522511055
14.8915815362	4.30218023941	235.999937501	191.727896609	3.1907665834	17.8129091753	1.49353031302	-0.551138109851
14.8915798721	4.30271113915	236.000297812	181.484651441	1.52649187762	19.0911898992	1.48753963569	1.36010095057
14.891585055	4.30106583612	235.99997194	213.229215744	1.80760297601	18.7005216932	1.50619810074	-4.56298998024
14.8915836427	4.30151304199	235.999905552	204.600835664	1.85206791722	18.2065927519	1.50111361454	-2.95304884299

291222	1617722p	241.0785	-12.2563888889	215.411230439	209.551875294	1.99076411602	20.4772727273
nearest neighbours:
241.077491718	-12.2551836292	196.558983296	186.083473917	1.15960526536	22.6188326771	-3.62981687725	4.33893479396

293350	1631610p	210.036708333	-9.92386111111	165.113339607	194.443700622	0.314017445062	20.7454545455
nearest neighbours:
210.034684615	-9.92559693286	126.152975281	227.909264661	0.575714159584	23.1938334373	-7.2853863974	-6.24895828509
210.033797014	-9.92344910156	109.496146264	186.353483148	1.02382704787	23.1997425073	-10.4807505194	1.48323438268

293350	1631620p	210.036333333	-9.92319444444	159.837524439	195.049039278	0.316133131157	20.7454545455
nearest neighbours:
210.033809472	-9.92344507403	111.532083852	199.789002506	0.635339148543	23.2503826939	-9.08590170187	-0.902266516962

308579	1705922p	238.320625	-12.9998888889	204.604553849	188.822883637	2.99292656248	21.1081818182
nearest neighbours:
238.321529583	-13.0008720341	187.728421285	169.828385646	17.3138372886	12.8927443081	3.25649896604	-3.53932287057
238.321624159	-12.9986977239	185.765983865	211.682465871	8.16961177495	13.1806251358	3.59697373649	4.28819382276

309131	1728411p	212.106333333	-11.0101944444	222.027578333	198.766870124	1.63010156556	22.36
nearest neighbours:
212.106334817	-11.0102226732	222.005645734	198.214434904	0.561075625799	24.4831193097	0.00534150520934	-0.101623645396

311976	1607619p	211.765375	-12.9835555556	165.723744602	188.529957104	1.70562731336	20.9345454545
nearest neighbours:
211.765554465	-12.9825941947	162.177500832	207.122233946	0.424067221725	24.6260184843	0.64607416781	3.46089909236

314524	1630543p	239.128166667	-12.6439444444	218.802621082	189.778883825	3.10370583349	19.8818181818
nearest neighbours:
239.127862594	-12.6441867127	224.554759091	185.082448736	49.7717130737	17.4351416938	-1.09466074809	-0.872165787553

365692	1617937p	238.245916667	-13.1739166667	13.3230102761	187.388560035	2.41681391194	21.37
nearest neighbours:
238.245773791	-13.1735705599	16.0028569274	194.103277723	111.508959609	10.6458390521	-0.514351542427	1.24598429706

378428	1646295p	20.6264166667	12.7817777778	163.438318482	213.487758761	1.79132262645	21.4563636364
nearest neighbours:
20.6271029262	12.7846961101	150.624599925	270.270727368	0.499287458281	24.6220465016	2.47053418139	10.5059964646

384660	1646303p	20.64225	11.6081388889	180.359342226	189.896220179	0.67182875475	21.27
nearest neighbours:
20.6431699683	11.6080374837	197.855336105	191.808268412	0.427924387111	24.9262289953	3.31188573668	-0.36505873166

384660	1651192p	20.2570416667	11.4323888889	211.664014537	186.769201325	1.41734620082	20.9090909091
nearest neighbours:
20.2549927706	11.4335634369	172.953708628	163.992134609	0.142676079931	24.6876277174	-7.37602576405	4.22837289635
20.2546754107	11.4336705147	166.951784379	161.916956832	0.0933394515089	23.9842075952	-8.51852131508	4.61385283021

