
comet 942274p 342.856275 9.989905 197.977098106 195.673863943 1.5 21.2333333333
candidates:
342.855724144 9.99122046894 208.589284185 221.122470651 0.978776132529 8.9601932708 yes no
342.856240569 9.98998720828 198.640449779 197.264265838 1.80501935911 6.66356801462 yes no

238P 1691904p 213.223541667 -12.6009444444 170.26825912 188.623686647 0.469644601082 24.6436363636
candidates:
213.220775563 -12.6027996186 222.801646894 152.796033725 0.442205140398 24.2966080037 yes yes
213.220087771 -12.603610857 235.894163442 137.128662863 0.425447422129 24.460797776 yes yes
213.220166373 -12.5988163967 234.014277626 229.712298257 0.375627254002 23.5352769947 yes yes

