
P-2012-F5	1645963p	244.087	-12.8265833333	161.462705288	196.700764863	1.16471388869	20.19
nearest neighbours:
244.085099386	-12.8266138869	125.654067176	197.282352659	0.540970910878	23.3672077066	-6.84220972764	-0.109992808263
244.082130839	-12.8233892412	69.9819398257	134.997221326	0.0985517039375	24.4087210321	-17.5289809297	11.4987316043
244.082409117	-12.8261071919	75.0137783726	187.485358604	0.643870345947	22.4970256059	-16.5271781361	1.71410932037
244.086879306	-12.8264942673	159.195815142	194.980272591	0.572677172696	24.1771992283	-0.434498171842	0.320637723527
244.09133347	-12.8283611778	242.969400227	231.051610073	0.111575825169	23.3757561315	15.6004936124	-6.40023993185

P-2012-F5	1645964p	244.087375	-12.82675	161.305860058	196.17262696	1.16602320606	20.19
nearest neighbours:
244.082412366	-12.8261139551	67.8662308203	183.868624883	0.506196838924	22.7323933824	-17.86548309	2.28976170007
244.085093775	-12.8266177466	118.339521568	193.608997412	0.683174292493	24.1107197866	-8.21240869592	0.476112093181
244.088440576	-12.8314906813	181.011077535	287.719874113	0.246896541983	23.8014576514	3.83607406023	-17.0664525691
244.092457218	-12.8279301459	256.968007968	218.983267424	0.103412783258	23.1822391271	18.2959855287	-4.24852540218

P-2012-F5	1645962p	244.086625	-12.8264444444	162.675400906	196.338882972	1.16349907081	20.19
nearest neighbours:
244.082407533	-12.8261159389	83.2473382669	189.977500106	0.209547322242	22.4451701104	-15.1828798917	1.18261997662
244.086551718	-12.8263513625	161.302059279	194.541032155	0.719071460848	24.1540194245	-0.263813943798	0.335095165459
244.085102633	-12.8266088326	133.981298115	199.507230134	0.545436173551	23.2768290076	-5.48052103468	-0.591797325832
244.081102721	-12.8268328493	58.6123684166	203.815653555	0.496416773192	24.2832069022	-19.8802031263	-1.39825754939

P-2012-F5	1645963p	244.087	-12.8265833333	161.462705288	196.700764863	1.16471388869	20.19
nearest neighbours:
244.085099386	-12.8266138869	125.654067176	197.282352659	0.540970910878	23.3672077066	-6.84220972764	-0.109992808263
244.082130839	-12.8233892412	69.9819398257	134.997221326	0.0985517039375	24.4087210321	-17.5289809297	11.4987316043
244.082409117	-12.8261071919	75.0137783726	187.485358604	0.643870345947	22.4970256059	-16.5271781361	1.71410932037
244.086879306	-12.8264942673	159.195815142	194.980272591	0.572677172696	24.1771992283	-0.434498171842	0.320637723527
244.09133347	-12.8283611778	242.969400227	231.051610073	0.111575825169	23.3757561315	15.6004936124	-6.40023993185

P-2012-F5	1645964p	244.087375	-12.82675	161.305860058	196.17262696	1.16602320606	20.19
nearest neighbours:
244.082412366	-12.8261139551	67.8662308203	183.868624883	0.506196838924	22.7323933824	-17.86548309	2.28976170007
244.085093775	-12.8266177466	118.339521568	193.608997412	0.683174292493	24.1107197866	-8.21240869592	0.476112093181
244.088440576	-12.8314906813	181.011077535	287.719874113	0.246896541983	23.8014576514	3.83607406023	-17.0664525691
244.092457218	-12.8279301459	256.968007968	218.983267424	0.103412783258	23.1822391271	18.2959855287	-4.24852540218

